N_times
i	r_arr		v_i_n	tau_i
0	[0.44548542]	0.38247	0.28964
1	[0.4124865]	0.45432	0.53887
2	[0.0736583]	0.09505	0.09769
3	[0.02367588]	0.032	0.02952
4	[0.01052261]	0.01351	0.0125
5	[0.00589266]	0.00776	0.00733
6	[0.00401773]	0.00469	0.00483
7	[0.0033481]	0.00329	0.00403
8	[0.00360565]	0.00292	0.00432
9	[0.00618112]	0.00263	0.00627
10	[0.01112601]	0.00137	0.00499
N_avar=17380.0
T_avar=[12564.55294]

Average number of individs A1:
r_arr:[0.94566]
v_i_n_test:0.94516
tau_i_test:1.10754
Max_v_i_differ=0.45097
Max_tau_i_differ:0.53552
R_i_n2:=[6646. 7894. 1652.  557.  235.  135.   82.   58.   51.   46.   24.]
v_i_n2:[0.38247 0.45432 0.09505 0.032   0.01351 0.00776 0.00469 0.00329 0.00292
 0.00263 0.00137]
tau_i2:[0.28964 0.53887 0.09769 0.02952 0.0125  0.00733 0.00483 0.00403 0.00432
 0.00627 0.00499]
