N_times
i	r_arr		v_i_n	tau_i
0	[0.44548542]	0.37587	0.28252
1	[0.4124865]	0.44601	0.52373
2	[0.0736583]	0.09365	0.09527
3	[0.02367588]	0.03488	0.03371
4	[0.01052261]	0.01709	0.01549
5	[0.00589266]	0.00979	0.00935
6	[0.00401773]	0.0066	0.0067
7	[0.0033481]	0.00438	0.0049
8	[0.00360565]	0.00393	0.00561
9	[0.00618112]	0.00498	0.01182
10	[0.01112601]	0.00282	0.01091
N_avar=17414.0
T_avar=[12756.62673]

Average number of individs A1:
r_arr:[0.94566]
v_i_n_test:1.02998
tau_i_test:1.25897
Max_v_i_differ=0.44267
Max_tau_i_differ:0.52038
R_i_n2:=[6542. 7764. 1631.  608.  299.  170.  116.   77.   69.   88.   50.]
v_i_n2:[0.37587 0.44601 0.09365 0.03488 0.01709 0.00979 0.0066  0.00438 0.00393
 0.00498 0.00282]
tau_i2:[0.28252 0.52373 0.09527 0.03371 0.01549 0.00935 0.0067  0.0049  0.00561
 0.01182 0.01091]
