N_times
i	r_arr		v_i_n	tau_i
0	[0.44548542]	0.37883	0.2844
1	[0.4124865]	0.45076	0.53273
2	[0.0736583]	0.09485	0.09714
3	[0.02367588]	0.03316	0.03193
4	[0.01052261]	0.01563	0.01434
5	[0.00589266]	0.00833	0.00772
6	[0.00401773]	0.00528	0.00566
7	[0.0033481]	0.00418	0.00509
8	[0.00360565]	0.00333	0.00498
9	[0.00618112]	0.00356	0.00835
10	[0.01112601]	0.00207	0.00767
N_avar=17028.0
T_avar=[12424.64879]

Average number of individs A1:
r_arr:[0.94566]
v_i_n_test:0.98443
tau_i_test:1.18004
Max_v_i_differ=0.44741
Max_tau_i_differ:0.52938
R_i_n2:=[6450. 7676. 1615.  566.  266.  142.   90.   71.   57.   60.   35.]
v_i_n2:[0.37883 0.45076 0.09485 0.03316 0.01563 0.00833 0.00528 0.00418 0.00333
 0.00356 0.00207]
tau_i2:[0.2844  0.53273 0.09714 0.03193 0.01434 0.00772 0.00566 0.00509 0.00498
 0.00835 0.00767]
