N_times
i	r_arr		v_i_n	tau_i
0	[0.44548542]	0.38371	0.29175
1	[0.4124865]	0.4563	0.54557
2	[0.0736583]	0.09652	0.09943
3	[0.02367588]	0.03375	0.03187
4	[0.01052261]	0.01398	0.01243
5	[0.00589266]	0.00654	0.00599
6	[0.00401773]	0.0037	0.00378
7	[0.0033481]	0.0023	0.00259
8	[0.00360565]	0.0017	0.00243
9	[0.00618112]	0.00113	0.00284
10	[0.01112601]	0.00036	0.00132
N_avar=16742.0
T_avar=[12101.77063]

Average number of individs A1:
r_arr:[0.94566]
v_i_n_test:0.90488
tau_i_test:1.01872
Max_v_i_differ=0.45295
Max_tau_i_differ:0.54222
R_i_n2:=[6.424e+03 7.640e+03 1.616e+03 5.660e+02 2.340e+02 1.100e+02 6.200e+01
 3.800e+01 2.900e+01 1.900e+01 6.000e+00]
v_i_n2:[3.8371e-01 4.5630e-01 9.6520e-02 3.3750e-02 1.3980e-02 6.5400e-03
 3.7000e-03 2.3000e-03 1.7000e-03 1.1300e-03 3.6000e-04]
tau_i2:[0.29175 0.54557 0.09943 0.03187 0.01243 0.00599 0.00378 0.00259 0.00243
 0.00284 0.00132]
