N_times
i	r_arr		v_i_n	tau_i
0	[0.44548542]	0.37633	0.28122
1	[0.4124865]	0.44559	0.51996
2	[0.0736583]	0.09109	0.09152
3	[0.02367588]	0.03239	0.03063
4	[0.01052261]	0.01653	0.015
5	[0.00589266]	0.0096	0.00924
6	[0.00401773]	0.00682	0.00688
7	[0.0033481]	0.00553	0.00625
8	[0.00360565]	0.00492	0.00751
9	[0.00618112]	0.00689	0.01579
10	[0.01112601]	0.00432	0.01599
N_avar=17412.0
T_avar=[12761.51271]

Average number of individs A1:
r_arr:[0.94566]
v_i_n_test:1.06326
tau_i_test:1.34821
Max_v_i_differ=0.44224
Max_tau_i_differ:0.51661
R_i_n2:=[6548. 7755. 1587.  565.  289.  168.  120.   98.   86.  120.   76.]
v_i_n2:[0.37633 0.44559 0.09109 0.03239 0.01653 0.0096  0.00682 0.00553 0.00492
 0.00689 0.00432]
tau_i2:[0.28122 0.51996 0.09152 0.03063 0.015   0.00924 0.00688 0.00625 0.00751
 0.01579 0.01599]
