N_times
i	r_arr		v_i_n	tau_i
0	[0.44548542]	0.38475	0.29203
1	[0.4124865]	0.45618	0.54221
2	[0.0736583]	0.09355	0.09512
3	[0.02367588]	0.03103	0.02903
4	[0.01052261]	0.01423	0.01357
5	[0.00589266]	0.00765	0.00695
6	[0.00401773]	0.00404	0.00413
7	[0.0033481]	0.00307	0.00385
8	[0.00360565]	0.00241	0.00381
9	[0.00618112]	0.00205	0.00501
10	[0.01112601]	0.00103	0.00428
N_avar=16583.0
T_avar=[11957.64814]

Average number of individs A1:
r_arr:[0.94566]
v_i_n_test:0.9253
tau_i_test:1.07867
Max_v_i_differ=0.45283
Max_tau_i_differ:0.53886
R_i_n2:=[6380. 7565. 1552.  515.  236.  127.   67.   51.   40.   34.   17.]
v_i_n2:[0.38475 0.45618 0.09355 0.03103 0.01423 0.00765 0.00404 0.00307 0.00241
 0.00205 0.00103]
tau_i2:[0.29203 0.54221 0.09512 0.02903 0.01357 0.00695 0.00413 0.00385 0.00381
 0.00501 0.00428]
