N_times
i	r_arr		v_i_n	tau_i
0	[0.44548542]	0.37908	0.28529
1	[0.4124865]	0.45003	0.53138
2	[0.0736583]	0.09548	0.09903
3	[0.02367588]	0.03428	0.03187
4	[0.01052261]	0.01504	0.01416
5	[0.00589266]	0.00829	0.00794
6	[0.00401773]	0.0052	0.0055
7	[0.0033481]	0.00412	0.00481
8	[0.00360565]	0.00335	0.00513
9	[0.00618112]	0.00332	0.00786
10	[0.01112601]	0.00183	0.00702
N_avar=17502.0
T_avar=[12733.47787]

Average number of individs A1:
r_arr:[0.94566]
v_i_n_test:0.98046
tau_i_test:1.17004
Max_v_i_differ=0.44668
Max_tau_i_differ:0.52803
R_i_n2:=[6635. 7876. 1671.  600.  264.  144.   91.   72.   59.   58.   32.]
v_i_n2:[0.37908 0.45003 0.09548 0.03428 0.01504 0.00829 0.0052  0.00412 0.00335
 0.00332 0.00183]
tau_i2:[0.28529 0.53138 0.09903 0.03187 0.01416 0.00794 0.0055  0.00481 0.00513
 0.00786 0.00702]
