N_times
i	r_arr		v_i_n	tau_i
0	[0.44548542]	0.38332	0.29143
1	[0.4124865]	0.45392	0.53605
2	[0.0736583]	0.09232	0.09342
3	[0.02367588]	0.03165	0.03012
4	[0.01052261]	0.015	0.01401
5	[0.00589266]	0.0077	0.00708
6	[0.00401773]	0.00445	0.00467
7	[0.0033481]	0.00358	0.00424
8	[0.00360565]	0.00315	0.005
9	[0.00618112]	0.00319	0.00745
10	[0.01112601]	0.00173	0.00653
N_avar=17494.0
T_avar=[12647.41395]

Average number of individs A1:
r_arr:[0.94566]
v_i_n_test:0.95498
tau_i_test:1.13474
Max_v_i_differ=0.45057
Max_tau_i_differ:0.5327
R_i_n2:=[6706. 7941. 1614.  554.  262.  134.   78.   62.   54.   56.   30.]
v_i_n2:[0.38332 0.45392 0.09232 0.03165 0.015   0.0077  0.00445 0.00358 0.00315
 0.00319 0.00173]
tau_i2:[0.29143 0.53605 0.09342 0.03012 0.01401 0.00708 0.00467 0.00424 0.005
 0.00745 0.00653]
