N_times
i	r_arr		v_i_n	tau_i
0	[0.44548542]	0.38042	0.28805
1	[0.4124865]	0.45019	0.5287
2	[0.0736583]	0.09324	0.09621
3	[0.02367588]	0.03278	0.03086
4	[0.01052261]	0.01454	0.01347
5	[0.00589266]	0.00874	0.00836
6	[0.00401773]	0.00574	0.00575
7	[0.0033481]	0.00413	0.00498
8	[0.00360565]	0.00385	0.00555
9	[0.00618112]	0.00416	0.00972
10	[0.01112601]	0.00221	0.00835
N_avar=17675.0
T_avar=[12793.56539]

Average number of individs A1:
r_arr:[0.94566]
v_i_n_test:0.99056
tau_i_test:1.19412
Max_v_i_differ=0.44684
Max_tau_i_differ:0.52535
R_i_n2:=[6724. 7956. 1648.  579.  258.  155.  102.   72.   68.   73.   39.]
v_i_n2:[0.38042 0.45019 0.09324 0.03278 0.01454 0.00874 0.00574 0.00413 0.00385
 0.00416 0.00221]
tau_i2:[0.28805 0.5287  0.09621 0.03086 0.01347 0.00836 0.00575 0.00498 0.00555
 0.00972 0.00835]
