N_times
i	r_arr		v_i_n	tau_i
0	[0.44548542]	0.38092	0.28686
1	[0.4124865]	0.45165	0.52982
2	[0.0736583]	0.09306	0.09421
3	[0.02367588]	0.03116	0.02887
4	[0.01052261]	0.01324	0.0118
5	[0.00589266]	0.00745	0.00693
6	[0.00401773]	0.00542	0.00561
7	[0.0033481]	0.00426	0.00512
8	[0.00360565]	0.00385	0.00572
9	[0.00618112]	0.0055	0.01225
10	[0.01112601]	0.00348	0.01283
N_avar=17066.0
T_avar=[12458.34224]

Average number of individs A1:
r_arr:[0.94566]
v_i_n_test:0.9989
tau_i_test:1.24051
Max_v_i_differ=0.4483
Max_tau_i_differ:0.52647
R_i_n2:=[6502. 7708. 1588.  532.  227.  128.   93.   72.   66.   94.   60.]
v_i_n2:[0.38092 0.45165 0.09306 0.03116 0.01324 0.00745 0.00542 0.00426 0.00385
 0.0055  0.00348]
tau_i2:[0.28686 0.52982 0.09421 0.02887 0.0118  0.00693 0.00561 0.00512 0.00572
 0.01225 0.01283]
