N_times
i	r_arr		v_i_n	tau_i
0	[0.44548542]	0.37683	0.28361
1	[0.4124865]	0.4481	0.52701
2	[0.0736583]	0.09537	0.09819
3	[0.02367588]	0.03447	0.03226
4	[0.01052261]	0.0162	0.01471
5	[0.00589266]	0.00936	0.00866
6	[0.00401773]	0.00527	0.00513
7	[0.0033481]	0.00353	0.00431
8	[0.00360565]	0.00367	0.00537
9	[0.00618112]	0.00458	0.01044
10	[0.01112601]	0.00264	0.01028
N_avar=17534.0
T_avar=[12776.29594]

Average number of individs A1:
r_arr:[0.94566]
v_i_n_test:1.00716
tau_i_test:1.22298
Max_v_i_differ=0.44475
Max_tau_i_differ:0.52366
R_i_n2:=[6607. 7856. 1672.  604.  284.  164.   93.   62.   64.   80.   47.]
v_i_n2:[0.37683 0.4481  0.09537 0.03447 0.0162  0.00936 0.00527 0.00353 0.00367
 0.00458 0.00264]
tau_i2:[0.28361 0.52701 0.09819 0.03226 0.01471 0.00866 0.00513 0.00431 0.00537
 0.01044 0.01028]
