N_times
i	r_arr		v_i_n	tau_i
0	[0.2111437]	0.1405	0.11391
1	[0.19550342]	0.17674	0.2111
2	[0.04887586]	0.05255	0.05201
3	[0.02269236]	0.02756	0.02457
4	[0.01512824]	0.02127	0.01782
5	[0.01331285]	0.02024	0.01646
6	[0.01512824]	0.02357	0.01952
7	[0.02269236]	0.03632	0.03172
8	[0.04887586]	0.07167	0.07134
9	[0.19550342]	0.23913	0.28632
10	[0.2111437]	0.19043	0.15522
N_avar=25119.0
T_avar=[10761.32388]

Average number of individs A1:
r_arr:[5.]
v_i_n_test:5.57629
tau_i_test:5.58137
Max_v_i_differ=0.22582
Max_tau_i_differ:0.27301
R_i_n2:=[3532. 4445. 1322.  694.  534.  508.  592.  912. 1798. 6002. 4778.]
v_i_n2:[0.1405  0.17674 0.05255 0.02756 0.02127 0.02024 0.02357 0.03632 0.07167
 0.23913 0.19043]
tau_i2:[0.11391 0.2111  0.05201 0.02457 0.01782 0.01646 0.01952 0.03172 0.07134
 0.28632 0.15522]
