N_times
i	r_arr		v_i_n	tau_i
0	[0.2111437]	0.15282	0.12379
1	[0.19550342]	0.19359	0.23152
2	[0.04887586]	0.05926	0.05818
3	[0.02269236]	0.0306	0.02716
4	[0.01512824]	0.02192	0.01777
5	[0.01331285]	0.01979	0.01582
6	[0.01512824]	0.02255	0.01854
7	[0.02269236]	0.03429	0.02941
8	[0.04887586]	0.0696	0.06865
9	[0.19550342]	0.22174	0.26871
10	[0.2111437]	0.17382	0.14045
N_avar=25326.0
T_avar=[10941.73032]

Average number of individs A1:
r_arr:[5.]
v_i_n_test:5.25653
tau_i_test:5.26874
Max_v_i_differ=0.20843
Max_tau_i_differ:0.2554
R_i_n2:=[3888. 4925. 1508.  778.  558.  505.  574.  870. 1757. 5585. 4377.]
v_i_n2:[0.15282 0.19359 0.05926 0.0306  0.02192 0.01979 0.02255 0.03429 0.0696
 0.22174 0.17382]
tau_i2:[0.12379 0.23152 0.05818 0.02716 0.01777 0.01582 0.01854 0.02941 0.06865
 0.26871 0.14045]
