N_times
i	r_arr		v_i_n	tau_i
0	[0.2111437]	0.16014	0.13071
1	[0.19550342]	0.20127	0.24193
2	[0.04887586]	0.06246	0.06296
3	[0.02269236]	0.0347	0.03038
4	[0.01512824]	0.02377	0.01947
5	[0.01331285]	0.02163	0.01783
6	[0.01512824]	0.0245	0.02044
7	[0.02269236]	0.03454	0.03054
8	[0.04887586]	0.06393	0.06344
9	[0.19550342]	0.20787	0.24807
10	[0.2111437]	0.16519	0.13424
N_avar=25520.0
T_avar=[10959.2305]

Average number of individs A1:
r_arr:[5.]
v_i_n_test:5.05647
tau_i_test:5.04499
Max_v_i_differ=0.19456
Max_tau_i_differ:0.23476
R_i_n2:=[4086. 5136. 1594.  885.  606.  552.  625.  882. 1631. 5304. 4215.]
v_i_n2:[0.16014 0.20127 0.06246 0.0347  0.02377 0.02163 0.0245  0.03454 0.06393
 0.20787 0.16519]
tau_i2:[0.13071 0.24193 0.06296 0.03038 0.01947 0.01783 0.02044 0.03054 0.06344
 0.24807 0.13424]
