N_times
i	r_arr		v_i_n	tau_i
0	[0.2111437]	0.15289	0.12441
1	[0.19550342]	0.19289	0.2315
2	[0.04887586]	0.05843	0.05825
3	[0.02269236]	0.03101	0.02751
4	[0.01512824]	0.02309	0.01901
5	[0.01331285]	0.02119	0.01735
6	[0.01512824]	0.02301	0.01926
7	[0.02269236]	0.03225	0.02801
8	[0.04887586]	0.06594	0.06446
9	[0.19550342]	0.2227	0.26546
10	[0.2111437]	0.17661	0.14478
N_avar=24942.0
T_avar=[10718.17555]

Average number of individs A1:
r_arr:[5.]
v_i_n_test:5.26282
tau_i_test:5.25757
Max_v_i_differ=0.20939
Max_tau_i_differ:0.25215
R_i_n2:=[3814. 4811. 1457.  773.  576.  528.  574.  804. 1644. 5554. 4405.]
v_i_n2:[0.15289 0.19289 0.05843 0.03101 0.02309 0.02119 0.02301 0.03225 0.06594
 0.2227  0.17661]
tau_i2:[0.12441 0.2315  0.05825 0.02751 0.01901 0.01735 0.01926 0.02801 0.06446
 0.26546 0.14478]
