N_times
i	r_arr		v_i_n	tau_i
0	[0.2111437]	0.17066	0.13937
1	[0.19550342]	0.21722	0.26252
2	[0.04887586]	0.06806	0.06699
3	[0.02269236]	0.03556	0.03121
4	[0.01512824]	0.02492	0.02046
5	[0.01331285]	0.02146	0.01739
6	[0.01512824]	0.02309	0.01908
7	[0.02269236]	0.03133	0.02775
8	[0.04887586]	0.05836	0.05789
9	[0.19550342]	0.19443	0.23131
10	[0.2111437]	0.1549	0.12605
N_avar=25428.0
T_avar=[10928.87748]

Average number of individs A1:
r_arr:[5.]
v_i_n_test:4.7906
tau_i_test:4.77306
Max_v_i_differ=0.20391
Max_tau_i_differ:0.24921
R_i_n2:=[4339. 5522. 1730.  904.  634.  545.  587.  796. 1485. 4946. 3940.]
v_i_n2:[0.17066 0.21722 0.06806 0.03556 0.02492 0.02146 0.02309 0.03133 0.05836
 0.19443 0.1549 ]
tau_i2:[0.13937 0.26252 0.06699 0.03121 0.02046 0.01739 0.01908 0.02775 0.05789
 0.23131 0.12605]
