N_times
i	r_arr		v_i_n	tau_i
0	[0.2111437]	0.1699	0.13859
1	[0.19550342]	0.21477	0.25843
2	[0.04887586]	0.06546	0.06433
3	[0.02269236]	0.03312	0.02952
4	[0.01512824]	0.02219	0.01843
5	[0.01331285]	0.01938	0.01554
6	[0.01512824]	0.02165	0.01792
7	[0.02269236]	0.0309	0.02722
8	[0.04887586]	0.06067	0.05985
9	[0.19550342]	0.20183	0.24099
10	[0.2111437]	0.16012	0.12918
N_avar=24899.0
T_avar=[10738.49195]

Average number of individs A1:
r_arr:[5.]
v_i_n_test:4.87994
tau_i_test:4.86464
Max_v_i_differ=0.20146
Max_tau_i_differ:0.24512
R_i_n2:=[4225. 5342. 1629.  825.  552.  483.  539.  770. 1512. 5030. 3991.]
v_i_n2:[0.1699  0.21477 0.06546 0.03312 0.02219 0.01938 0.02165 0.0309  0.06067
 0.20183 0.16012]
tau_i2:[0.13859 0.25843 0.06433 0.02952 0.01843 0.01554 0.01792 0.02722 0.05985
 0.24099 0.12918]
