N_times
i	r_arr		v_i_n	tau_i
0	[0.2111437]	0.16365	0.13358
1	[0.19550342]	0.20622	0.24755
2	[0.04887586]	0.0622	0.06177
3	[0.02269236]	0.03173	0.02768
4	[0.01512824]	0.02188	0.01837
5	[0.01331285]	0.0185	0.01504
6	[0.01512824]	0.02083	0.01692
7	[0.02269236]	0.03217	0.02825
8	[0.04887586]	0.06197	0.06185
9	[0.19550342]	0.21137	0.25082
10	[0.2111437]	0.16948	0.13818
N_avar=25118.0
T_avar=[10765.18789]

Average number of individs A1:
r_arr:[5.]
v_i_n_test:5.04889
tau_i_test:5.03606
Max_v_i_differ=0.19806
Max_tau_i_differ:0.23751
R_i_n2:=[4113. 5182. 1564.  798.  549.  464.  524.  809. 1556. 5306. 4255.]
v_i_n2:[0.16365 0.20622 0.0622  0.03173 0.02188 0.0185  0.02083 0.03217 0.06197
 0.21137 0.16948]
tau_i2:[0.13358 0.24755 0.06177 0.02768 0.01837 0.01504 0.01692 0.02825 0.06185
 0.25082 0.13818]
