N_times
i	r_arr		v_i_n	tau_i
0	[0.2111437]	0.16287	0.13157
1	[0.19550342]	0.20596	0.24795
2	[0.04887586]	0.06341	0.06255
3	[0.02269236]	0.03466	0.03135
4	[0.01512824]	0.02625	0.02185
5	[0.01331285]	0.02402	0.01964
6	[0.01512824]	0.02573	0.02172
7	[0.02269236]	0.03377	0.02973
8	[0.04887586]	0.06178	0.06166
9	[0.19550342]	0.20162	0.24214
10	[0.2111437]	0.15994	0.12984
N_avar=25850.0
T_avar=[11119.48351]

Average number of individs A1:
r_arr:[5.]
v_i_n_test:4.96085
tau_i_test:4.96207
Max_v_i_differ=0.19265
Max_tau_i_differ:0.23464
R_i_n2:=[4210. 5324. 1640.  896.  678.  622.  664.  873. 1597. 5211. 4134.]
v_i_n2:[0.16287 0.20596 0.06341 0.03466 0.02625 0.02402 0.02573 0.03377 0.06178
 0.20162 0.15994]
tau_i2:[0.13157 0.24795 0.06255 0.03135 0.02185 0.01964 0.02172 0.02973 0.06166
 0.24214 0.12984]
