N_times
i	r_arr		v_i_n	tau_i
0	[0.2111437]	0.13692	0.11126
1	[0.19550342]	0.17202	0.2067
2	[0.04887586]	0.05147	0.05115
3	[0.02269236]	0.02696	0.02357
4	[0.01512824]	0.01903	0.01623
5	[0.01331285]	0.01731	0.01369
6	[0.01512824]	0.0221	0.01814
7	[0.02269236]	0.03687	0.03232
8	[0.04887586]	0.07362	0.07299
9	[0.19550342]	0.24686	0.29369
10	[0.2111437]	0.19683	0.16026
N_avar=23462.0
T_avar=[10068.33778]

Average number of individs A1:
r_arr:[5.]
v_i_n_test:5.6882
tau_i_test:5.67789
Max_v_i_differ=0.23355
Max_tau_i_differ:0.28038
R_i_n2:=[3214. 4038. 1208.  632.  446.  407.  518.  864. 1728. 5790. 4618.]
v_i_n2:[0.13692 0.17202 0.05147 0.02696 0.01903 0.01731 0.0221  0.03687 0.07362
 0.24686 0.19683]
tau_i2:[0.11126 0.2067  0.05115 0.02357 0.01623 0.01369 0.01814 0.03232 0.07299
 0.29369 0.16026]
