N_times
i	r_arr		v_i_n	tau_i
0	[0.2111437]	0.18302	0.14821
1	[0.19550342]	0.23154	0.27781
2	[0.04887586]	0.07183	0.07211
3	[0.02269236]	0.03869	0.03427
4	[0.01512824]	0.02625	0.02145
5	[0.01331285]	0.02125	0.01743
6	[0.01512824]	0.02267	0.01846
7	[0.02269236]	0.03013	0.02634
8	[0.04887586]	0.05515	0.05471
9	[0.19550342]	0.1784	0.21453
10	[0.2111437]	0.14108	0.11468
N_avar=24259.0
T_avar=[10476.45099]

Average number of individs A1:
r_arr:[5.]
v_i_n_test:4.50705
tau_i_test:4.50818
Max_v_i_differ=0.21823
Max_tau_i_differ:0.2645
R_i_n2:=[4440. 5617. 1742.  938.  636.  515.  550.  731. 1338. 4329. 3424.]
v_i_n2:[0.18302 0.23154 0.07183 0.03869 0.02625 0.02125 0.02267 0.03013 0.05515
 0.1784  0.14108]
tau_i2:[0.14821 0.27781 0.07211 0.03427 0.02145 0.01743 0.01846 0.02634 0.05471
 0.21453 0.11468]
