N_times
i	r_arr		v_i_n	tau_i
0	[0.2111437]	0.16022	0.13033
1	[0.19550342]	0.20374	0.24668
2	[0.04887586]	0.0637	0.06351
3	[0.02269236]	0.03258	0.02824
4	[0.01512824]	0.0234	0.01953
5	[0.01331285]	0.02081	0.01701
6	[0.01512824]	0.02174	0.01795
7	[0.02269236]	0.03064	0.0276
8	[0.04887586]	0.06107	0.06009
9	[0.19550342]	0.21224	0.25054
10	[0.2111437]	0.16985	0.13849
N_avar=25978.0
T_avar=[11145.62387]

Average number of individs A1:
r_arr:[5.]
v_i_n_test:5.06867
tau_i_test:5.04297
Max_v_i_differ=0.19893
Max_tau_i_differ:0.23723
R_i_n2:=[4164. 5296. 1656.  846.  608.  541.  565.  796. 1586. 5510. 4410.]
v_i_n2:[0.16022 0.20374 0.0637  0.03258 0.0234  0.02081 0.02174 0.03064 0.06107
 0.21224 0.16985]
tau_i2:[0.13033 0.24668 0.06351 0.02824 0.01953 0.01701 0.01795 0.0276  0.06009
 0.25054 0.13849]
