N_times
i	r_arr		v_i_n	tau_i
0	[0.44548542]	0.37898	0.28584
1	[0.4124865]	0.4513	0.5378
2	[0.0736583]	0.09627	0.09835
3	[0.02367588]	0.03465	0.03343
4	[0.01052261]	0.01608	0.01444
5	[0.00589266]	0.0081	0.00739
6	[0.00401773]	0.00486	0.00498
7	[0.0033481]	0.00366	0.00442
8	[0.00360565]	0.00256	0.00373
9	[0.00618112]	0.00229	0.0053
10	[0.01112601]	0.00127	0.00428
N_avar=14621.0
T_avar=[6816.78986]

Average number of individs A1:
r_arr:[0.94566]
v_i_n_test:0.96118
tau_i_test:1.11066
Max_v_i_differ=0.44795
Max_tau_i_differ:0.53445
R_i_n2:=[5542. 6599. 1407.  507.  235.  118.   70.   53.   37.   33.   19.]
v_i_n2:[0.37898 0.4513  0.09627 0.03465 0.01608 0.0081  0.00486 0.00366 0.00256
 0.00229 0.00127]
tau_i2:[0.28584 0.5378  0.09835 0.03343 0.01444 0.00739 0.00498 0.00442 0.00373
 0.0053  0.00428]
