N_times
i	r_arr		v_i_n	tau_i
0	[0.44548542]	0.38469	0.29314
1	[0.4124865]	0.45409	0.53377
2	[0.0736583]	0.09013	0.09094
3	[0.02367588]	0.02998	0.02844
4	[0.01052261]	0.01428	0.01355
5	[0.00589266]	0.00832	0.00828
6	[0.00401773]	0.00552	0.0057
7	[0.0033481]	0.00397	0.00443
8	[0.00360565]	0.00337	0.0052
9	[0.00618112]	0.00368	0.00904
10	[0.01112601]	0.00196	0.0075
N_avar=15064.0
T_avar=[6901.93828]

Average number of individs A1:
r_arr:[0.94566]
v_i_n_test:0.9636
tau_i_test:1.15974
Max_v_i_differ=0.45074
Max_tau_i_differ:0.53042
R_i_n2:=[5796. 6841. 1357.  452.  215.  126.   83.   59.   50.   54.   29.]
v_i_n2:[0.38469 0.45409 0.09013 0.02998 0.01428 0.00832 0.00552 0.00397 0.00337
 0.00368 0.00196]
tau_i2:[0.29314 0.53377 0.09094 0.02844 0.01355 0.00828 0.0057  0.00443 0.0052
 0.00904 0.0075 ]
