N_times
i	r_arr		v_i_n	tau_i
0	[0.44548542]	0.3793	0.2882
1	[0.4124865]	0.44682	0.51976
2	[0.0736583]	0.0894	0.09134
3	[0.02367588]	0.03235	0.03116
4	[0.01052261]	0.01627	0.01478
5	[0.00589266]	0.00952	0.00891
6	[0.00401773]	0.00697	0.00703
7	[0.0033481]	0.00571	0.00682
8	[0.00360565]	0.00507	0.00763
9	[0.00618112]	0.00559	0.0131
10	[0.01112601]	0.00299	0.01125
N_avar=15425.0
T_avar=[7123.45932]

Average number of individs A1:
r_arr:[0.94566]
v_i_n_test:1.03791
tau_i_test:1.28095
Max_v_i_differ=0.44347
Max_tau_i_differ:0.51641
R_i_n2:=[5851. 6893. 1380.  500.  251.  146.  108.   88.   78.   86.   46.]
v_i_n2:[0.3793  0.44682 0.0894  0.03235 0.01627 0.00952 0.00697 0.00571 0.00507
 0.00559 0.00299]
tau_i2:[0.2882  0.51976 0.09134 0.03116 0.01478 0.00891 0.00703 0.00682 0.00763
 0.0131  0.01125]
