N_times
i	r_arr		v_i_n	tau_i
0	[0.44548542]	0.38324	0.29232
1	[0.4124865]	0.45318	0.53491
2	[0.0736583]	0.09357	0.09728
3	[0.02367588]	0.0338	0.03284
4	[0.01052261]	0.01583	0.01492
5	[0.00589266]	0.00859	0.00784
6	[0.00401773]	0.00409	0.00403
7	[0.0033481]	0.0021	0.00256
8	[0.00360565]	0.00206	0.0032
9	[0.00618112]	0.00237	0.00561
10	[0.01112601]	0.00118	0.00447
N_avar=14804.0
T_avar=[6798.85322]

Average number of individs A1:
r_arr:[0.94566]
v_i_n_test:0.93684
tau_i_test:1.08976
Max_v_i_differ=0.44983
Max_tau_i_differ:0.53156
R_i_n2:=[5675. 6710. 1384.  499.  234.  127.   61.   31.   30.   35.   18.]
v_i_n2:[0.38324 0.45318 0.09357 0.0338  0.01583 0.00859 0.00409 0.0021  0.00206
 0.00237 0.00118]
tau_i2:[0.29232 0.53491 0.09728 0.03284 0.01492 0.00784 0.00403 0.00256 0.0032
 0.00561 0.00447]
