N_times
i	r_arr		v_i_n	tau_i
0	[0.44548542]	0.38615	0.29475
1	[0.4124865]	0.45525	0.53548
2	[0.0736583]	0.09115	0.09299
3	[0.02367588]	0.03137	0.03034
4	[0.01052261]	0.01425	0.01346
5	[0.00589266]	0.00785	0.00752
6	[0.00401773]	0.00452	0.00449
7	[0.0033481]	0.00274	0.00341
8	[0.00360565]	0.00213	0.00309
9	[0.00618112]	0.00283	0.00688
10	[0.01112601]	0.00177	0.0076
N_avar=14918.0
T_avar=[6838.03307]

Average number of individs A1:
r_arr:[0.94566]
v_i_n_test:0.93442
tau_i_test:1.11737
Max_v_i_differ=0.4519
Max_tau_i_differ:0.53213
R_i_n2:=[5762. 6792. 1360.  468.  213.  117.   67.   42.   32.   43.   26.]
v_i_n2:[0.38615 0.45525 0.09115 0.03137 0.01425 0.00785 0.00452 0.00274 0.00213
 0.00283 0.00177]
tau_i2:[0.29475 0.53548 0.09299 0.03034 0.01346 0.00752 0.00449 0.00341 0.00309
 0.00688 0.0076 ]
