N_times
i	r_arr		v_i_n	tau_i
0	[0.44548542]	0.37994	0.28521
1	[0.4124865]	0.45171	0.53526
2	[0.0736583]	0.09462	0.09547
3	[0.02367588]	0.03334	0.03148
4	[0.01052261]	0.01498	0.01342
5	[0.00589266]	0.00763	0.00749
6	[0.00401773]	0.00494	0.00488
7	[0.0033481]	0.00347	0.00393
8	[0.00360565]	0.00319	0.00495
9	[0.00618112]	0.00389	0.00892
10	[0.01112601]	0.00229	0.00898
N_avar=14706.0
T_avar=[6824.63705]

Average number of individs A1:
r_arr:[0.94566]
v_i_n_test:0.9764
tau_i_test:1.17824
Max_v_i_differ=0.44836
Max_tau_i_differ:0.53191
R_i_n2:=[5583. 6637. 1390.  492.  222.  114.   74.   52.   48.   59.   35.]
v_i_n2:[0.37994 0.45171 0.09462 0.03334 0.01498 0.00763 0.00494 0.00347 0.00319
 0.00389 0.00229]
tau_i2:[0.28521 0.53526 0.09547 0.03148 0.01342 0.00749 0.00488 0.00393 0.00495
 0.00892 0.00898]
