N_times
i	r_arr		v_i_n	tau_i
0	[0.44548542]	0.38033	0.28504
1	[0.4124865]	0.45312	0.54035
2	[0.0736583]	0.09616	0.09817
3	[0.02367588]	0.03287	0.03067
4	[0.01052261]	0.0146	0.01325
5	[0.00589266]	0.00806	0.00723
6	[0.00401773]	0.00473	0.00496
7	[0.0033481]	0.00307	0.00349
8	[0.00360565]	0.00244	0.00378
9	[0.00618112]	0.00289	0.00648
10	[0.01112601]	0.00174	0.00659
N_avar=14243.0
T_avar=[6623.28042]

Average number of individs A1:
r_arr:[0.94566]
v_i_n_test:0.95555
tau_i_test:1.1265
Max_v_i_differ=0.44977
Max_tau_i_differ:0.537
R_i_n2:=[5415. 6452. 1370.  469.  209.  116.   67.   44.   35.   41.   25.]
v_i_n2:[0.38033 0.45312 0.09616 0.03287 0.0146  0.00806 0.00473 0.00307 0.00244
 0.00289 0.00174]
tau_i2:[0.28504 0.54035 0.09817 0.03067 0.01325 0.00723 0.00496 0.00349 0.00378
 0.00648 0.00659]
