N_times
i	r_arr		v_i_n	tau_i
0	[0.44548542]	0.38199	0.29167
1	[0.4124865]	0.44856	0.52193
2	[0.0736583]	0.08967	0.09471
3	[0.02367588]	0.03298	0.03082
4	[0.01052261]	0.01585	0.01446
5	[0.00589266]	0.00957	0.00953
6	[0.00401773]	0.00639	0.00669
7	[0.0033481]	0.00465	0.00552
8	[0.00360565]	0.00357	0.00579
9	[0.00618112]	0.00428	0.00998
10	[0.01112601]	0.00249	0.00891
N_avar=15108.0
T_avar=[6952.65535]

Average number of individs A1:
r_arr:[0.94566]
v_i_n_test:1.00096
tau_i_test:1.21332
Max_v_i_differ=0.44521
Max_tau_i_differ:0.51858
R_i_n2:=[5770. 6775. 1356.  498.  240.  146.   97.   71.   54.   64.   38.]
v_i_n2:[0.38199 0.44856 0.08967 0.03298 0.01585 0.00957 0.00639 0.00465 0.00357
 0.00428 0.00249]
tau_i2:[0.29167 0.52193 0.09471 0.03082 0.01446 0.00953 0.00669 0.00552 0.00579
 0.00998 0.00891]
