N_times
i	r_arr		v_i_n	tau_i
0	[0.44548542]	0.37325	0.27672
1	[0.4124865]	0.44498	0.52121
2	[0.0736583]	0.09396	0.09382
3	[0.02367588]	0.03253	0.03047
4	[0.01052261]	0.0162	0.01518
5	[0.00589266]	0.01004	0.00989
6	[0.00401773]	0.00715	0.00725
7	[0.0033481]	0.00556	0.0065
8	[0.00360565]	0.00566	0.00856
9	[0.00618112]	0.00688	0.01634
10	[0.01112601]	0.00379	0.01406
N_avar=14997.0
T_avar=[7062.76502]

Average number of individs A1:
r_arr:[0.94566]
v_i_n_test:1.07241
tau_i_test:1.35557
Max_v_i_differ=0.4417
Max_tau_i_differ:0.51786
R_i_n2:=[5598. 6673. 1410.  488.  242.  151.  108.   83.   85.  103.   57.]
v_i_n2:[0.37325 0.44498 0.09396 0.03253 0.0162  0.01004 0.00715 0.00556 0.00566
 0.00688 0.00379]
tau_i2:[0.27672 0.52121 0.09382 0.03047 0.01518 0.00989 0.00725 0.0065  0.00856
 0.01634 0.01406]
