N_times
i	r_arr		v_i_n	tau_i
0	[0.44548542]	0.37682	0.28319
1	[0.4124865]	0.44541	0.52042
2	[0.0736583]	0.09196	0.09624
3	[0.02367588]	0.0341	0.03202
4	[0.01052261]	0.01708	0.01626
5	[0.00589266]	0.01035	0.00985
6	[0.00401773]	0.00702	0.00739
7	[0.0033481]	0.00541	0.0064
8	[0.00360565]	0.00445	0.00685
9	[0.00618112]	0.00477	0.01143
10	[0.01112601]	0.00262	0.00995
N_avar=15312.0
T_avar=[7087.82846]

Average number of individs A1:
r_arr:[0.94566]
v_i_n_test:1.03642
tau_i_test:1.26956
Max_v_i_differ=0.44287
Max_tau_i_differ:0.51707
R_i_n2:=[5772. 6820. 1407.  521.  261.  158.  107.   83.   69.   74.   40.]
v_i_n2:[0.37682 0.44541 0.09196 0.0341  0.01708 0.01035 0.00702 0.00541 0.00445
 0.00477 0.00262]
tau_i2:[0.28319 0.52042 0.09624 0.03202 0.01626 0.00985 0.00739 0.0064  0.00685
 0.01143 0.00995]
