N_times
i	r_arr		v_i_n	tau_i
0	[0.44548542]	0.38497	0.29351
1	[0.4124865]	0.45537	0.53539
2	[0.0736583]	0.0921	0.09375
3	[0.02367588]	0.0313	0.03045
4	[0.01052261]	0.01393	0.01235
5	[0.00589266]	0.00702	0.00653
6	[0.00401773]	0.00395	0.00411
7	[0.0033481]	0.00292	0.00342
8	[0.00360565]	0.00316	0.00475
9	[0.00618112]	0.00338	0.00829
10	[0.01112601]	0.00189	0.00745
N_avar=14702.0
T_avar=[6757.14848]

Average number of individs A1:
r_arr:[0.94566]
v_i_n_test:0.94303
tau_i_test:1.132
Max_v_i_differ=0.45202
Max_tau_i_differ:0.53204
R_i_n2:=[5660. 6695. 1354.  460.  204.  102.   58.   43.   47.   50.   28.]
v_i_n2:[0.38497 0.45537 0.0921  0.0313  0.01393 0.00702 0.00395 0.00292 0.00316
 0.00338 0.00189]
tau_i2:[0.29351 0.53539 0.09375 0.03045 0.01235 0.00653 0.00411 0.00342 0.00475
 0.00829 0.00745]
