N_times
i	r_arr		v_i_n	tau_i
0	[0.05072954]	0.03146	0.03448
1	[0.0469718]	0.04125	0.06339
2	[0.0142593]	0.01386	0.017
3	[0.00814817]	0.00701	0.0072
4	[0.00679014]	0.00632	0.00655
5	[0.00760496]	0.00824	0.00759
6	[0.0112346]	0.01374	0.01337
7	[0.02246919]	0.02945	0.02871
8	[0.06654338]	0.08327	0.08732
9	[0.38024791]	0.41404	0.49014
10	[0.38500101]	0.35135	0.24424
N_avar=11759.0
T_avar=[1346.4246]

Average number of individs A1:
r_arr:[8.1944]
v_i_n_test:8.35109
tau_i_test:8.01655
Max_v_i_differ=0.40725
Max_tau_i_differ:0.48335
R_i_n2:=[ 376.  492.  164.   83.   74.   98.  162.  346.  978. 4862. 4126.]
v_i_n2:[0.03146 0.04125 0.01386 0.00701 0.00632 0.00824 0.01374 0.02945 0.08327
 0.41404 0.35135]
tau_i2:[0.03448 0.06339 0.017   0.0072  0.00655 0.00759 0.01337 0.02871 0.08732
 0.49014 0.24424]
