N_times
i	r_arr		v_i_n	tau_i
0	[0.05072954]	0.01687	0.01922
1	[0.0469718]	0.02195	0.03334
2	[0.0142593]	0.00821	0.01057
3	[0.00814817]	0.00582	0.00626
4	[0.00679014]	0.0053	0.00525
5	[0.00760496]	0.00648	0.00655
6	[0.0112346]	0.01075	0.01107
7	[0.02246919]	0.02465	0.02341
8	[0.06654338]	0.08141	0.08608
9	[0.38024791]	0.4411	0.52683
10	[0.38500101]	0.37747	0.27142
N_avar=11697.0
T_avar=[1290.46752]

Average number of individs A1:
r_arr:[8.1944]
v_i_n_test:8.74236
tau_i_test:8.50161
Max_v_i_differ=0.43431
Max_tau_i_differ:0.52004
R_i_n2:=[ 201.  261.   97.   69.   62.   76.  125.  287.  952. 5156. 4412.]
v_i_n2:[0.01687 0.02195 0.00821 0.00582 0.0053  0.00648 0.01075 0.02465 0.08141
 0.4411  0.37747]
tau_i2:[0.01922 0.03334 0.01057 0.00626 0.00525 0.00655 0.01107 0.02341 0.08608
 0.52683 0.27142]
