N_times
i	r_arr		v_i_n	tau_i
0	[0.05072954]	0.03344	0.03698
1	[0.0469718]	0.04302	0.06544
2	[0.0142593]	0.01496	0.01904
3	[0.00814817]	0.00974	0.01133
4	[0.00679014]	0.00864	0.00871
5	[0.00760496]	0.00907	0.00905
6	[0.0112346]	0.01264	0.01231
7	[0.02246919]	0.02717	0.02588
8	[0.06654338]	0.07832	0.0834
9	[0.38024791]	0.41104	0.47964
10	[0.38500101]	0.35196	0.24824
N_avar=12612.0
T_avar=[1416.72009]

Average number of individs A1:
r_arr:[8.1944]
v_i_n_test:8.29362
tau_i_test:7.93898
Max_v_i_differ=0.40425
Max_tau_i_differ:0.47285
R_i_n2:=[ 422.  544.  189.  123.  109.  114.  159.  343.  987. 5184. 4438.]
v_i_n2:[0.03344 0.04302 0.01496 0.00974 0.00864 0.00907 0.01264 0.02717 0.07832
 0.41104 0.35196]
tau_i2:[0.03698 0.06544 0.01904 0.01133 0.00871 0.00905 0.01231 0.02588 0.0834
 0.47964 0.24824]
