N_times
i	r_arr		v_i_n	tau_i
0	[0.05072954]	0.02967	0.03324
1	[0.0469718]	0.03946	0.06056
2	[0.0142593]	0.01643	0.02082
3	[0.00814817]	0.01269	0.01388
4	[0.00679014]	0.01197	0.01135
5	[0.00760496]	0.01313	0.0126
6	[0.0112346]	0.01844	0.01791
7	[0.02246919]	0.03294	0.03291
8	[0.06654338]	0.08157	0.08854
9	[0.38024791]	0.40182	0.47163
10	[0.38500101]	0.34189	0.23656
N_avar=12416.0
T_avar=[1432.28869]

Average number of individs A1:
r_arr:[8.1944]
v_i_n_test:8.25298
tau_i_test:7.90866
Max_v_i_differ=0.39503
Max_tau_i_differ:0.46484
R_i_n2:=[ 370.  492.  205.  158.  150.  164.  230.  409. 1014. 4985. 4240.]
v_i_n2:[0.02967 0.03946 0.01643 0.01269 0.01197 0.01313 0.01844 0.03294 0.08157
 0.40182 0.34189]
tau_i2:[0.03324 0.06056 0.02082 0.01388 0.01135 0.0126  0.01791 0.03291 0.08854
 0.47163 0.23656]
