N_times
i	r_arr		v_i_n	tau_i
0	[0.05072954]	0.01934	0.02178
1	[0.0469718]	0.02563	0.0413
2	[0.0142593]	0.00989	0.01297
3	[0.00814817]	0.00745	0.00883
4	[0.00679014]	0.00786	0.00764
5	[0.00760496]	0.00972	0.00971
6	[0.0112346]	0.01479	0.01486
7	[0.02246919]	0.03041	0.02988
8	[0.06654338]	0.08514	0.09031
9	[0.38024791]	0.42679	0.50622
10	[0.38500101]	0.36299	0.25652
N_avar=11730.0
T_avar=[1322.51815]

Average number of individs A1:
r_arr:[8.1944]
v_i_n_test:8.60154
tau_i_test:8.31482
Max_v_i_differ=0.42
Max_tau_i_differ:0.49943
R_i_n2:=[ 230.  305.  118.   89.   92.  114.  174.  356.  997. 5001. 4252.]
v_i_n2:[0.01934 0.02563 0.00989 0.00745 0.00786 0.00972 0.01479 0.03041 0.08514
 0.42679 0.36299]
tau_i2:[0.02178 0.0413  0.01297 0.00883 0.00764 0.00971 0.01486 0.02988 0.09031
 0.50622 0.25652]
