N_times
i	r_arr		v_i_n	tau_i
0	[0.05072954]	0.02464	0.02789
1	[0.0469718]	0.03197	0.0497
2	[0.0142593]	0.01195	0.01491
3	[0.00814817]	0.0081	0.00857
4	[0.00679014]	0.00762	0.00778
5	[0.00760496]	0.00896	0.00842
6	[0.0112346]	0.01314	0.01282
7	[0.02246919]	0.02709	0.02644
8	[0.06654338]	0.08068	0.08365
9	[0.38024791]	0.42391	0.50384
10	[0.38500101]	0.36193	0.25598
N_avar=11772.0
T_avar=[1328.20901]

Average number of individs A1:
r_arr:[8.1944]
v_i_n_test:8.50385
tau_i_test:8.20401
Max_v_i_differ=0.41712
Max_tau_i_differ:0.49705
R_i_n2:=[ 302.  390.  146.   98.   93.  108.  156.  319.  947. 4970. 4244.]
v_i_n2:[0.02464 0.03197 0.01195 0.0081  0.00762 0.00896 0.01314 0.02709 0.08068
 0.42391 0.36193]
tau_i2:[0.02789 0.0497  0.01491 0.00857 0.00778 0.00842 0.01282 0.02644 0.08365
 0.50384 0.25598]
