N_times
i	r_arr		v_i_n	tau_i
0	[0.05072954]	0.01835	0.02152
1	[0.0469718]	0.02526	0.04161
2	[0.0142593]	0.0112	0.01508
3	[0.00814817]	0.00758	0.00819
4	[0.00679014]	0.00757	0.00808
5	[0.00760496]	0.01062	0.0106
6	[0.0112346]	0.01553	0.01546
7	[0.02246919]	0.02973	0.02927
8	[0.06654338]	0.08219	0.08861
9	[0.38024791]	0.42679	0.50184
10	[0.38500101]	0.36516	0.25975
N_avar=12046.0
T_avar=[1332.44367]

Average number of individs A1:
r_arr:[8.1944]
v_i_n_test:8.6053
tau_i_test:8.30225
Max_v_i_differ=0.42
Max_tau_i_differ:0.49505
R_i_n2:=[ 220.  304.  134.   92.   91.  128.  187.  358.  989. 5142. 4402.]
v_i_n2:[0.01835 0.02526 0.0112  0.00758 0.00757 0.01062 0.01553 0.02973 0.08219
 0.42679 0.36516]
tau_i2:[0.02152 0.04161 0.01508 0.00819 0.00808 0.0106  0.01546 0.02927 0.08861
 0.50184 0.25975]
