N_times
i	r_arr		v_i_n	tau_i
0	[0.05072954]	0.02948	0.0326
1	[0.0469718]	0.03842	0.05816
2	[0.0142593]	0.01393	0.01827
3	[0.00814817]	0.00878	0.00964
4	[0.00679014]	0.00695	0.00729
5	[0.00760496]	0.00825	0.00794
6	[0.0112346]	0.01359	0.01324
7	[0.02246919]	0.02801	0.02754
8	[0.06654338]	0.08086	0.08571
9	[0.38024791]	0.41657	0.48795
10	[0.38500101]	0.35514	0.25165
N_avar=12074.0
T_avar=[1359.98244]

Average number of individs A1:
r_arr:[8.1944]
v_i_n_test:8.38669
tau_i_test:8.05843
Max_v_i_differ=0.40978
Max_tau_i_differ:0.48116
R_i_n2:=[ 358.  467.  169.  106.   83.   99.  165.  338.  975. 5027. 4286.]
v_i_n2:[0.02948 0.03842 0.01393 0.00878 0.00695 0.00825 0.01359 0.02801 0.08086
 0.41657 0.35514]
tau_i2:[0.0326  0.05816 0.01827 0.00964 0.00729 0.00794 0.01324 0.02754 0.08571
 0.48795 0.25165]
