N_times
i	r_arr		v_i_n	tau_i
0	[0.05072954]	0.03709	0.04152
1	[0.0469718]	0.04756	0.07021
2	[0.0142593]	0.01573	0.01876
3	[0.00814817]	0.00962	0.01052
4	[0.00679014]	0.00883	0.00899
5	[0.00760496]	0.01089	0.01045
6	[0.0112346]	0.0166	0.01575
7	[0.02246919]	0.02967	0.02966
8	[0.06654338]	0.07889	0.08235
9	[0.38024791]	0.40229	0.47371
10	[0.38500101]	0.34281	0.23806
N_avar=12082.0
T_avar=[1376.31791]

Average number of individs A1:
r_arr:[8.1944]
v_i_n_test:8.18477
tau_i_test:7.83241
Max_v_i_differ=0.3955
Max_tau_i_differ:0.46692
R_i_n2:=[ 447.  573.  189.  116.  107.  131.  201.  358.  954. 4864. 4144.]
v_i_n2:[0.03709 0.04756 0.01573 0.00962 0.00883 0.01089 0.0166  0.02967 0.07889
 0.40229 0.34281]
tau_i2:[0.04152 0.07021 0.01876 0.01052 0.00899 0.01045 0.01575 0.02966 0.08235
 0.47371 0.23806]
