N_times
i	r_arr		v_i_n	tau_i
0	[0.05072954]	0.02648	0.03015
1	[0.0469718]	0.03579	0.05649
2	[0.0142593]	0.01354	0.01591
3	[0.00814817]	0.0082	0.00886
4	[0.00679014]	0.00851	0.00893
5	[0.00760496]	0.0104	0.00963
6	[0.0112346]	0.01455	0.01396
7	[0.02246919]	0.02849	0.02833
8	[0.06654338]	0.08098	0.08414
9	[0.38024791]	0.41717	0.49432
10	[0.38500101]	0.35589	0.24927
N_avar=11742.0
T_avar=[1324.83375]

Average number of individs A1:
r_arr:[8.1944]
v_i_n_test:8.42151
tau_i_test:8.09553
Max_v_i_differ=0.41038
Max_tau_i_differ:0.48753
R_i_n2:=[ 312.  421.  159.   97.  100.  122.  172.  335.  950. 4897. 4176.]
v_i_n2:[0.02648 0.03579 0.01354 0.0082  0.00851 0.0104  0.01455 0.02849 0.08098
 0.41717 0.35589]
tau_i2:[0.03015 0.05649 0.01591 0.00886 0.00893 0.00963 0.01396 0.02833 0.08414
 0.49432 0.24927]
