N_times
i	r_arr		v_i_n	tau_i
0	[0.05072954]	0.02713	0.02983
1	[0.0469718]	0.03531	0.05502
2	[0.0142593]	0.01319	0.01671
3	[0.00814817]	0.00853	0.0094
4	[0.00679014]	0.00735	0.00773
5	[0.00760496]	0.00966	0.00918
6	[0.0112346]	0.01421	0.01401
7	[0.02246919]	0.02646	0.02554
8	[0.06654338]	0.08208	0.08193
9	[0.38024791]	0.42004	0.50206
10	[0.38500101]	0.35604	0.24859
N_avar=11875.0
T_avar=[1356.44527]

Average number of individs A1:
r_arr:[8.1944]
v_i_n_test:8.43286
tau_i_test:8.11618
Max_v_i_differ=0.41325
Max_tau_i_differ:0.49527
R_i_n2:=[ 322.  420.  156.  101.   88.  114.  169.  316.  976. 4987. 4226.]
v_i_n2:[0.02713 0.03531 0.01319 0.00853 0.00735 0.00966 0.01421 0.02646 0.08208
 0.42004 0.35604]
tau_i2:[0.02983 0.05502 0.01671 0.0094  0.00773 0.00918 0.01401 0.02554 0.08193
 0.50206 0.24859]
