N_times
i	r_arr		v_i_n	tau_i
0	[0.36665257]	0.30976	0.23472
1	[0.33949312]	0.37649	0.42988
2	[0.07274853]	0.09292	0.09034
3	[0.02857978]	0.03946	0.03445
4	[0.01587765]	0.0225	0.01888
5	[0.01143191]	0.01727	0.01471
6	[0.01039265]	0.01533	0.01358
7	[0.01212475]	0.01605	0.01561
8	[0.01958614]	0.02249	0.02586
9	[0.0559604]	0.05074	0.07579
10	[0.06715249]	0.037	0.04617
N_avar=21243.0
T_avar=[15345.29794]

Average number of individs A1:
r_arr:[2.17049]
v_i_n_test:2.06797
tau_i_test:2.40442
Max_v_i_differ=0.3661
Max_tau_i_differ:0.41949
R_i_n2:=[6571. 7986. 1971.  838.  478.  368.  328.  343.  482. 1087.  792.]
v_i_n2:[0.30976 0.37649 0.09292 0.03946 0.0225  0.01727 0.01533 0.01605 0.02249
 0.05074 0.037  ]
tau_i2:[0.23472 0.42988 0.09034 0.03445 0.01888 0.01471 0.01358 0.01561 0.02586
 0.07579 0.04617]
