N_times
i	r_arr		v_i_n	tau_i
0	[0.36665257]	0.30889	0.23362
1	[0.33949312]	0.37805	0.43498
2	[0.07274853]	0.09673	0.09408
3	[0.02857978]	0.04268	0.03767
4	[0.01587765]	0.0249	0.02078
5	[0.01143191]	0.01814	0.01552
6	[0.01039265]	0.01487	0.0129
7	[0.01212475]	0.01474	0.01397
8	[0.01958614]	0.0208	0.02374
9	[0.0559604]	0.04641	0.07017
10	[0.06715249]	0.03377	0.04257
N_avar=21246.0
T_avar=[15383.1134]

Average number of individs A1:
r_arr:[2.17049]
v_i_n_test:2.00404
tau_i_test:2.31921
Max_v_i_differ=0.36766
Max_tau_i_differ:0.42459
R_i_n2:=[6560. 8030. 2056.  907.  530.  386.  316.  314.  442.  986.  718.]
v_i_n2:[0.30889 0.37805 0.09673 0.04268 0.0249  0.01814 0.01487 0.01474 0.0208
 0.04641 0.03377]
tau_i2:[0.23362 0.43498 0.09408 0.03767 0.02078 0.01552 0.0129  0.01397 0.02374
 0.07017 0.04257]
