N_times
i	r_arr		v_i_n	tau_i
0	[0.36665257]	0.31888	0.24266
1	[0.33949312]	0.38924	0.45007
2	[0.07274853]	0.09797	0.09568
3	[0.02857978]	0.04184	0.03708
4	[0.01587765]	0.02293	0.01911
5	[0.01143191]	0.01512	0.01255
6	[0.01039265]	0.01319	0.01183
7	[0.01212475]	0.01386	0.01347
8	[0.01958614]	0.01856	0.02169
9	[0.0559604]	0.03996	0.06016
10	[0.06715249]	0.02845	0.03571
N_avar=20440.0
T_avar=[14724.075]

Average number of individs A1:
r_arr:[2.17049]
v_i_n_test:1.8468
tau_i_test:2.12919
Max_v_i_differ=0.37885
Max_tau_i_differ:0.43968
R_i_n2:=[6516. 7955. 2002.  856.  469.  309.  270.  283.  379.  817.  582.]
v_i_n2:[0.31888 0.38924 0.09797 0.04184 0.02293 0.01512 0.01319 0.01386 0.01856
 0.03996 0.02845]
tau_i2:[0.24266 0.45007 0.09568 0.03708 0.01911 0.01255 0.01183 0.01347 0.02169
 0.06016 0.03571]
