N_times
i	r_arr		v_i_n	tau_i
0	[0.36665257]	0.30903	0.23391
1	[0.33949312]	0.37934	0.43728
2	[0.07274853]	0.09739	0.09414
3	[0.02857978]	0.04094	0.03565
4	[0.01587765]	0.02389	0.02046
5	[0.01143191]	0.01798	0.01528
6	[0.01039265]	0.01468	0.01275
7	[0.01212475]	0.01457	0.01403
8	[0.01958614]	0.0206	0.02337
9	[0.0559604]	0.04719	0.06967
10	[0.06715249]	0.03439	0.04346
N_avar=20730.0
T_avar=[15053.36978]

Average number of individs A1:
r_arr:[2.17049]
v_i_n_test:2.00588
tau_i_test:2.31405
Max_v_i_differ=0.36895
Max_tau_i_differ:0.42689
R_i_n2:=[6407. 7865. 2019.  849.  495.  373.  304.  302.  427.  978.  712.]
v_i_n2:[0.30903 0.37934 0.09739 0.04094 0.02389 0.01798 0.01468 0.01457 0.0206
 0.04719 0.03439]
tau_i2:[0.23391 0.43728 0.09414 0.03565 0.02046 0.01528 0.01275 0.01403 0.02337
 0.06967 0.04346]
