N_times
i	r_arr		v_i_n	tau_i
0	[0.36665257]	0.29989	0.22644
1	[0.33949312]	0.366	0.41679
2	[0.07274853]	0.09325	0.0916
3	[0.02857978]	0.04293	0.0381
4	[0.01587765]	0.02734	0.0231
5	[0.01143191]	0.02059	0.01708
6	[0.01039265]	0.01777	0.01559
7	[0.01212475]	0.0186	0.01807
8	[0.01958614]	0.02422	0.02798
9	[0.0559604]	0.05189	0.07804
10	[0.06715249]	0.03754	0.0472
N_avar=21903.0
T_avar=[15889.34057]

Average number of individs A1:
r_arr:[2.17049]
v_i_n_test:2.16659
tau_i_test:2.51032
Max_v_i_differ=0.35561
Max_tau_i_differ:0.4064
R_i_n2:=[6569. 8018. 2043.  940.  598.  451.  389.  408.  530. 1136.  821.]
v_i_n2:[0.29989 0.366   0.09325 0.04293 0.02734 0.02059 0.01777 0.0186  0.02422
 0.05189 0.03754]
tau_i2:[0.22644 0.41679 0.0916  0.0381  0.0231  0.01708 0.01559 0.01807 0.02798
 0.07804 0.0472 ]
