N_times
i	r_arr		v_i_n	tau_i
0	[0.36665257]	0.31613	0.24002
1	[0.33949312]	0.3877	0.45073
2	[0.07274853]	0.09943	0.09695
3	[0.02857978]	0.04271	0.03767
4	[0.01587765]	0.02473	0.0206
5	[0.01143191]	0.01688	0.01413
6	[0.01039265]	0.01394	0.01238
7	[0.01212475]	0.01426	0.01389
8	[0.01958614]	0.01798	0.02044
9	[0.0559604]	0.03844	0.058
10	[0.06715249]	0.02779	0.03518
N_avar=20447.0
T_avar=[14737.04833]

Average number of individs A1:
r_arr:[2.17049]
v_i_n_test:1.84917
tau_i_test:2.11952
Max_v_i_differ=0.37731
Max_tau_i_differ:0.44034
R_i_n2:=[6459. 7922. 2032.  874.  507.  346.  285.  292.  369.  790.  572.]
v_i_n2:[0.31613 0.3877  0.09943 0.04271 0.02473 0.01688 0.01394 0.01426 0.01798
 0.03844 0.02779]
tau_i2:[0.24002 0.45073 0.09695 0.03767 0.0206  0.01413 0.01238 0.01389 0.02044
 0.058   0.03518]
