N_times
i	r_arr		v_i_n	tau_i
0	[0.36665257]	0.30624	0.23058
1	[0.33949312]	0.37289	0.42445
2	[0.07274853]	0.09279	0.09034
3	[0.02857978]	0.04053	0.03624
4	[0.01587765]	0.02415	0.02025
5	[0.01143191]	0.01742	0.01428
6	[0.01039265]	0.015	0.01344
7	[0.01212475]	0.01584	0.01536
8	[0.01958614]	0.0231	0.02592
9	[0.0559604]	0.05334	0.08039
10	[0.06715249]	0.03871	0.04875
N_avar=20953.0
T_avar=[15217.34338]

Average number of individs A1:
r_arr:[2.17049]
v_i_n_test:2.1166
tau_i_test:2.47278
Max_v_i_differ=0.3625
Max_tau_i_differ:0.41406
R_i_n2:=[6416. 7812. 1944.  849.  506.  364.  314.  332.  485. 1118.  812.]
v_i_n2:[0.30624 0.37289 0.09279 0.04053 0.02415 0.01742 0.015   0.01584 0.0231
 0.05334 0.03871]
tau_i2:[0.23058 0.42445 0.09034 0.03624 0.02025 0.01428 0.01344 0.01536 0.02592
 0.08039 0.04875]
