N_times
i	r_arr		v_i_n	tau_i
0	[0.36665257]	0.32088	0.24481
1	[0.33949312]	0.39224	0.45224
2	[0.07274853]	0.09779	0.09455
3	[0.02857978]	0.04013	0.036
4	[0.01587765]	0.02308	0.01972
5	[0.01143191]	0.01576	0.01306
6	[0.01039265]	0.01209	0.01077
7	[0.01212475]	0.01345	0.01285
8	[0.01958614]	0.0193	0.02236
9	[0.0559604]	0.03844	0.05962
10	[0.06715249]	0.02684	0.03402
N_avar=20442.0
T_avar=[14691.12759]

Average number of individs A1:
r_arr:[2.17049]
v_i_n_test:1.81478
tau_i_test:2.10375
Max_v_i_differ=0.38185
Max_tau_i_differ:0.44185
R_i_n2:=[6559. 8018. 1999.  820.  473.  323.  247.  276.  394.  784.  548.]
v_i_n2:[0.32088 0.39224 0.09779 0.04013 0.02308 0.01576 0.01209 0.01345 0.0193
 0.03844 0.02684]
tau_i2:[0.24481 0.45224 0.09455 0.036   0.01972 0.01306 0.01077 0.01285 0.02236
 0.05962 0.03402]
