N_times
i	r_arr		v_i_n	tau_i
0	[0.36665257]	0.31054	0.23507
1	[0.33949312]	0.37772	0.43037
2	[0.07274853]	0.09347	0.09013
3	[0.02857978]	0.04064	0.03581
4	[0.01587765]	0.02354	0.0199
5	[0.01143191]	0.01652	0.01389
6	[0.01039265]	0.01471	0.01303
7	[0.01212475]	0.01654	0.01613
8	[0.01958614]	0.02292	0.02641
9	[0.0559604]	0.04859	0.07477
10	[0.06715249]	0.0348	0.04452
N_avar=21025.0
T_avar=[15182.57491]

Average number of individs A1:
r_arr:[2.17049]
v_i_n_test:2.03605
tau_i_test:2.38761
Max_v_i_differ=0.36733
Max_tau_i_differ:0.41998
R_i_n2:=[6524. 7935. 1962.  855.  496.  348.  310.  349.  484. 1026.  735.]
v_i_n2:[0.31054 0.37772 0.09347 0.04064 0.02354 0.01652 0.01471 0.01654 0.02292
 0.04859 0.0348 ]
tau_i2:[0.23507 0.43037 0.09013 0.03581 0.0199  0.01389 0.01303 0.01613 0.02641
 0.07477 0.04452]
