N_times
i	r_arr		v_i_n	tau_i
0	[0.36665257]	0.30674	0.23149
1	[0.33949312]	0.37797	0.4371
2	[0.07274853]	0.0984	0.09476
3	[0.02857978]	0.0433	0.03808
4	[0.01587765]	0.02581	0.02171
5	[0.01143191]	0.01695	0.01427
6	[0.01039265]	0.0146	0.01275
7	[0.01212475]	0.01569	0.01514
8	[0.01958614]	0.02126	0.02459
9	[0.0559604]	0.04612	0.06865
10	[0.06715249]	0.03318	0.04144
N_avar=20678.0
T_avar=[15049.75417]

Average number of individs A1:
r_arr:[2.17049]
v_i_n_test:2.00705
tau_i_test:2.3105
Max_v_i_differ=0.36758
Max_tau_i_differ:0.42671
R_i_n2:=[6343. 7816. 2035.  895.  533.  351.  302.  324.  439.  953.  686.]
v_i_n2:[0.30674 0.37797 0.0984  0.0433  0.02581 0.01695 0.0146  0.01569 0.02126
 0.04612 0.03318]
tau_i2:[0.23149 0.4371  0.09476 0.03808 0.02171 0.01427 0.01275 0.01514 0.02459
 0.06865 0.04144]
