N_times
i	r_arr		v_i_n	tau_i
0	[0.36665257]	0.31049	0.23579
1	[0.33949312]	0.37951	0.43519
2	[0.07274853]	0.09466	0.09024
3	[0.02857978]	0.0401	0.03513
4	[0.01587765]	0.02465	0.0211
5	[0.01143191]	0.01813	0.01534
6	[0.01039265]	0.01441	0.01285
7	[0.01212475]	0.01501	0.01494
8	[0.01958614]	0.02166	0.02457
9	[0.0559604]	0.04729	0.07172
10	[0.06715249]	0.0341	0.04314
N_avar=20640.0
T_avar=[14929.09605]

Average number of individs A1:
r_arr:[2.17049]
v_i_n_test:2.0098
tau_i_test:2.33728
Max_v_i_differ=0.36912
Max_tau_i_differ:0.4248
R_i_n2:=[6407. 7830. 1952.  827.  508.  374.  297.  309.  448.  980.  707.]
v_i_n2:[0.31049 0.37951 0.09466 0.0401  0.02465 0.01813 0.01441 0.01501 0.02166
 0.04729 0.0341 ]
tau_i2:[0.23579 0.43519 0.09024 0.03513 0.0211  0.01534 0.01285 0.01494 0.02457
 0.07172 0.04314]
