N_times
i	r_arr		v_i_n	tau_i
0	[0.01850531]	0.01046	0.01407
1	[0.01713454]	0.0148	0.02888
2	[0.00581351]	0.00699	0.01025
3	[0.00373725]	0.00461	0.00588
4	[0.00352963]	0.00395	0.00463
5	[0.00451792]	0.00567	0.00597
6	[0.00770101]	0.00998	0.01061
7	[0.01796902]	0.02135	0.02296
8	[0.06289156]	0.07199	0.07873
9	[0.43125641]	0.45359	0.54742
10	[0.42694385]	0.39661	0.27058
N_avar=16496.0
T_avar=[6668.79315]

Average number of individs A1:
r_arr:[8.90255]
v_i_n_test:8.92042
tau_i_test:8.60219
Max_v_i_differ=0.45006
Max_tau_i_differ:0.54389
R_i_n2:=[ 173.  244.  115.   76.   66.   94.  165.  352. 1188. 7484. 6544.]
v_i_n2:[0.01046 0.0148  0.00699 0.00461 0.00395 0.00567 0.00998 0.02135 0.07199
 0.45359 0.39661]
tau_i2:[0.01407 0.02888 0.01025 0.00588 0.00463 0.00597 0.01061 0.02296 0.07873
 0.54742 0.27058]
