N_times
i	r_arr		v_i_n	tau_i
0	[0.01850531]	0.00862	0.0118
1	[0.01713454]	0.01153	0.02151
2	[0.00581351]	0.00532	0.00794
3	[0.00373725]	0.00456	0.00555
4	[0.00352963]	0.00505	0.00579
5	[0.00451792]	0.00732	0.00798
6	[0.00770101]	0.0107	0.01177
7	[0.01796902]	0.02225	0.02411
8	[0.06289156]	0.07238	0.08224
9	[0.43125641]	0.45437	0.54729
10	[0.42694385]	0.39788	0.27402
N_avar=16806.0
T_avar=[6758.87813]

Average number of individs A1:
r_arr:[8.90255]
v_i_n_test:8.95977
tau_i_test:8.68022
Max_v_i_differ=0.45084
Max_tau_i_differ:0.54376
R_i_n2:=[ 147.  195.   90.   77.   84.  122.  179.  374. 1215. 7636. 6687.]
v_i_n2:[0.00862 0.01153 0.00532 0.00456 0.00505 0.00732 0.0107  0.02225 0.07238
 0.45437 0.39788]
tau_i2:[0.0118  0.02151 0.00794 0.00555 0.00579 0.00798 0.01177 0.02411 0.08224
 0.54729 0.27402]
