N_times
i	r_arr		v_i_n	tau_i
0	[0.01850531]	0.00825	0.01135
1	[0.01713454]	0.01135	0.02174
2	[0.00581351]	0.00498	0.00728
3	[0.00373725]	0.00389	0.00476
4	[0.00352963]	0.00445	0.00521
5	[0.00451792]	0.00601	0.00663
6	[0.00770101]	0.01039	0.01129
7	[0.01796902]	0.02375	0.02578
8	[0.06289156]	0.07295	0.08405
9	[0.43125641]	0.45501	0.54892
10	[0.42694385]	0.39898	0.27302
N_avar=16716.0
T_avar=[6757.35604]

Average number of individs A1:
r_arr:[8.90255]
v_i_n_test:8.97791
tau_i_test:8.69565
Max_v_i_differ=0.45148
Max_tau_i_differ:0.54539
R_i_n2:=[ 138.  190.   82.   65.   75.  100.  174.  398. 1219. 7606. 6669.]
v_i_n2:[0.00825 0.01135 0.00498 0.00389 0.00445 0.00601 0.01039 0.02375 0.07295
 0.45501 0.39898]
tau_i2:[0.01135 0.02174 0.00728 0.00476 0.00521 0.00663 0.01129 0.02578 0.08405
 0.54892 0.27302]
