N_times
i	r_arr		v_i_n	tau_i
0	[0.01850531]	0.01434	0.01905
1	[0.01713454]	0.01934	0.03487
2	[0.00581351]	0.00744	0.01062
3	[0.00373725]	0.00431	0.00536
4	[0.00352963]	0.004	0.00459
5	[0.00451792]	0.00545	0.00591
6	[0.00770101]	0.00946	0.01016
7	[0.01796902]	0.02157	0.02246
8	[0.06289156]	0.07189	0.07941
9	[0.43125641]	0.44935	0.54238
10	[0.42694385]	0.39284	0.26519
N_avar=17028.0
T_avar=[6956.26092]

Average number of individs A1:
r_arr:[8.90255]
v_i_n_test:8.84582
tau_i_test:8.50688
Max_v_i_differ=0.44582
Max_tau_i_differ:0.53885
R_i_n2:=[ 246.  330.  127.   74.   68.   93.  161.  366. 1224. 7651. 6690.]
v_i_n2:[0.01434 0.01934 0.00744 0.00431 0.004   0.00545 0.00946 0.02157 0.07189
 0.44935 0.39284]
tau_i2:[0.01905 0.03487 0.01062 0.00536 0.00459 0.00591 0.01016 0.02246 0.07941
 0.54238 0.26519]
