N_times
i	r_arr		v_i_n	tau_i
0	[0.01850531]	0.00756	0.01024
1	[0.01713454]	0.01033	0.01961
2	[0.00581351]	0.00489	0.00742
3	[0.00373725]	0.00385	0.00477
4	[0.00352963]	0.00379	0.00434
5	[0.00451792]	0.00587	0.00618
6	[0.00770101]	0.01067	0.01107
7	[0.01796902]	0.02403	0.02567
8	[0.06289156]	0.07456	0.08497
9	[0.43125641]	0.45595	0.55194
10	[0.42694385]	0.3985	0.2738
N_avar=16354.0
T_avar=[6608.58514]

Average number of individs A1:
r_arr:[8.90255]
v_i_n_test:8.99343
tau_i_test:8.72835
Max_v_i_differ=0.45242
Max_tau_i_differ:0.54841
R_i_n2:=[ 124.  169.   80.   63.   62.   96.  175.  392. 1219. 7457. 6517.]
v_i_n2:[0.00756 0.01033 0.00489 0.00385 0.00379 0.00587 0.01067 0.02403 0.07456
 0.45595 0.3985 ]
tau_i2:[0.01024 0.01961 0.00742 0.00477 0.00434 0.00618 0.01107 0.02567 0.08497
 0.55194 0.2738 ]
