N_times
i	r_arr		v_i_n	tau_i
0	[0.01850531]	0.0025	0.00321
1	[0.01713454]	0.00315	0.0057
2	[0.00581351]	0.0012	0.00189
3	[0.00373725]	0.00167	0.00231
4	[0.00352963]	0.00238	0.00273
5	[0.00451792]	0.00367	0.00415
6	[0.00770101]	0.00891	0.00932
7	[0.01796902]	0.02173	0.02417
8	[0.06289156]	0.07179	0.08284
9	[0.43125641]	0.46983	0.57392
10	[0.42694385]	0.41319	0.28974
N_avar=16226.0
T_avar=[6396.43144]

Average number of individs A1:
r_arr:[8.90255]
v_i_n_test:9.17869
tau_i_test:8.99859
Max_v_i_differ=0.4663
Max_tau_i_differ:0.57039
R_i_n2:=[  40.   51.   19.   27.   38.   59.  144.  352. 1166. 7624. 6705.]
v_i_n2:[0.0025  0.00315 0.0012  0.00167 0.00238 0.00367 0.00891 0.02173 0.07179
 0.46983 0.41319]
tau_i2:[0.00321 0.0057  0.00189 0.00231 0.00273 0.00415 0.00932 0.02417 0.08284
 0.57392 0.28974]
