N_times
i	r_arr		v_i_n	tau_i
0	[0.01850531]	0.01224	0.01641
1	[0.01713454]	0.01641	0.02994
2	[0.00581351]	0.00676	0.00984
3	[0.00373725]	0.00446	0.00583
4	[0.00352963]	0.00391	0.00451
5	[0.00451792]	0.00451	0.00498
6	[0.00770101]	0.00727	0.00737
7	[0.01796902]	0.01991	0.02037
8	[0.06289156]	0.07166	0.08005
9	[0.43125641]	0.45474	0.5483
10	[0.42694385]	0.39814	0.2724
N_avar=16690.0
T_avar=[6737.73717]

Average number of individs A1:
r_arr:[8.90255]
v_i_n_test:8.91183
tau_i_test:8.59596
Max_v_i_differ=0.45121
Max_tau_i_differ:0.54477
R_i_n2:=[ 207.  278.  115.   75.   65.   76.  122.  333. 1195. 7584. 6640.]
v_i_n2:[0.01224 0.01641 0.00676 0.00446 0.00391 0.00451 0.00727 0.01991 0.07166
 0.45474 0.39814]
tau_i2:[0.01641 0.02994 0.00984 0.00583 0.00451 0.00498 0.00737 0.02037 0.08005
 0.5483  0.2724 ]
