N_times
i	r_arr		v_i_n	tau_i
0	[0.01850531]	0.01161	0.01528
1	[0.01713454]	0.01644	0.03169
2	[0.00581351]	0.00776	0.0112
3	[0.00373725]	0.00533	0.00682
4	[0.00352963]	0.00524	0.00596
5	[0.00451792]	0.00639	0.00693
6	[0.00770101]	0.01036	0.01111
7	[0.01796902]	0.02279	0.02504
8	[0.06289156]	0.07079	0.08112
9	[0.43125641]	0.44906	0.53575
10	[0.42694385]	0.39424	0.26912
N_avar=16789.0
T_avar=[6802.73825]

Average number of individs A1:
r_arr:[8.90255]
v_i_n_test:8.87281
tau_i_test:8.53689
Max_v_i_differ=0.44553
Max_tau_i_differ:0.53222
R_i_n2:=[ 197.  280.  131.   90.   88.  108.  174.  383. 1188. 7535. 6615.]
v_i_n2:[0.01161 0.01644 0.00776 0.00533 0.00524 0.00639 0.01036 0.02279 0.07079
 0.44906 0.39424]
tau_i2:[0.01528 0.03169 0.0112  0.00682 0.00596 0.00693 0.01111 0.02504 0.08112
 0.53575 0.26912]
