N_times
i	r_arr		v_i_n	tau_i
0	[0.01850531]	0.00477	0.00659
1	[0.01713454]	0.00644	0.01197
2	[0.00581351]	0.00282	0.00423
3	[0.00373725]	0.00206	0.00277
4	[0.00352963]	0.00252	0.00277
5	[0.00451792]	0.00404	0.00444
6	[0.00770101]	0.00844	0.00852
7	[0.01796902]	0.02182	0.0231
8	[0.06289156]	0.07247	0.08273
9	[0.43125641]	0.46565	0.56907
10	[0.42694385]	0.40898	0.28379
N_avar=16476.0
T_avar=[6544.67421]

Average number of individs A1:
r_arr:[8.90255]
v_i_n_test:9.11233
tau_i_test:8.89621
Max_v_i_differ=0.46212
Max_tau_i_differ:0.56554
R_i_n2:=[  79.  106.   46.   34.   41.   66.  140.  360. 1194. 7672. 6738.]
v_i_n2:[0.00477 0.00644 0.00282 0.00206 0.00252 0.00404 0.00844 0.02182 0.07247
 0.46565 0.40898]
tau_i2:[0.00659 0.01197 0.00423 0.00277 0.00277 0.00444 0.00852 0.0231  0.08273
 0.56907 0.28379]
