N_times
i	r_arr		v_i_n	tau_i
0	[0.01850531]	0.00974	0.01318
1	[0.01713454]	0.01342	0.02494
2	[0.00581351]	0.00637	0.00962
3	[0.00373725]	0.00537	0.00681
4	[0.00352963]	0.00516	0.00604
5	[0.00451792]	0.00591	0.00618
6	[0.00770101]	0.0099	0.01054
7	[0.01796902]	0.02216	0.02445
8	[0.06289156]	0.07265	0.08095
9	[0.43125641]	0.45315	0.54749
10	[0.42694385]	0.39618	0.2698
N_avar=16646.0
T_avar=[6747.21782]

Average number of individs A1:
r_arr:[8.90255]
v_i_n_test:8.92833
tau_i_test:8.62707
Max_v_i_differ=0.44962
Max_tau_i_differ:0.54396
R_i_n2:=[ 166.  228.  108.   91.   88.   99.  165.  369. 1208. 7537. 6590.]
v_i_n2:[0.00974 0.01342 0.00637 0.00537 0.00516 0.00591 0.0099  0.02216 0.07265
 0.45315 0.39618]
tau_i2:[0.01318 0.02494 0.00962 0.00681 0.00604 0.00618 0.01054 0.02445 0.08095
 0.54749 0.2698 ]
