N_times
i	r_arr		v_i_n	tau_i
0	[0.01850531]	0.01127	0.01474
1	[0.01713454]	0.01496	0.02719
2	[0.00581351]	0.00611	0.00879
3	[0.00373725]	0.00498	0.00632
4	[0.00352963]	0.00567	0.00625
5	[0.00451792]	0.00686	0.00754
6	[0.00770101]	0.00999	0.01065
7	[0.01796902]	0.02281	0.02377
8	[0.06289156]	0.07517	0.08414
9	[0.43125641]	0.45039	0.54626
10	[0.42694385]	0.39179	0.26435
N_avar=16577.0
T_avar=[6761.70092]

Average number of individs A1:
r_arr:[8.90255]
v_i_n_test:8.89148
tau_i_test:8.58968
Max_v_i_differ=0.44686
Max_tau_i_differ:0.54273
R_i_n2:=[ 187.  248.  101.   82.   94.  114.  165.  378. 1246. 7468. 6495.]
v_i_n2:[0.01127 0.01496 0.00611 0.00498 0.00567 0.00686 0.00999 0.02281 0.07517
 0.45039 0.39179]
tau_i2:[0.01474 0.02719 0.00879 0.00632 0.00625 0.00754 0.01065 0.02377 0.08414
 0.54626 0.26435]
