N_times
i	r_arr		v_i_n	tau_i
0	[0.05072954]	0.04279	0.04741
1	[0.0469718]	0.05511	0.08378
2	[0.0142593]	0.01916	0.02397
3	[0.00814817]	0.01204	0.01321
4	[0.00679014]	0.01079	0.01108
5	[0.00760496]	0.01167	0.01142
6	[0.0112346]	0.01611	0.0152
7	[0.02246919]	0.0293	0.02933
8	[0.06654338]	0.07753	0.08077
9	[0.38024791]	0.39189	0.45443
10	[0.38500101]	0.33363	0.22938
N_avar=19594.0
T_avar=[9750.09958]

Average number of individs A1:
r_arr:[8.1944]
v_i_n_test:8.01637
tau_i_test:7.59911
Max_v_i_differ=0.3851
Max_tau_i_differ:0.44764
R_i_n2:=[ 838. 1081.  375.  236.  211.  228.  316.  574. 1520. 7678. 6536.]
v_i_n2:[0.04279 0.05511 0.01916 0.01204 0.01079 0.01167 0.01611 0.0293  0.07753
 0.39189 0.33363]
tau_i2:[0.04741 0.08378 0.02397 0.01321 0.01108 0.01142 0.0152  0.02933 0.08077
 0.45443 0.22938]
