N_times
i	r_arr		v_i_n	tau_i
0	[0.05072954]	0.03023	0.03356
1	[0.0469718]	0.04016	0.06367
2	[0.0142593]	0.01563	0.01971
3	[0.00814817]	0.01015	0.0109
4	[0.00679014]	0.00919	0.00927
5	[0.00760496]	0.00994	0.00954
6	[0.0112346]	0.01338	0.0129
7	[0.02246919]	0.02838	0.02716
8	[0.06654338]	0.08119	0.08565
9	[0.38024791]	0.41139	0.48398
10	[0.38500101]	0.35037	0.24366
N_avar=19130.0
T_avar=[9428.60179]

Average number of individs A1:
r_arr:[8.1944]
v_i_n_test:8.323
tau_i_test:7.96571
Max_v_i_differ=0.4046
Max_tau_i_differ:0.47719
R_i_n2:=[ 582.  774.  302.  196.  176.  191.  257.  543. 1551. 7860. 6695.]
v_i_n2:[0.03023 0.04016 0.01563 0.01015 0.00919 0.00994 0.01338 0.02838 0.08119
 0.41139 0.35037]
tau_i2:[0.03356 0.06367 0.01971 0.0109  0.00927 0.00954 0.0129  0.02716 0.08565
 0.48398 0.24366]
