N_times
i	r_arr		v_i_n	tau_i
0	[0.05072954]	0.03274	0.03623
1	[0.0469718]	0.04275	0.06644
2	[0.0142593]	0.0154	0.01964
3	[0.00814817]	0.00961	0.01058
4	[0.00679014]	0.00872	0.00884
5	[0.00760496]	0.00997	0.00963
6	[0.0112346]	0.01448	0.01416
7	[0.02246919]	0.02812	0.02772
8	[0.06654338]	0.07798	0.08264
9	[0.38024791]	0.40957	0.47833
10	[0.38500101]	0.35065	0.24581
N_avar=19034.0
T_avar=[9308.24672]

Average number of individs A1:
r_arr:[8.1944]
v_i_n_test:8.2873
tau_i_test:7.92416
Max_v_i_differ=0.40278
Max_tau_i_differ:0.47154
R_i_n2:=[ 623.  814.  292.  182.  166.  190.  276.  535. 1484. 7796. 6674.]
v_i_n2:[0.03274 0.04275 0.0154  0.00961 0.00872 0.00997 0.01448 0.02812 0.07798
 0.40957 0.35065]
tau_i2:[0.03623 0.06644 0.01964 0.01058 0.00884 0.00963 0.01416 0.02772 0.08264
 0.47833 0.24581]
