N_times
i	r_arr		v_i_n	tau_i
0	[0.05072954]	0.03248	0.03627
1	[0.0469718]	0.04352	0.06912
2	[0.0142593]	0.0162	0.01997
3	[0.00814817]	0.00918	0.01
4	[0.00679014]	0.00832	0.00827
5	[0.00760496]	0.0096	0.00909
6	[0.0112346]	0.01475	0.01403
7	[0.02246919]	0.02888	0.02905
8	[0.06654338]	0.07937	0.08317
9	[0.38024791]	0.40882	0.47874
10	[0.38500101]	0.34887	0.24228
N_avar=18989.0
T_avar=[9365.08088]

Average number of individs A1:
r_arr:[8.1944]
v_i_n_test:8.27844
tau_i_test:7.90194
Max_v_i_differ=0.40203
Max_tau_i_differ:0.47195
R_i_n2:=[ 618.  827.  308.  175.  158.  182.  280.  548. 1508. 7762. 6624.]
v_i_n2:[0.03248 0.04352 0.0162  0.00918 0.00832 0.0096  0.01475 0.02888 0.07937
 0.40882 0.34887]
tau_i2:[0.03627 0.06912 0.01997 0.01    0.00827 0.00909 0.01403 0.02905 0.08317
 0.47874 0.24228]
