N_times
i	r_arr		v_i_n	tau_i
0	[0.05072954]	0.02017	0.02245
1	[0.0469718]	0.02677	0.04382
2	[0.0142593]	0.01035	0.01367
3	[0.00814817]	0.00727	0.00819
4	[0.00679014]	0.00773	0.00787
5	[0.00760496]	0.00947	0.00952
6	[0.0112346]	0.01435	0.01413
7	[0.02246919]	0.02942	0.02933
8	[0.06654338]	0.08221	0.08782
9	[0.38024791]	0.42708	0.5055
10	[0.38500101]	0.36517	0.25771
N_avar=18721.0
T_avar=[9074.68343]

Average number of individs A1:
r_arr:[8.1944]
v_i_n_test:8.59269
tau_i_test:8.29406
Max_v_i_differ=0.42029
Max_tau_i_differ:0.49871
R_i_n2:=[ 378.  502.  194.  136.  145.  177.  268.  550. 1539. 7996. 6837.]
v_i_n2:[0.02017 0.02677 0.01035 0.00727 0.00773 0.00947 0.01435 0.02942 0.08221
 0.42708 0.36517]
tau_i2:[0.02245 0.04382 0.01367 0.00819 0.00787 0.00952 0.01413 0.02933 0.08782
 0.5055  0.25771]
