N_times
i	r_arr		v_i_n	tau_i
0	[0.05072954]	0.03591	0.03932
1	[0.0469718]	0.04798	0.07538
2	[0.0142593]	0.01828	0.02242
3	[0.00814817]	0.01158	0.01228
4	[0.00679014]	0.00997	0.01003
5	[0.00760496]	0.01112	0.01068
6	[0.0112346]	0.01617	0.01568
7	[0.02246919]	0.02991	0.02933
8	[0.06654338]	0.07977	0.08357
9	[0.38024791]	0.39944	0.46563
10	[0.38500101]	0.33988	0.23568
N_avar=19032.0
T_avar=[9448.83381]

Average number of individs A1:
r_arr:[8.1944]
v_i_n_test:8.15307
tau_i_test:7.766
Max_v_i_differ=0.39265
Max_tau_i_differ:0.45884
R_i_n2:=[ 692.  924.  352.  221.  189.  212.  307.  568. 1513. 7590. 6460.]
v_i_n2:[0.03591 0.04798 0.01828 0.01158 0.00997 0.01112 0.01617 0.02991 0.07977
 0.39944 0.33988]
tau_i2:[0.03932 0.07538 0.02242 0.01228 0.01003 0.01068 0.01568 0.02933 0.08357
 0.46563 0.23568]
