N_times
i	r_arr		v_i_n	tau_i
0	[0.05072954]	0.0192	0.02177
1	[0.0469718]	0.0254	0.04107
2	[0.0142593]	0.01049	0.01368
3	[0.00814817]	0.00776	0.00883
4	[0.00679014]	0.00742	0.00775
5	[0.00760496]	0.00977	0.00962
6	[0.0112346]	0.01557	0.01531
7	[0.02246919]	0.03029	0.03018
8	[0.06654338]	0.08273	0.08842
9	[0.38024791]	0.4268	0.50547
10	[0.38500101]	0.36457	0.25789
N_avar=18534.0
T_avar=[8986.81607]

Average number of individs A1:
r_arr:[8.1944]
v_i_n_test:8.60238
tau_i_test:8.31263
Max_v_i_differ=0.42001
Max_tau_i_differ:0.49868
R_i_n2:=[ 356.  471.  195.  144.  138.  180.  289.  561. 1533. 7910. 6757.]
v_i_n2:[0.0192  0.0254  0.01049 0.00776 0.00742 0.00977 0.01557 0.03029 0.08273
 0.4268  0.36457]
tau_i2:[0.02177 0.04107 0.01368 0.00883 0.00775 0.00962 0.01531 0.03018 0.08842
 0.50547 0.25789]
