N_times
i	r_arr		v_i_n	tau_i
0	[0.05072954]	0.03037	0.03371
1	[0.0469718]	0.03991	0.06242
2	[0.0142593]	0.01492	0.01879
3	[0.00814817]	0.00976	0.01096
4	[0.00679014]	0.00873	0.00904
5	[0.00760496]	0.01036	0.01001
6	[0.0112346]	0.01534	0.01471
7	[0.02246919]	0.02943	0.02885
8	[0.06654338]	0.081	0.08507
9	[0.38024791]	0.41055	0.48142
10	[0.38500101]	0.34963	0.245
N_avar=18586.0
T_avar=[9125.27433]

Average number of individs A1:
r_arr:[8.1944]
v_i_n_test:8.32305
tau_i_test:7.97264
Max_v_i_differ=0.40376
Max_tau_i_differ:0.47463
R_i_n2:=[ 568.  746.  279.  182.  163.  194.  286.  547. 1504. 7623. 6493.]
v_i_n2:[0.03037 0.03991 0.01492 0.00976 0.00873 0.01036 0.01534 0.02943 0.081
 0.41055 0.34963]
tau_i2:[0.03371 0.06242 0.01879 0.01096 0.00904 0.01001 0.01471 0.02885 0.08507
 0.48142 0.245  ]
