N_times
i	r_arr		v_i_n	tau_i
0	[0.05072954]	0.01701	0.0194
1	[0.0469718]	0.02328	0.03866
2	[0.0142593]	0.01018	0.01344
3	[0.00814817]	0.00715	0.00791
4	[0.00679014]	0.00666	0.00673
5	[0.00760496]	0.00868	0.00857
6	[0.0112346]	0.0143	0.01435
7	[0.02246919]	0.0279	0.02829
8	[0.06654338]	0.07997	0.08529
9	[0.38024791]	0.43303	0.51212
10	[0.38500101]	0.37186	0.26525
N_avar=18320.0
T_avar=[8805.4871]

Average number of individs A1:
r_arr:[8.1944]
v_i_n_test:8.67186
tau_i_test:8.38707
Max_v_i_differ=0.42624
Max_tau_i_differ:0.50533
R_i_n2:=[ 312.  427.  186.  130.  122.  159.  262.  511. 1465. 7933. 6812.]
v_i_n2:[0.01701 0.02328 0.01018 0.00715 0.00666 0.00868 0.0143  0.0279  0.07997
 0.43303 0.37186]
tau_i2:[0.0194  0.03866 0.01344 0.00791 0.00673 0.00857 0.01435 0.02829 0.08529
 0.51212 0.26525]
