N_times
i	r_arr		v_i_n	tau_i
0	[0.05072954]	0.03091	0.03432
1	[0.0469718]	0.0414	0.06568
2	[0.0142593]	0.01547	0.01876
3	[0.00814817]	0.00973	0.01051
4	[0.00679014]	0.00973	0.00975
5	[0.00760496]	0.01181	0.0117
6	[0.0112346]	0.01679	0.01588
7	[0.02246919]	0.02966	0.02992
8	[0.06654338]	0.08063	0.08458
9	[0.38024791]	0.40744	0.47803
10	[0.38500101]	0.34643	0.24088
N_avar=18910.0
T_avar=[9343.75962]

Average number of individs A1:
r_arr:[8.1944]
v_i_n_test:8.28416
tau_i_test:7.92466
Max_v_i_differ=0.40065
Max_tau_i_differ:0.47124
R_i_n2:=[ 588.  786.  294.  186.  185.  223.  318.  562. 1525. 7700. 6547.]
v_i_n2:[0.03091 0.0414  0.01547 0.00973 0.00973 0.01181 0.01679 0.02966 0.08063
 0.40744 0.34643]
tau_i2:[0.03432 0.06568 0.01876 0.01051 0.00975 0.0117  0.01588 0.02992 0.08458
 0.47803 0.24088]
