N_times
i	r_arr		v_i_n	tau_i
0	[0.05072954]	0.03469	0.03895
1	[0.0469718]	0.04451	0.06719
2	[0.0142593]	0.01543	0.01927
3	[0.00814817]	0.00994	0.01122
4	[0.00679014]	0.00926	0.00947
5	[0.00760496]	0.01138	0.01097
6	[0.0112346]	0.01623	0.01575
7	[0.02246919]	0.02847	0.0289
8	[0.06654338]	0.07643	0.08028
9	[0.38024791]	0.4057	0.47374
10	[0.38500101]	0.34796	0.24424
N_avar=18957.0
T_avar=[9267.59947]

Average number of individs A1:
r_arr:[8.1944]
v_i_n_test:8.23814
tau_i_test:7.87722
Max_v_i_differ=0.39891
Max_tau_i_differ:0.46695
R_i_n2:=[ 658.  844.  292.  188.  176.  216.  308.  540. 1449. 7690. 6596.]
v_i_n2:[0.03469 0.04451 0.01543 0.00994 0.00926 0.01138 0.01623 0.02847 0.07643
 0.4057  0.34796]
tau_i2:[0.03895 0.06719 0.01927 0.01122 0.00947 0.01097 0.01575 0.0289  0.08028
 0.47374 0.24424]
