N_times
i	r_arr		v_i_n	tau_i
0	[0.05072954]	0.02731	0.03036
1	[0.0469718]	0.03625	0.05631
2	[0.0142593]	0.01379	0.01768
3	[0.00814817]	0.00776	0.00871
4	[0.00679014]	0.00593	0.00601
5	[0.00760496]	0.00772	0.00761
6	[0.0112346]	0.01374	0.01315
7	[0.02246919]	0.03161	0.02986
8	[0.06654338]	0.08593	0.09272
9	[0.38024791]	0.4167	0.49288
10	[0.38500101]	0.35326	0.24472
N_avar=15296.0
T_avar=[4799.64312]

Average number of individs A1:
r_arr:[8.1944]
v_i_n_test:8.42348
tau_i_test:8.09269
Max_v_i_differ=0.40991
Max_tau_i_differ:0.48609
R_i_n2:=[ 420.  557.  212.  119.   90.  117.  210.  483. 1313. 6372. 5403.]
v_i_n2:[0.02731 0.03625 0.01379 0.00776 0.00593 0.00772 0.01374 0.03161 0.08593
 0.4167  0.35326]
tau_i2:[0.03036 0.05631 0.01768 0.00871 0.00601 0.00761 0.01315 0.02986 0.09272
 0.49288 0.24472]
