N_times
i	r_arr		v_i_n	tau_i
0	[0.05072954]	0.03087	0.03388
1	[0.0469718]	0.04152	0.06591
2	[0.0142593]	0.01707	0.02137
3	[0.00814817]	0.00991	0.01056
4	[0.00679014]	0.00745	0.00734
5	[0.00760496]	0.00866	0.00834
6	[0.0112346]	0.01269	0.01206
7	[0.02246919]	0.02569	0.02501
8	[0.06654338]	0.07949	0.08115
9	[0.38024791]	0.41424	0.48982
10	[0.38500101]	0.35241	0.24456
N_avar=15554.0
T_avar=[4895.28066]

Average number of individs A1:
r_arr:[8.1944]
v_i_n_test:8.32264
tau_i_test:7.962
Max_v_i_differ=0.40745
Max_tau_i_differ:0.48303
R_i_n2:=[ 488.  656.  269.  156.  117.  136.  198.  399. 1236. 6431. 5471.]
v_i_n2:[0.03087 0.04152 0.01707 0.00991 0.00745 0.00866 0.01269 0.02569 0.07949
 0.41424 0.35241]
tau_i2:[0.03388 0.06591 0.02137 0.01056 0.00734 0.00834 0.01206 0.02501 0.08115
 0.48982 0.24456]
