N_times
i	r_arr		v_i_n	tau_i
0	[0.05072954]	0.03686	0.04096
1	[0.0469718]	0.04778	0.07355
2	[0.0142593]	0.01639	0.02067
3	[0.00814817]	0.00935	0.01022
4	[0.00679014]	0.00812	0.00839
5	[0.00760496]	0.01016	0.00968
6	[0.0112346]	0.01404	0.01389
7	[0.02246919]	0.02689	0.02591
8	[0.06654338]	0.07962	0.08225
9	[0.38024791]	0.40581	0.47619
10	[0.38500101]	0.34497	0.23829
N_avar=15913.0
T_avar=[4988.96202]

Average number of individs A1:
r_arr:[8.1944]
v_i_n_test:8.20331
tau_i_test:7.81883
Max_v_i_differ=0.39902
Max_tau_i_differ:0.4694
R_i_n2:=[ 587.  761.  260.  149.  129.  162.  223.  428. 1268. 6456. 5488.]
v_i_n2:[0.03686 0.04778 0.01639 0.00935 0.00812 0.01016 0.01404 0.02689 0.07962
 0.40581 0.34497]
tau_i2:[0.04096 0.07355 0.02067 0.01022 0.00839 0.00968 0.01389 0.02591 0.08225
 0.47619 0.23829]
