N_times
i	r_arr		v_i_n	tau_i
0	[0.05072954]	0.03579	0.03882
1	[0.0469718]	0.04651	0.07184
2	[0.0142593]	0.01694	0.02159
3	[0.00814817]	0.01078	0.01181
4	[0.00679014]	0.00938	0.0097
5	[0.00760496]	0.01056	0.01052
6	[0.0112346]	0.01506	0.01429
7	[0.02246919]	0.0295	0.02906
8	[0.06654338]	0.0797	0.08354
9	[0.38024791]	0.40268	0.47175
10	[0.38500101]	0.3431	0.23709
N_avar=16090.0
T_avar=[5067.68812]

Average number of individs A1:
r_arr:[8.1944]
v_i_n_test:8.19263
tau_i_test:7.81598
Max_v_i_differ=0.39589
Max_tau_i_differ:0.46496
R_i_n2:=[ 579.  752.  274.  174.  151.  170.  243.  474. 1281. 6475. 5517.]
v_i_n2:[0.03579 0.04651 0.01694 0.01078 0.00938 0.01056 0.01506 0.0295  0.0797
 0.40268 0.3431 ]
tau_i2:[0.03882 0.07184 0.02159 0.01181 0.0097  0.01052 0.01429 0.02906 0.08354
 0.47175 0.23709]
