N_times
i	r_arr		v_i_n	tau_i
0	[0.01850531]	0.00912	0.01265
1	[0.01713454]	0.01186	0.02106
2	[0.00581351]	0.00518	0.00825
3	[0.00373725]	0.00443	0.00566
4	[0.00352963]	0.00461	0.00555
5	[0.00451792]	0.00596	0.0067
6	[0.00770101]	0.00949	0.00985
7	[0.01796902]	0.02141	0.02296
8	[0.06289156]	0.07223	0.08045
9	[0.43125641]	0.45634	0.55539
10	[0.42694385]	0.39937	0.27147
N_avar=13333.0
T_avar=[3400.54374]

Average number of individs A1:
r_arr:[8.90255]
v_i_n_test:8.96916
tau_i_test:8.68687
Max_v_i_differ=0.45281
Max_tau_i_differ:0.55186
R_i_n2:=[ 121.  158.   68.   60.   61.   79.  127.  286.  963. 6084. 5325.]
v_i_n2:[0.00912 0.01186 0.00518 0.00443 0.00461 0.00596 0.00949 0.02141 0.07223
 0.45634 0.39937]
tau_i2:[0.01265 0.02106 0.00825 0.00566 0.00555 0.0067  0.00985 0.02296 0.08045
 0.55539 0.27147]
