N_times
i	r_arr		v_i_n	tau_i
0	[0.01850531]	0.0093	0.01238
1	[0.01713454]	0.01287	0.02457
2	[0.00581351]	0.00563	0.00795
3	[0.00373725]	0.00443	0.00556
4	[0.00352963]	0.00501	0.00586
5	[0.00451792]	0.00606	0.00673
6	[0.00770101]	0.00998	0.0105
7	[0.01796902]	0.02315	0.02445
8	[0.06289156]	0.07522	0.08431
9	[0.43125641]	0.45353	0.55089
10	[0.42694385]	0.3948	0.26679
N_avar=13872.0
T_avar=[3576.56174]

Average number of individs A1:
r_arr:[8.90255]
v_i_n_test:8.94122
tau_i_test:8.64878
Max_v_i_differ=0.45
Max_tau_i_differ:0.54736
R_i_n2:=[ 129.  179.   78.   61.   70.   84.  138.  321. 1044. 6292. 5476.]
v_i_n2:[0.0093  0.01287 0.00563 0.00443 0.00501 0.00606 0.00998 0.02315 0.07522
 0.45353 0.3948 ]
tau_i2:[0.01238 0.02457 0.00795 0.00556 0.00586 0.00673 0.0105  0.02445 0.08431
 0.55089 0.26679]
