N_times
i	r_arr		v_i_n	tau_i
0	[0.01850531]	0.00824	0.01148
1	[0.01713454]	0.01183	0.02313
2	[0.00581351]	0.00625	0.00914
3	[0.00373725]	0.00477	0.00614
4	[0.00352963]	0.00462	0.00497
5	[0.00451792]	0.0055	0.00593
6	[0.00770101]	0.00813	0.00882
7	[0.01796902]	0.01916	0.0202
8	[0.06289156]	0.0718	0.07897
9	[0.43125641]	0.45873	0.55975
10	[0.42694385]	0.40095	0.27149
N_avar=13510.0
T_avar=[3460.44729]

Average number of individs A1:
r_arr:[8.90255]
v_i_n_test:8.97999
tau_i_test:8.68809
Max_v_i_differ=0.4552
Max_tau_i_differ:0.55622
R_i_n2:=[ 111.  160.   84.   64.   62.   74.  110.  259.  970. 6198. 5416.]
v_i_n2:[0.00824 0.01183 0.00625 0.00477 0.00462 0.0055  0.00813 0.01916 0.0718
 0.45873 0.40095]
tau_i2:[0.01148 0.02313 0.00914 0.00614 0.00497 0.00593 0.00882 0.0202  0.07897
 0.55975 0.27149]
