N_times
i	r_arr		v_i_n	tau_i
0	[0.01850531]	0.01892	0.02529
1	[0.01713454]	0.0247	0.04292
2	[0.00581351]	0.00883	0.01333
3	[0.00373725]	0.00522	0.00662
4	[0.00352963]	0.0043	0.00482
5	[0.00451792]	0.00501	0.00534
6	[0.00770101]	0.00852	0.0089
7	[0.01796902]	0.02091	0.0221
8	[0.06289156]	0.07072	0.07757
9	[0.43125641]	0.4442	0.53097
10	[0.42694385]	0.38868	0.26215
N_avar=13854.0
T_avar=[3594.67314]

Average number of individs A1:
r_arr:[8.90255]
v_i_n_test:8.74812
tau_i_test:8.36431
Max_v_i_differ=0.44067
Max_tau_i_differ:0.52744
R_i_n2:=[ 266.  348.  125.   74.   60.   70.  118.  290.  980. 6146. 5378.]
v_i_n2:[0.01892 0.0247  0.00883 0.00522 0.0043  0.00501 0.00852 0.02091 0.07072
 0.4442  0.38868]
tau_i2:[0.02529 0.04292 0.01333 0.00662 0.00482 0.00534 0.0089  0.0221  0.07757
 0.53097 0.26215]
