N_times
i	r_arr		v_i_n	tau_i
0	[0.01850531]	0.00683	0.00924
1	[0.01713454]	0.00898	0.01648
2	[0.00581351]	0.00345	0.00539
3	[0.00373725]	0.0026	0.0033
4	[0.00352963]	0.00322	0.00389
5	[0.00451792]	0.00488	0.0053
6	[0.00770101]	0.00937	0.01033
7	[0.01796902]	0.02066	0.02306
8	[0.06289156]	0.07052	0.07862
9	[0.43125641]	0.46291	0.56488
10	[0.42694385]	0.40657	0.27952
N_avar=13502.0
T_avar=[3397.193]

Average number of individs A1:
r_arr:[8.90255]
v_i_n_test:9.05785
tau_i_test:8.8107
Max_v_i_differ=0.45938
Max_tau_i_differ:0.56135
R_i_n2:=[  92.  122.   46.   34.   43.   66.  126.  278.  953. 6251. 5489.]
v_i_n2:[0.00683 0.00898 0.00345 0.0026  0.00322 0.00488 0.00937 0.02066 0.07052
 0.46291 0.40657]
tau_i2:[0.00924 0.01648 0.00539 0.0033  0.00389 0.0053  0.01033 0.02306 0.07862
 0.56488 0.27952]
