N_times
i	r_arr		v_i_n	tau_i
0	[0.01850531]	0.01374	0.01867
1	[0.01713454]	0.01848	0.03423
2	[0.00581351]	0.00725	0.01022
3	[0.00373725]	0.00468	0.00603
4	[0.00352963]	0.00444	0.00506
5	[0.00451792]	0.00539	0.00581
6	[0.00770101]	0.00924	0.00995
7	[0.01796902]	0.02161	0.02362
8	[0.06289156]	0.07172	0.08078
9	[0.43125641]	0.44988	0.5388
10	[0.42694385]	0.39358	0.26684
N_avar=14236.0
T_avar=[3657.3597]

Average number of individs A1:
r_arr:[8.90255]
v_i_n_test:8.85692
tau_i_test:8.51093
Max_v_i_differ=0.44635
Max_tau_i_differ:0.53527
R_i_n2:=[ 198.  266.  104.   68.   64.   76.  131.  307. 1021. 6402. 5600.]
v_i_n2:[0.01374 0.01848 0.00725 0.00468 0.00444 0.00539 0.00924 0.02161 0.07172
 0.44988 0.39358]
tau_i2:[0.01867 0.03423 0.01022 0.00603 0.00506 0.00581 0.00995 0.02362 0.08078
 0.5388  0.26684]
