N_times
i	r_arr		v_i_n	tau_i
0	[0.01850531]	0.01447	0.01966
1	[0.01713454]	0.01892	0.03392
2	[0.00581351]	0.00705	0.01074
3	[0.00373725]	0.00464	0.0058
4	[0.00352963]	0.00448	0.0053
5	[0.00451792]	0.00644	0.00661
6	[0.00770101]	0.0099	0.01105
7	[0.01796902]	0.01923	0.02083
8	[0.06289156]	0.06747	0.07426
9	[0.43125641]	0.45081	0.53939
10	[0.42694385]	0.39659	0.27243
N_avar=14028.0
T_avar=[3572.43484]

Average number of individs A1:
r_arr:[8.90255]
v_i_n_test:8.85402
tau_i_test:8.51205
Max_v_i_differ=0.44728
Max_tau_i_differ:0.53586
R_i_n2:=[ 206.  269.  100.   66.   63.   90.  139.  270.  948. 6319. 5558.]
v_i_n2:[0.01447 0.01892 0.00705 0.00464 0.00448 0.00644 0.0099  0.01923 0.06747
 0.45081 0.39659]
tau_i2:[0.01966 0.03392 0.01074 0.0058  0.0053  0.00661 0.01105 0.02083 0.07426
 0.53939 0.27243]
