N_times
i	r_arr		v_i_n	tau_i
0	[0.01850531]	0.00958	0.01361
1	[0.01713454]	0.01333	0.02532
2	[0.00581351]	0.00607	0.00865
3	[0.00373725]	0.0044	0.00588
4	[0.00352963]	0.00506	0.00574
5	[0.00451792]	0.00619	0.0071
6	[0.00770101]	0.00805	0.00906
7	[0.01796902]	0.01968	0.0201
8	[0.06289156]	0.07121	0.07947
9	[0.43125641]	0.45638	0.55032
10	[0.42694385]	0.40003	0.27475
N_avar=13705.0
T_avar=[3488.02052]

Average number of individs A1:
r_arr:[8.90255]
v_i_n_test:8.95332
tau_i_test:8.64992
Max_v_i_differ=0.45285
Max_tau_i_differ:0.54679
R_i_n2:=[ 135.  189.   86.   63.   71.   87.  112.  272.  973. 6242. 5473.]
v_i_n2:[0.00958 0.01333 0.00607 0.0044  0.00506 0.00619 0.00805 0.01968 0.07121
 0.45638 0.40003]
tau_i2:[0.01361 0.02532 0.00865 0.00588 0.00574 0.0071  0.00906 0.0201  0.07947
 0.55032 0.27475]
