N_times
i	r_arr		v_i_n	tau_i
0	[0.01850531]	0.01583	0.02163
1	[0.01713454]	0.02112	0.03724
2	[0.00581351]	0.00931	0.01383
3	[0.00373725]	0.00726	0.00953
4	[0.00352963]	0.00649	0.00732
5	[0.00451792]	0.00741	0.00817
6	[0.00770101]	0.01175	0.01249
7	[0.01796902]	0.02426	0.02645
8	[0.06289156]	0.07113	0.0808
9	[0.43125641]	0.43995	0.52351
10	[0.42694385]	0.3855	0.25904
N_avar=14492.0
T_avar=[3746.27437]

Average number of individs A1:
r_arr:[8.90255]
v_i_n_test:8.74844
tau_i_test:8.3721
Max_v_i_differ=0.43642
Max_tau_i_differ:0.51998
R_i_n2:=[ 231.  309.  136.  106.   94.  108.  171.  352. 1031. 6370. 5582.]
v_i_n2:[0.01583 0.02112 0.00931 0.00726 0.00649 0.00741 0.01175 0.02426 0.07113
 0.43995 0.3855 ]
tau_i2:[0.02163 0.03724 0.01383 0.00953 0.00732 0.00817 0.01249 0.02645 0.0808
 0.52351 0.25904]
