N_times
i	r_arr		v_i_n	tau_i
0	[0.01850531]	0.01087	0.01497
1	[0.01713454]	0.01424	0.02705
2	[0.00581351]	0.00556	0.00813
3	[0.00373725]	0.00426	0.0054
4	[0.00352963]	0.00475	0.00548
5	[0.00451792]	0.00569	0.00641
6	[0.00770101]	0.00863	0.00926
7	[0.01796902]	0.0209	0.02245
8	[0.06289156]	0.06917	0.07849
9	[0.43125641]	0.45491	0.54621
10	[0.42694385]	0.40103	0.27613
N_avar=14257.0
T_avar=[3595.74945]

Average number of individs A1:
r_arr:[8.90255]
v_i_n_test:8.94152
tau_i_test:8.6313
Max_v_i_differ=0.45138
Max_tau_i_differ:0.54268
R_i_n2:=[ 155.  202.   80.   61.   67.   80.  122.  298.  986. 6487. 5718.]
v_i_n2:[0.01087 0.01424 0.00556 0.00426 0.00475 0.00569 0.00863 0.0209  0.06917
 0.45491 0.40103]
tau_i2:[0.01497 0.02705 0.00813 0.0054  0.00548 0.00641 0.00926 0.02245 0.07849
 0.54621 0.27613]
