N_times
i	r_arr		v_i_n	tau_i
0	[0.01850531]	0.01984	0.02683
1	[0.01713454]	0.02636	0.04655
2	[0.00581351]	0.00991	0.01412
3	[0.00373725]	0.00588	0.0073
4	[0.00352963]	0.0054	0.00625
5	[0.00451792]	0.00679	0.00753
6	[0.00770101]	0.00912	0.00987
7	[0.01796902]	0.01902	0.02011
8	[0.06289156]	0.06741	0.07259
9	[0.43125641]	0.44198	0.52708
10	[0.42694385]	0.38829	0.26177
N_avar=14132.0
T_avar=[3652.96572]

Average number of individs A1:
r_arr:[8.90255]
v_i_n_test:8.70723
tau_i_test:8.30147
Max_v_i_differ=0.43845
Max_tau_i_differ:0.52355
R_i_n2:=[ 285.  379.  142.   84.   78.   96.  130.  270.  952. 6238. 5480.]
v_i_n2:[0.01984 0.02636 0.00991 0.00588 0.0054  0.00679 0.00912 0.01902 0.06741
 0.44198 0.38829]
tau_i2:[0.02683 0.04655 0.01412 0.0073  0.00625 0.00753 0.00987 0.02011 0.07259
 0.52708 0.26177]
