N_times
i	r_arr		v_i_n	tau_i
0	[0.2111437]	0.16305	0.13256
1	[0.19550342]	0.20529	0.24558
2	[0.04887586]	0.06264	0.06206
3	[0.02269236]	0.03379	0.03003
4	[0.01512824]	0.02359	0.01948
5	[0.01331285]	0.02062	0.01669
6	[0.01512824]	0.02442	0.02025
7	[0.02269236]	0.03431	0.03066
8	[0.04887586]	0.06314	0.06224
9	[0.19550342]	0.20599	0.24853
10	[0.2111437]	0.16314	0.13192
N_avar=29220.0
T_avar=[19708.84305]

Average number of individs A1:
r_arr:[5.]
v_i_n_test:5.00652
tau_i_test:5.01117
Max_v_i_differ=0.19268
Max_tau_i_differ:0.23522
R_i_n2:=[4765. 5998. 1830.  987.  689.  603.  714. 1003. 1845. 6020. 4767.]
v_i_n2:[0.16305 0.20529 0.06264 0.03379 0.02359 0.02062 0.02442 0.03431 0.06314
 0.20599 0.16314]
tau_i2:[0.13256 0.24558 0.06206 0.03003 0.01948 0.01669 0.02025 0.03066 0.06224
 0.24853 0.13192]
