N_times
i	r_arr		v_i_n	tau_i
0	[0.2111437]	0.14508	0.1184
1	[0.19550342]	0.18222	0.21697
2	[0.04887586]	0.05519	0.05513
3	[0.02269236]	0.02964	0.02595
4	[0.01512824]	0.02259	0.01916
5	[0.01331285]	0.02308	0.01903
6	[0.01512824]	0.02645	0.02178
7	[0.02269236]	0.03621	0.03178
8	[0.04887586]	0.06934	0.06876
9	[0.19550342]	0.22888	0.27577
10	[0.2111437]	0.18132	0.14728
N_avar=29164.0
T_avar=[19596.52438]

Average number of individs A1:
r_arr:[5.]
v_i_n_test:5.42729
tau_i_test:5.43482
Max_v_i_differ=0.21557
Max_tau_i_differ:0.26246
R_i_n2:=[4240. 5326. 1612.  864.  658.  672.  771. 1055. 2020. 6666. 5280.]
v_i_n2:[0.14508 0.18222 0.05519 0.02964 0.02259 0.02308 0.02645 0.03621 0.06934
 0.22888 0.18132]
tau_i2:[0.1184  0.21697 0.05513 0.02595 0.01916 0.01903 0.02178 0.03178 0.06876
 0.27577 0.14728]
