N_times
i	r_arr		v_i_n	tau_i
0	[0.2111437]	0.15122	0.12203
1	[0.19550342]	0.19215	0.23056
2	[0.04887586]	0.06027	0.05955
3	[0.02269236]	0.03202	0.02805
4	[0.01512824]	0.02286	0.01886
5	[0.01331285]	0.02089	0.01683
6	[0.01512824]	0.02481	0.02012
7	[0.02269236]	0.03604	0.03162
8	[0.04887586]	0.0682	0.06755
9	[0.19550342]	0.2189	0.26379
10	[0.2111437]	0.17264	0.14104
N_avar=28995.0
T_avar=[19608.04974]

Average number of individs A1:
r_arr:[5.]
v_i_n_test:5.24788
tau_i_test:5.26037
Max_v_i_differ=0.20559
Max_tau_i_differ:0.25048
R_i_n2:=[4385. 5572. 1747.  928.  664.  606.  718. 1046. 1978. 6347. 5005.]
v_i_n2:[0.15122 0.19215 0.06027 0.03202 0.02286 0.02089 0.02481 0.03604 0.0682
 0.2189  0.17264]
tau_i2:[0.12203 0.23056 0.05955 0.02805 0.01886 0.01683 0.02012 0.03162 0.06755
 0.26379 0.14104]
