N_times
i	r_arr		v_i_n	tau_i
0	[0.2111437]	0.1713	0.13921
1	[0.19550342]	0.21623	0.26075
2	[0.04887586]	0.06611	0.06541
3	[0.02269236]	0.03389	0.02974
4	[0.01512824]	0.02304	0.01928
5	[0.01331285]	0.02025	0.01657
6	[0.01512824]	0.02215	0.01876
7	[0.02269236]	0.03112	0.02766
8	[0.04887586]	0.05875	0.05879
9	[0.19550342]	0.19853	0.23475
10	[0.2111437]	0.15864	0.12909
N_avar=28982.0
T_avar=[19544.29951]

Average number of individs A1:
r_arr:[5.]
v_i_n_test:4.83744
tau_i_test:4.82091
Max_v_i_differ=0.20292
Max_tau_i_differ:0.24744
R_i_n2:=[4960. 6262. 1915.  982.  668.  586.  643.  902. 1703. 5758. 4601.]
v_i_n2:[0.1713  0.21623 0.06611 0.03389 0.02304 0.02025 0.02215 0.03112 0.05875
 0.19853 0.15864]
tau_i2:[0.13921 0.26075 0.06541 0.02974 0.01928 0.01657 0.01876 0.02766 0.05879
 0.23475 0.12909]
