N_times
i	r_arr		v_i_n	tau_i
0	[0.2111437]	0.15118	0.12313
1	[0.19550342]	0.19071	0.22798
2	[0.04887586]	0.05783	0.05716
3	[0.02269236]	0.0299	0.02626
4	[0.01512824]	0.02137	0.01791
5	[0.01331285]	0.0197	0.01606
6	[0.01512824]	0.0228	0.01897
7	[0.02269236]	0.03353	0.02951
8	[0.04887586]	0.06751	0.06661
9	[0.19550342]	0.22614	0.27133
10	[0.2111437]	0.1793	0.14508
N_avar=28820.0
T_avar=[19422.57959]

Average number of individs A1:
r_arr:[5.]
v_i_n_test:5.3199
tau_i_test:5.31906
Max_v_i_differ=0.21283
Max_tau_i_differ:0.25802
R_i_n2:=[4359. 5498. 1667.  862.  615.  568.  656.  966. 1945. 6517. 5167.]
v_i_n2:[0.15118 0.19071 0.05783 0.0299  0.02137 0.0197  0.0228  0.03353 0.06751
 0.22614 0.1793 ]
tau_i2:[0.12313 0.22798 0.05716 0.02626 0.01791 0.01606 0.01897 0.02951 0.06661
 0.27133 0.14508]
