N_times
i	r_arr		v_i_n	tau_i
0	[0.2111437]	0.16934	0.13821
1	[0.19550342]	0.21176	0.25076
2	[0.04887586]	0.06225	0.06154
3	[0.02269236]	0.03262	0.02859
4	[0.01512824]	0.02305	0.01924
5	[0.01331285]	0.02062	0.017
6	[0.01512824]	0.02277	0.0191
7	[0.02269236]	0.03183	0.02864
8	[0.04887586]	0.06136	0.06101
9	[0.19550342]	0.20319	0.24464
10	[0.2111437]	0.16121	0.13127
N_avar=29554.0
T_avar=[19841.8908]

Average number of individs A1:
r_arr:[5.]
v_i_n_test:4.92054
tau_i_test:4.93919
Max_v_i_differ=0.19845
Max_tau_i_differ:0.23745
R_i_n2:=[5002. 6255. 1840.  963.  681.  609.  672.  940. 1814. 6010. 4768.]
v_i_n2:[0.16934 0.21176 0.06225 0.03262 0.02305 0.02062 0.02277 0.03183 0.06136
 0.20319 0.16121]
tau_i2:[0.13821 0.25076 0.06154 0.02859 0.01924 0.017   0.0191  0.02864 0.06101
 0.24464 0.13127]
