N_times
i	r_arr		v_i_n	tau_i
0	[0.2111437]	0.16515	0.13491
1	[0.19550342]	0.20753	0.24785
2	[0.04887586]	0.06082	0.05999
3	[0.02269236]	0.03049	0.02695
4	[0.01512824]	0.02229	0.01871
5	[0.01331285]	0.02111	0.01716
6	[0.01512824]	0.02388	0.02003
7	[0.02269236]	0.03381	0.02957
8	[0.04887586]	0.06306	0.06311
9	[0.19550342]	0.20709	0.24677
10	[0.2111437]	0.16479	0.13498
N_avar=29916.0
T_avar=[20106.44879]

Average number of individs A1:
r_arr:[5.]
v_i_n_test:5.01149
tau_i_test:5.0121
Max_v_i_differ=0.19422
Max_tau_i_differ:0.23454
R_i_n2:=[4938. 6206. 1819.  912.  668.  632.  715. 1012. 1887. 6198. 4932.]
v_i_n2:[0.16515 0.20753 0.06082 0.03049 0.02229 0.02111 0.02388 0.03381 0.06306
 0.20709 0.16479]
tau_i2:[0.13491 0.24785 0.05999 0.02695 0.01871 0.01716 0.02003 0.02957 0.06311
 0.24677 0.13498]
