N_times
i	r_arr		v_i_n	tau_i
0	[0.2111437]	0.16047	0.13062
1	[0.19550342]	0.2012	0.23958
2	[0.04887586]	0.06121	0.06154
3	[0.02269236]	0.03363	0.0298
4	[0.01512824]	0.02311	0.01889
5	[0.01331285]	0.01965	0.01606
6	[0.01512824]	0.02271	0.0188
7	[0.02269236]	0.03397	0.03018
8	[0.04887586]	0.06348	0.06361
9	[0.19550342]	0.21157	0.25278
10	[0.2111437]	0.16901	0.13814
N_avar=30308.0
T_avar=[20353.78978]

Average number of individs A1:
r_arr:[5.]
v_i_n_test:5.09132
tau_i_test:5.09728
Max_v_i_differ=0.19826
Max_tau_i_differ:0.23947
R_i_n2:=[4866. 6100. 1856. 1020.  700.  596.  689. 1030. 1924. 6409. 5119.]
v_i_n2:[0.16047 0.2012  0.06121 0.03363 0.02311 0.01965 0.02271 0.03397 0.06348
 0.21157 0.16901]
tau_i2:[0.13062 0.23958 0.06154 0.0298  0.01889 0.01606 0.0188  0.03018 0.06361
 0.25278 0.13814]
