N_times
i	r_arr		v_i_n	tau_i
0	[0.2111437]	0.1554	0.12687
1	[0.19550342]	0.19553	0.23511
2	[0.04887586]	0.05939	0.05991
3	[0.02269236]	0.03191	0.02805
4	[0.01512824]	0.02301	0.01917
5	[0.01331285]	0.01961	0.01595
6	[0.01512824]	0.02124	0.01772
7	[0.02269236]	0.03212	0.02808
8	[0.04887586]	0.0639	0.06356
9	[0.19550342]	0.22084	0.26139
10	[0.2111437]	0.17704	0.14421
N_avar=29252.0
T_avar=[19569.13136]

Average number of individs A1:
r_arr:[5.]
v_i_n_test:5.22157
tau_i_test:5.20148
Max_v_i_differ=0.20753
Max_tau_i_differ:0.24808
R_i_n2:=[4546. 5721. 1738.  934.  673.  574.  621.  939. 1869. 6458. 5177.]
v_i_n2:[0.1554  0.19553 0.05939 0.03191 0.02301 0.01961 0.02124 0.03212 0.0639
 0.22084 0.17704]
tau_i2:[0.12687 0.23511 0.05991 0.02805 0.01917 0.01595 0.01772 0.02808 0.06356
 0.26139 0.14421]
