N_times
i	r_arr		v_i_n	tau_i
0	[0.2111437]	0.17176	0.13989
1	[0.19550342]	0.21396	0.25261
2	[0.04887586]	0.06328	0.06329
3	[0.02269236]	0.0344	0.0305
4	[0.01512824]	0.02345	0.01916
5	[0.01331285]	0.02122	0.01735
6	[0.01512824]	0.02374	0.01983
7	[0.02269236]	0.03235	0.02843
8	[0.04887586]	0.06137	0.06141
9	[0.19550342]	0.19807	0.23965
10	[0.2111437]	0.1564	0.12788
N_avar=29643.0
T_avar=[19965.77042]

Average number of individs A1:
r_arr:[5.]
v_i_n_test:4.8501
tau_i_test:4.879
Max_v_i_differ=0.20065
Max_tau_i_differ:0.2393
R_i_n2:=[5089. 6340. 1877. 1022.  696.  630.  705.  960. 1820. 5870. 4635.]
v_i_n2:[0.17176 0.21396 0.06328 0.0344  0.02345 0.02122 0.02374 0.03235 0.06137
 0.19807 0.1564 ]
tau_i2:[0.13989 0.25261 0.06329 0.0305  0.01916 0.01735 0.01983 0.02843 0.06141
 0.23965 0.12788]
