N_times
i	r_arr		v_i_n	tau_i
0	[0.2111437]	0.1624	0.13185
1	[0.19550342]	0.20388	0.24359
2	[0.04887586]	0.05921	0.05755
3	[0.02269236]	0.02992	0.0269
4	[0.01512824]	0.02224	0.01858
5	[0.01331285]	0.02017	0.01637
6	[0.01512824]	0.02276	0.01873
7	[0.02269236]	0.03302	0.0289
8	[0.04887586]	0.06507	0.06446
9	[0.19550342]	0.21303	0.2567
10	[0.2111437]	0.16832	0.13636
N_avar=29604.0
T_avar=[19934.07849]

Average number of individs A1:
r_arr:[5.]
v_i_n_test:5.0906
tau_i_test:5.09982
Max_v_i_differ=0.19972
Max_tau_i_differ:0.24339
R_i_n2:=[4821. 6055. 1760.  888.  661.  600.  676.  976. 1919. 6282. 4964.]
v_i_n2:[0.1624  0.20388 0.05921 0.02992 0.02224 0.02017 0.02276 0.03302 0.06507
 0.21303 0.16832]
tau_i2:[0.13185 0.24359 0.05755 0.0269  0.01858 0.01637 0.01873 0.0289  0.06446
 0.2567  0.13636]
