N_times
i	r_arr		v_i_n	tau_i
0	[0.05072954]	0.01869	0.02142
1	[0.0469718]	0.02566	0.04283
2	[0.0142593]	0.01102	0.01389
3	[0.00814817]	0.00847	0.00918
4	[0.00679014]	0.01015	0.01042
5	[0.00760496]	0.01249	0.01234
6	[0.0112346]	0.01697	0.01661
7	[0.02246919]	0.03086	0.03141
8	[0.06654338]	0.08311	0.08957
9	[0.38024791]	0.42253	0.49963
10	[0.38500101]	0.36007	0.2527
N_avar=15081.0
T_avar=[4663.08093]

Average number of individs A1:
r_arr:[8.1944]
v_i_n_test:8.56235
tau_i_test:8.26129
Max_v_i_differ=0.41574
Max_tau_i_differ:0.49284
R_i_n2:=[ 281.  387.  166.  127.  153.  188.  256.  465. 1253. 6372. 5431.]
v_i_n2:[0.01869 0.02566 0.01102 0.00847 0.01015 0.01249 0.01697 0.03086 0.08311
 0.42253 0.36007]
tau_i2:[0.02142 0.04283 0.01389 0.00918 0.01042 0.01234 0.01661 0.03141 0.08957
 0.49963 0.2527 ]
