N_times
i	r_arr		v_i_n	tau_i
0	[0.05072954]	0.02874	0.03214
1	[0.0469718]	0.03758	0.05852
2	[0.0142593]	0.01336	0.01676
3	[0.00814817]	0.0087	0.00941
4	[0.00679014]	0.00879	0.00875
5	[0.00760496]	0.0105	0.01051
6	[0.0112346]	0.01514	0.01483
7	[0.02246919]	0.02889	0.02841
8	[0.06654338]	0.0797	0.08459
9	[0.38024791]	0.41433	0.48779
10	[0.38500101]	0.35428	0.24831
N_avar=16120.0
T_avar=[5006.36963]

Average number of individs A1:
r_arr:[8.1944]
v_i_n_test:8.3805
tau_i_test:8.0456
Max_v_i_differ=0.40754
Max_tau_i_differ:0.481
R_i_n2:=[ 464.  606.  215.  141.  142.  169.  244.  466. 1285. 6678. 5710.]
v_i_n2:[0.02874 0.03758 0.01336 0.0087  0.00879 0.0105  0.01514 0.02889 0.0797
 0.41433 0.35428]
tau_i2:[0.03214 0.05852 0.01676 0.00941 0.00875 0.01051 0.01483 0.02841 0.08459
 0.48779 0.24831]
