N_times
i	r_arr		v_i_n	tau_i
0	[0.05072954]	0.03641	0.04034
1	[0.0469718]	0.0486	0.07793
2	[0.0142593]	0.01785	0.02201
3	[0.00814817]	0.00994	0.0113
4	[0.00679014]	0.00859	0.0087
5	[0.00760496]	0.00994	0.00982
6	[0.0112346]	0.01534	0.01485
7	[0.02246919]	0.02889	0.02932
8	[0.06654338]	0.07669	0.08125
9	[0.38024791]	0.40267	0.4652
10	[0.38500101]	0.34508	0.23927
N_avar=16486.0
T_avar=[5181.04503]

Average number of individs A1:
r_arr:[8.1944]
v_i_n_test:8.1808
tau_i_test:7.76359
Max_v_i_differ=0.39588
Max_tau_i_differ:0.45841
R_i_n2:=[ 605.  808.  296.  164.  142.  163.  253.  476. 1264. 6632. 5683.]
v_i_n2:[0.03641 0.0486  0.01785 0.00994 0.00859 0.00994 0.01534 0.02889 0.07669
 0.40267 0.34508]
tau_i2:[0.04034 0.07793 0.02201 0.0113  0.0087  0.00982 0.01485 0.02932 0.08125
 0.4652  0.23927]
