N_times
i	r_arr		v_i_n	tau_i
0	[0.05072954]	0.03156	0.03483
1	[0.0469718]	0.04097	0.06302
2	[0.0142593]	0.01451	0.01839
3	[0.00814817]	0.00961	0.01084
4	[0.00679014]	0.00976	0.00963
5	[0.00760496]	0.01116	0.01112
6	[0.0112346]	0.0153	0.01447
7	[0.02246919]	0.0304	0.02931
8	[0.06654338]	0.08207	0.08719
9	[0.38024791]	0.4079	0.47902
10	[0.38500101]	0.34678	0.24219
N_avar=15814.0
T_avar=[4952.24727]

Average number of individs A1:
r_arr:[8.1944]
v_i_n_test:8.29372
tau_i_test:7.94903
Max_v_i_differ=0.40111
Max_tau_i_differ:0.47223
R_i_n2:=[ 507.  658.  232.  154.  156.  176.  240.  478. 1292. 6442. 5479.]
v_i_n2:[0.03156 0.04097 0.01451 0.00961 0.00976 0.01116 0.0153  0.0304  0.08207
 0.4079  0.34678]
tau_i2:[0.03483 0.06302 0.01839 0.01084 0.00963 0.01112 0.01447 0.02931 0.08719
 0.47902 0.24219]
