N_times
i	r_arr		v_i_n	tau_i
0	[0.05072954]	0.03211	0.03567
1	[0.0469718]	0.04201	0.06473
2	[0.0142593]	0.01628	0.02065
3	[0.00814817]	0.0119	0.01328
4	[0.00679014]	0.01006	0.0101
5	[0.00760496]	0.01037	0.00997
6	[0.0112346]	0.01595	0.01531
7	[0.02246919]	0.03001	0.02955
8	[0.06654338]	0.08164	0.08361
9	[0.38024791]	0.40572	0.4797
10	[0.38500101]	0.34397	0.23742
N_avar=16058.0
T_avar=[5051.48622]

Average number of individs A1:
r_arr:[8.1944]
v_i_n_test:8.25243
tau_i_test:7.89521
Max_v_i_differ=0.39893
Max_tau_i_differ:0.47291
R_i_n2:=[ 516.  675.  262.  191.  161.  167.  256.  482. 1310. 6515. 5523.]
v_i_n2:[0.03211 0.04201 0.01628 0.0119  0.01006 0.01037 0.01595 0.03001 0.08164
 0.40572 0.34397]
tau_i2:[0.03567 0.06473 0.02065 0.01328 0.0101  0.00997 0.01531 0.02955 0.08361
 0.4797  0.23742]
