N_times
i	r_arr		v_i_n	tau_i
0	[0.05072954]	0.03566	0.03966
1	[0.0469718]	0.04669	0.07225
2	[0.0142593]	0.01694	0.02104
3	[0.00814817]	0.01012	0.01113
4	[0.00679014]	0.00828	0.00839
5	[0.00760496]	0.00898	0.00888
6	[0.0112346]	0.01347	0.01293
7	[0.02246919]	0.02852	0.02753
8	[0.06654338]	0.0808	0.08396
9	[0.38024791]	0.40568	0.47479
10	[0.38500101]	0.34487	0.23944
N_avar=16256.0
T_avar=[5110.69955]

Average number of individs A1:
r_arr:[8.1944]
v_i_n_test:8.21563
tau_i_test:7.83516
Max_v_i_differ=0.39889
Max_tau_i_differ:0.468
R_i_n2:=[ 590.  773.  281.  168.  137.  147.  218.  462. 1309. 6580. 5593.]
v_i_n2:[0.03566 0.04669 0.01694 0.01012 0.00828 0.00898 0.01347 0.02852 0.0808
 0.40568 0.34487]
tau_i2:[0.03966 0.07225 0.02104 0.01113 0.00839 0.00888 0.01293 0.02753 0.08396
 0.47479 0.23944]
