N_times
i	r_arr		v_i_n	tau_i
0	[0.05072954]	0.02175	0.02414
1	[0.0469718]	0.02978	0.04847
2	[0.0142593]	0.01332	0.01743
3	[0.00814817]	0.01021	0.01106
4	[0.00679014]	0.0101	0.0102
5	[0.00760496]	0.01127	0.0109
6	[0.0112346]	0.01626	0.01613
7	[0.02246919]	0.03153	0.03153
8	[0.06654338]	0.08477	0.09071
9	[0.38024791]	0.41723	0.49505
10	[0.38500101]	0.35376	0.24441
N_avar=15194.0
T_avar=[4772.66373]

Average number of individs A1:
r_arr:[8.1944]
v_i_n_test:8.4729
tau_i_test:8.15453
Max_v_i_differ=0.41044
Max_tau_i_differ:0.48826
R_i_n2:=[ 332.  454.  203.  155.  153.  172.  246.  478. 1287. 6338. 5376.]
v_i_n2:[0.02175 0.02978 0.01332 0.01021 0.0101  0.01127 0.01626 0.03153 0.08477
 0.41723 0.35376]
tau_i2:[0.02414 0.04847 0.01743 0.01106 0.0102  0.0109  0.01613 0.03153 0.09071
 0.49505 0.24441]
