N_times
i	r_arr		v_i_n	tau_i
0	[0.36665257]	0.31076	0.23521
1	[0.33949312]	0.38044	0.43619
2	[0.07274853]	0.0961	0.09272
3	[0.02857978]	0.03886	0.03385
4	[0.01587765]	0.02131	0.01789
5	[0.01143191]	0.01646	0.01404
6	[0.01039265]	0.01461	0.0125
7	[0.01212475]	0.0159	0.01563
8	[0.01958614]	0.02178	0.02465
9	[0.0559604]	0.04834	0.07234
10	[0.06715249]	0.03543	0.04498
N_avar=17604.0
T_avar=[8123.44668]

Average number of individs A1:
r_arr:[2.17049]
v_i_n_test:2.01932
tau_i_test:2.34741
Max_v_i_differ=0.37005
Max_tau_i_differ:0.4258
R_i_n2:=[5471. 6696. 1691.  684.  376.  290.  258.  280.  384.  851.  624.]
v_i_n2:[0.31076 0.38044 0.0961  0.03886 0.02131 0.01646 0.01461 0.0159  0.02178
 0.04834 0.03543]
tau_i2:[0.23521 0.43619 0.09272 0.03385 0.01789 0.01404 0.0125  0.01563 0.02465
 0.07234 0.04498]
