N_times
i	r_arr		v_i_n	tau_i
0	[0.36665257]	0.29918	0.22499
1	[0.33949312]	0.36741	0.42038
2	[0.07274853]	0.09608	0.09302
3	[0.02857978]	0.04363	0.03851
4	[0.01587765]	0.02629	0.02148
5	[0.01143191]	0.01946	0.0165
6	[0.01039265]	0.01742	0.01555
7	[0.01212475]	0.01866	0.01813
8	[0.01958614]	0.0246	0.02889
9	[0.0559604]	0.05084	0.07648
10	[0.06715249]	0.03642	0.04606
N_avar=18197.0
T_avar=[8426.81428]

Average number of individs A1:
r_arr:[2.17049]
v_i_n_test:2.14662
tau_i_test:2.49062
Max_v_i_differ=0.35702
Max_tau_i_differ:0.40999
R_i_n2:=[5444. 6686. 1749.  794.  479.  354.  317.  339.  447.  925.  662.]
v_i_n2:[0.29918 0.36741 0.09608 0.04363 0.02629 0.01946 0.01742 0.01866 0.0246
 0.05084 0.03642]
tau_i2:[0.22499 0.42038 0.09302 0.03851 0.02148 0.0165  0.01555 0.01813 0.02889
 0.07648 0.04606]
