N_times
i	r_arr		v_i_n	tau_i
0	[0.36665257]	0.29758	0.22228
1	[0.33949312]	0.36345	0.41222
2	[0.07274853]	0.09149	0.08794
3	[0.02857978]	0.03859	0.03353
4	[0.01587765]	0.0221	0.01841
5	[0.01143191]	0.01747	0.01487
6	[0.01039265]	0.01698	0.01507
7	[0.01212475]	0.01983	0.01909
8	[0.01958614]	0.02834	0.03147
9	[0.0559604]	0.06068	0.09166
10	[0.06715249]	0.04349	0.05348
N_avar=18300.0
T_avar=[8547.52379]

Average number of individs A1:
r_arr:[2.17049]
v_i_n_test:2.28638
tau_i_test:2.67223
Max_v_i_differ=0.35306
Max_tau_i_differ:0.40183
R_i_n2:=[5442. 6646. 1674.  707.  406.  322.  312.  364.  520. 1112.  797.]
v_i_n2:[0.29758 0.36345 0.09149 0.03859 0.0221  0.01747 0.01698 0.01983 0.02834
 0.06068 0.04349]
tau_i2:[0.22228 0.41222 0.08794 0.03353 0.01841 0.01487 0.01507 0.01909 0.03147
 0.09166 0.05348]
