N_times
i	r_arr		v_i_n	tau_i
0	[0.36665257]	0.30235	0.22798
1	[0.33949312]	0.36906	0.42068
2	[0.07274853]	0.09247	0.08889
3	[0.02857978]	0.04059	0.03651
4	[0.01587765]	0.02453	0.02057
5	[0.01143191]	0.01765	0.01485
6	[0.01039265]	0.01556	0.01355
7	[0.01212475]	0.01677	0.01621
8	[0.01958614]	0.02356	0.02698
9	[0.0559604]	0.05594	0.08154
10	[0.06715249]	0.04153	0.05223
N_avar=18351.0
T_avar=[8537.7496]

Average number of individs A1:
r_arr:[2.17049]
v_i_n_test:2.18013
tau_i_test:2.53129
Max_v_i_differ=0.35867
Max_tau_i_differ:0.41029
R_i_n2:=[5547. 6772. 1696.  745.  450.  324.  285.  308.  432. 1028.  763.]
v_i_n2:[0.30235 0.36906 0.09247 0.04059 0.02453 0.01765 0.01556 0.01677 0.02356
 0.05594 0.04153]
tau_i2:[0.22798 0.42068 0.08889 0.03651 0.02057 0.01485 0.01355 0.01621 0.02698
 0.08154 0.05223]
