N_times
i	r_arr		v_i_n	tau_i
0	[0.36665257]	0.31822	0.2433
1	[0.33949312]	0.38681	0.44224
2	[0.07274853]	0.09469	0.09239
3	[0.02857978]	0.04063	0.03649
4	[0.01587765]	0.02298	0.01927
5	[0.01143191]	0.01545	0.01316
6	[0.01039265]	0.01361	0.01202
7	[0.01212475]	0.01459	0.01449
8	[0.01958614]	0.0195	0.02288
9	[0.0559604]	0.04255	0.06415
10	[0.06715249]	0.03096	0.0396
N_avar=17776.0
T_avar=[8121.96564]

Average number of individs A1:
r_arr:[2.17049]
v_i_n_test:1.89959
tau_i_test:2.20931
Max_v_i_differ=0.37642
Max_tau_i_differ:0.43185
R_i_n2:=[5655. 6872. 1681.  722.  408.  275.  242.  260.  348.  760.  553.]
v_i_n2:[0.31822 0.38681 0.09469 0.04063 0.02298 0.01545 0.01361 0.01459 0.0195
 0.04255 0.03096]
tau_i2:[0.2433  0.44224 0.09239 0.03649 0.01927 0.01316 0.01202 0.01449 0.02288
 0.06415 0.0396 ]
