N_times
i	r_arr		v_i_n	tau_i
0	[0.36665257]	0.30791	0.23335
1	[0.33949312]	0.37562	0.43005
2	[0.07274853]	0.09545	0.09416
3	[0.02857978]	0.04205	0.03687
4	[0.01587765]	0.02491	0.02142
5	[0.01143191]	0.01941	0.01636
6	[0.01039265]	0.01625	0.01435
7	[0.01212475]	0.01679	0.01613
8	[0.01958614]	0.0222	0.02589
9	[0.0559604]	0.04616	0.06923
10	[0.06715249]	0.03323	0.04219
N_avar=18252.0
T_avar=[8397.98749]

Average number of individs A1:
r_arr:[2.17049]
v_i_n_test:2.02973
tau_i_test:2.34756
Max_v_i_differ=0.36523
Max_tau_i_differ:0.41966
R_i_n2:=[5617. 6852. 1740.  767.  455.  354.  298.  307.  408.  846.  608.]
v_i_n2:[0.30791 0.37562 0.09545 0.04205 0.02491 0.01941 0.01625 0.01679 0.0222
 0.04616 0.03323]
tau_i2:[0.23335 0.43005 0.09416 0.03687 0.02142 0.01636 0.01435 0.01613 0.02589
 0.06923 0.04219]
