N_times
i	r_arr		v_i_n	tau_i
0	[0.36665257]	0.31647	0.24156
1	[0.33949312]	0.38494	0.43967
2	[0.07274853]	0.09468	0.09184
3	[0.02857978]	0.04	0.03491
4	[0.01587765]	0.02308	0.01972
5	[0.01143191]	0.01628	0.0137
6	[0.01039265]	0.01447	0.01267
7	[0.01212475]	0.01528	0.01515
8	[0.01958614]	0.02042	0.02297
9	[0.0559604]	0.04352	0.06817
10	[0.06715249]	0.03087	0.03965
N_avar=17932.0
T_avar=[8230.84528]

Average number of individs A1:
r_arr:[2.17049]
v_i_n_test:1.92554
tau_i_test:2.25132
Max_v_i_differ=0.37455
Max_tau_i_differ:0.42928
R_i_n2:=[5675. 6902. 1698.  718.  414.  292.  260.  274.  366.  781.  553.]
v_i_n2:[0.31647 0.38494 0.09468 0.04    0.02308 0.01628 0.01447 0.01528 0.02042
 0.04352 0.03087]
tau_i2:[0.24156 0.43967 0.09184 0.03491 0.01972 0.0137  0.01267 0.01515 0.02297
 0.06817 0.03965]
