N_times
i	r_arr		v_i_n	tau_i
0	[0.36665257]	0.30738	0.23226
1	[0.33949312]	0.37538	0.42668
2	[0.07274853]	0.09463	0.09223
3	[0.02857978]	0.0395	0.03398
4	[0.01587765]	0.02155	0.01821
5	[0.01143191]	0.01594	0.01356
6	[0.01039265]	0.01409	0.01251
7	[0.01212475]	0.01644	0.01589
8	[0.01958614]	0.02388	0.02688
9	[0.0559604]	0.05276	0.07948
10	[0.06715249]	0.03846	0.04833
N_avar=18212.0
T_avar=[8418.68487]

Average number of individs A1:
r_arr:[2.17049]
v_i_n_test:2.09914
tau_i_test:2.45367
Max_v_i_differ=0.36499
Max_tau_i_differ:0.41629
R_i_n2:=[5598. 6836. 1724.  719.  392.  291.  257.  300.  435.  961.  700.]
v_i_n2:[0.30738 0.37538 0.09463 0.0395  0.02155 0.01594 0.01409 0.01644 0.02388
 0.05276 0.03846]
tau_i2:[0.23226 0.42668 0.09223 0.03398 0.01821 0.01356 0.01251 0.01589 0.02688
 0.07948 0.04833]
