N_times
i	r_arr		v_i_n	tau_i
0	[0.36665257]	0.31041	0.23487
1	[0.33949312]	0.37978	0.4396
2	[0.07274853]	0.097	0.09457
3	[0.02857978]	0.04327	0.0383
4	[0.01587765]	0.02653	0.02272
5	[0.01143191]	0.01958	0.01683
6	[0.01039265]	0.01551	0.01365
7	[0.01212475]	0.01454	0.01399
8	[0.01958614]	0.01929	0.02193
9	[0.0559604]	0.04284	0.06408
10	[0.06715249]	0.03123	0.03946
N_avar=17708.0
T_avar=[8144.10357]

Average number of individs A1:
r_arr:[2.17049]
v_i_n_test:1.95463
tau_i_test:2.24526
Max_v_i_differ=0.36939
Max_tau_i_differ:0.42921
R_i_n2:=[5498. 6726. 1718.  766.  469.  347.  275.  258.  342.  758.  553.]
v_i_n2:[0.31041 0.37978 0.097   0.04327 0.02653 0.01958 0.01551 0.01454 0.01929
 0.04284 0.03123]
tau_i2:[0.23487 0.4396  0.09457 0.0383  0.02272 0.01683 0.01365 0.01399 0.02193
 0.06408 0.03946]
