N_times
i	r_arr		v_i_n	tau_i
0	[0.36665257]	0.30053	0.22661
1	[0.33949312]	0.36682	0.41682
2	[0.07274853]	0.0923	0.08897
3	[0.02857978]	0.04038	0.0356
4	[0.01587765]	0.02428	0.0201
5	[0.01143191]	0.01789	0.01529
6	[0.01039265]	0.01573	0.0136
7	[0.01212475]	0.01727	0.01643
8	[0.01958614]	0.02466	0.02771
9	[0.0559604]	0.05767	0.08569
10	[0.06715249]	0.04247	0.05318
N_avar=18320.0
T_avar=[8498.78644]

Average number of individs A1:
r_arr:[2.17049]
v_i_n_test:2.21541
tau_i_test:2.57971
Max_v_i_differ=0.35643
Max_tau_i_differ:0.40643
R_i_n2:=[5505. 6718. 1690.  740.  445.  328.  288.  317.  452. 1058.  779.]
v_i_n2:[0.30053 0.36682 0.0923  0.04038 0.02428 0.01789 0.01573 0.01727 0.02466
 0.05767 0.04247]
tau_i2:[0.22661 0.41682 0.08897 0.0356  0.0201  0.01529 0.0136  0.01643 0.02771
 0.08569 0.05318]
