N_times
i	r_arr		v_i_n	tau_i
0	[0.36665257]	0.30205	0.22758
1	[0.33949312]	0.36951	0.42199
2	[0.07274853]	0.09576	0.09377
3	[0.02857978]	0.04332	0.03749
4	[0.01587765]	0.02558	0.02142
5	[0.01143191]	0.01838	0.01512
6	[0.01039265]	0.01571	0.014
7	[0.01212475]	0.01736	0.01658
8	[0.01958614]	0.02428	0.02779
9	[0.0559604]	0.05141	0.07786
10	[0.06715249]	0.03661	0.04639
N_avar=18271.0
T_avar=[8474.15774]

Average number of individs A1:
r_arr:[2.17049]
v_i_n_test:2.12402
tau_i_test:2.4703
Max_v_i_differ=0.35912
Max_tau_i_differ:0.4116
R_i_n2:=[5519. 6751. 1750.  791.  467.  336.  288.  317.  444.  939.  668.]
v_i_n2:[0.30205 0.36951 0.09576 0.04332 0.02558 0.01838 0.01571 0.01736 0.02428
 0.05141 0.03661]
tau_i2:[0.22758 0.42199 0.09377 0.03749 0.02142 0.01512 0.014   0.01658 0.02779
 0.07786 0.04639]
