start i C()	t_left		t_right 	New i	Total time generation

test #0
1	--	0.951073	1.772172	0	0.95107	1

test #1
1	--	0.592843	0.868328	0	0.59284	1

test #2
1	--	0.847479	0.423144	2	0.42314	1
2	--	0.378497	0.595711	1	0.80164	2
1	--	1.156439	0.9656	2	1.76724	3
2	--	0.56069	0.40567	3	2.17291	4
3	--	0.25765	0.584499	2	2.43056	5
2	--	0.452246	0.208075	3	2.63864	6
3	--	0.164614	0.170573	2	2.80325	7
2	--	0.180389	0.551331	1	2.98364	8
1	--	0.726814	0.514633	2	3.49827	9
2	--	0.435962	0.198762	3	3.69703	10
3	--	0.37612	0.185147	4	3.88218	11
4	--	0.653461	0.363443	5	4.24562	12
5	--	0.096853	0.379199	4	4.34247	13
4	--	0.17699	0.353215	3	4.51946	14
3	--	0.23119	0.131914	4	4.65137	15
4	--	0.251502	0.505271	3	4.90287	16
3	--	0.37152	0.14707	4	5.04994	17
4	--	0.274437	0.336976	3	5.32438	18
3	--	0.344511	0.167728	4	5.49211	19
4	--	0.548875	0.202952	5	5.69506	20
5	--	0.159639	0.150104	6	5.84516	21
6	--	0.220889	0.313261	5	6.06605	22
5	--	0.58056	0.221218	6	6.28727	23
6	--	0.299459	0.536213	5	6.58673	24
5	--	0.162677	0.427646	4	6.74941	25
4	--	0.16185	0.563053	3	6.91126	26
3	--	0.234818	0.211286	4	7.12255	27
4	--	0.10162	0.331367	3	7.22417	28
3	--	0.318025	0.323759	2	7.54219	29
2	--	0.463992	0.384398	3	7.92659	30
3	--	0.352221	0.214834	4	8.14142	31
4	--	0.508262	0.242381	5	8.3838	32
5	--	0.137391	0.374764	4	8.52119	33
4	--	0.34457	0.310312	5	8.8315	34
5	--	0.336839	0.324285	6	9.15578	35
6	--	0.308062	0.662714	5	9.46384	36
5	--	0.629949	0.262112	6	9.72595	37
6	--	0.301065	0.218842	7	9.94479	38
7	--	0.350433	0.454911	6	10.29522	39
6	--	0.228631	0.3145	5	10.52385	40
5	--	0.378108	0.197197	6	10.72105	41
6	--	0.107596	0.33453	5	10.82865	42
5	--	0.243719	0.142099	6	10.97075	43
6	--	0.280989	0.631492	5	11.25174	44
5	--	0.363594	0.299273	6	11.55101	45
6	--	0.513142	0.571123	5	12.06415	46
5	--	0.44165	0.579572	4	12.5058	47
4	--	0.65236	0.494984	5	13.00078	48
5	--	0.168895	0.16232	6	13.1631	49
6	--	0.249741	0.219278	7	13.38238	50
7	--	0.587271	0.532397	8	13.91478	51
8	--	0.851264	0.465748	9	14.38053	52
9	--	0.706145	0.346956	10	14.72749	53

test #3
1	--	0.727804	1.149181	0	0.7278	1

test #4
1	--	0.438108	1.51088	0	0.43811	1

test #5
1	--	0.748717	0.253601	2	0.2536	1
2	--	0.578777	0.512159	3	0.76576	2
3	--	0.14032	0.392734	2	0.90608	3
2	--	0.569224	0.483231	3	1.38931	4
3	--	0.393212	0.627159	2	1.78252	5
2	--	0.417446	0.556714	1	2.19997	6
1	--	1.498341	0.790125	2	2.99009	7
2	--	0.795499	0.289467	3	3.27956	8
3	--	0.130926	0.156396	2	3.41049	9
2	--	0.46867	0.811709	1	3.87916	10
1	--	1.203756	0.974355	2	4.85352	11
2	--	0.1483	0.450472	1	5.00182	12
1	--	0.476966	0.301012	2	5.30283	13
2	--	0.72698	0.761854	1	6.02981	14
1	--	0.982491	1.064034	0	7.0123	15

test #6
1	--	0.39759	1.346625	0	0.39759	1

test #7
1	--	1.121579	1.251879	0	1.12158	1

test #8
1	--	1.771555	1.476703	2	1.4767	1
2	--	0.309743	0.539565	1	1.78644	2
1	--	1.777709	0.437646	2	2.22409	3
2	--	0.388542	0.154278	3	2.37837	4
3	--	0.655835	0.516528	4	2.8949	5
4	--	0.216506	0.257784	3	3.11141	6
3	--	0.201588	0.593141	2	3.313	7
2	--	0.876736	0.17123	3	3.48423	8
3	--	0.758598	0.152388	4	3.63662	9
4	--	0.126675	0.562981	3	3.7633	10
3	--	0.121711	0.642531	2	3.88501	11
2	--	0.438921	0.272519	3	4.15753	12
3	--	0.258886	0.343889	2	4.41642	13
2	--	0.195491	0.715444	1	4.61191	14
1	--	1.07243	0.273639	2	4.88555	15
2	--	0.184523	0.660222	1	5.07007	16
1	--	0.333762	0.329719	2	5.39979	17
2	--	0.580516	0.588194	1	5.98031	18
1	--	0.37003	0.27351	2	6.25382	19
2	--	0.528389	0.463	3	6.71682	20
3	--	0.620708	0.579902	4	7.29672	21
4	--	0.302344	0.509734	3	7.59906	22
3	--	0.309681	0.383979	2	7.90874	23
2	--	0.314032	0.25048	3	8.15922	24
3	--	0.391464	0.230534	4	8.38975	25
4	--	0.344193	0.144536	5	8.53429	26
5	--	0.129208	0.227631	4	8.6635	27
4	--	0.143949	0.533127	3	8.80745	28
3	--	0.686361	0.216646	4	9.0241	29
4	--	0.483943	0.246757	5	9.27086	30
5	--	0.305383	0.093902	6	9.36476	31
6	--	0.502939	0.504558	5	9.8677	32
5	--	0.227076	0.105661	6	9.97336	33
6	--	0.241746	0.204902	7	10.17826	34
7	--	0.461419	0.442774	8	10.62103	35
8	--	0.799366	0.346172	9	10.9672	36
9	--	0.709327	0.452445	10	11.41964	37

test #9
1	--	0.67215	1.024138	0	0.67215	1

test #10
1	--	0.964825	0.307312	2	0.30731	1
2	--	0.596431	0.853088	1	0.90374	2
1	--	0.432198	0.305036	2	1.20878	3
2	--	0.290845	0.646978	1	1.49963	4
1	--	1.077803	0.966805	2	2.46643	5
2	--	0.893749	0.678168	3	3.1446	6
3	--	0.26524	0.740317	2	3.40984	7
2	--	0.87545	0.642993	3	4.05283	8
3	--	0.23159	0.647826	2	4.28442	9
2	--	0.318567	0.33174	1	4.60299	10
1	--	0.66592	0.634992	2	5.23798	11
2	--	0.248747	0.747946	1	5.48673	12
1	--	1.191147	0.369516	2	5.85625	13
2	--	0.310526	0.157002	3	6.01325	14
3	--	0.621986	0.414828	4	6.42808	15
4	--	0.299245	0.271428	5	6.69951	16
5	--	0.12303	0.211556	4	6.82254	17
4	--	0.141826	0.372539	3	6.96437	18
3	--	0.52484	0.263055	4	7.22743	19
4	--	0.261744	0.471058	3	7.48917	20
3	--	0.113428	0.273881	2	7.6026	21
2	--	0.748032	0.224163	3	7.82676	22
3	--	0.482651	0.675519	2	8.30941	23
2	--	0.351624	0.628932	1	8.66103	24
1	--	1.000917	1.087774	0	9.66195	25

test #11
1	--	1.784421	0.439226	2	0.43923	1
2	--	0.924605	0.355588	3	0.79482	2
3	--	0.363279	0.16438	4	0.9592	3
4	--	0.174041	0.323367	3	1.13324	4
3	--	0.139695	0.48859	2	1.27294	5
2	--	0.811994	0.675139	3	1.94808	6
3	--	0.309535	0.249831	4	2.19791	7
4	--	0.487238	0.446789	5	2.6447	8
5	--	0.562009	0.349295	6	2.994	9
6	--	0.436718	0.174077	7	3.16808	10
7	--	0.482755	0.188479	8	3.35656	11
8	--	0.840463	0.275429	9	3.63199	12
9	--	0.745355	1.253962	8	4.37735	13
8	--	0.969616	0.331305	9	4.70865	14
9	--	0.488495	1.389548	8	5.19715	15
8	--	0.537005	0.634369	7	5.73415	16
7	--	0.184727	0.416213	6	5.91888	17
6	--	0.31364	0.301628	7	6.22051	18
7	--	0.413581	0.698466	6	6.63409	19
6	--	0.171867	0.270696	5	6.80596	20
5	--	0.188421	0.267545	4	6.99438	21
4	--	0.308278	0.433302	3	7.30266	22
3	--	0.31019	0.35726	2	7.61285	23
2	--	0.185376	0.362347	1	7.79823	24
1	--	1.053542	0.574538	2	8.37277	25
2	--	0.571344	0.162197	3	8.53497	26
3	--	0.276229	0.762168	2	8.8112	27
2	--	0.404111	0.269439	3	9.08064	28
3	--	0.327494	0.395221	2	9.40813	29
2	--	0.228889	0.526104	1	9.63702	30
1	--	0.480317	0.714928	0	10.11734	31

test #12
1	--	0.552511	0.773207	0	0.55251	1

test #13
1	--	1.523349	1.583474	0	1.52335	1

test #14
1	--	0.895612	1.124665	0	0.89561	1

test #15
1	--	0.892303	0.268369	2	0.26837	1
2	--	0.184946	0.598723	1	0.45332	2
1	--	1.538167	0.432042	2	0.88536	3
2	--	0.476529	0.617004	1	1.36189	4
1	--	0.905524	0.472538	2	1.83443	5
2	--	0.632088	0.415629	3	2.25006	6
3	--	0.283934	0.430478	2	2.53399	7
2	--	0.460056	0.978657	1	2.99405	8
1	--	1.014852	0.790004	2	3.78405	9
2	--	0.269632	0.518404	1	4.05368	10
1	--	0.709951	0.862321	0	4.76363	11

test #16
1	--	1.025079	0.926791	2	0.92679	1
2	--	0.221428	0.847979	1	1.14822	2
1	--	1.183533	0.920408	2	2.06863	3
2	--	0.400144	0.374467	3	2.4431	4
3	--	0.641621	0.605034	4	3.04813	5
4	--	0.342092	0.131904	5	3.18003	6
5	--	0.161938	0.234681	4	3.34197	7
4	--	0.543327	0.533094	5	3.87506	8
5	--	0.324783	0.290487	6	4.16555	9
6	--	0.280647	0.130668	7	4.29622	10
7	--	0.228147	0.377482	6	4.52437	11
6	--	0.137189	0.215256	5	4.66156	12
5	--	0.441889	0.48966	4	5.10345	13
4	--	0.379862	0.245353	5	5.3488	14
5	--	0.45585	0.090356	6	5.43916	15
6	--	0.232203	0.164105	7	5.60326	16
7	--	0.247099	0.691382	6	5.85036	17
6	--	0.354675	0.29141	7	6.14177	18
7	--	0.51968	0.41812	8	6.55989	19
8	--	0.585609	0.533059	9	7.09295	20
9	--	1.433106	0.481787	10	7.57474	21

test #17
1	--	0.372345	0.787506	0	0.37234	1

test #18
1	--	1.345651	0.293879	2	0.29388	1
2	--	0.784207	0.5029	3	0.79678	2
3	--	0.270327	0.404672	2	1.06711	3
2	--	0.713278	0.795054	1	1.78039	4
1	--	1.223639	1.612575	0	3.00403	5

test #19
1	--	0.540451	0.395952	2	0.39595	1
2	--	0.610601	0.474398	3	0.87035	2
3	--	0.121424	0.384523	2	0.99177	3
2	--	0.890279	0.848844	3	1.84061	4
3	--	0.260975	0.202754	4	2.04336	5
4	--	0.116073	0.229234	3	2.15943	6
3	--	0.416721	0.284165	4	2.44359	7
4	--	0.418083	0.451005	3	2.86167	8
3	--	0.235535	0.421746	2	3.09721	9
2	--	0.185143	0.376838	1	3.28235	10
1	--	0.747376	1.099368	0	4.02973	11

test #20
1	--	0.395459	0.792188	0	0.39546	1

test #21
1	--	0.356382	1.124341	0	0.35638	1

test #22
1	--	0.621457	0.940481	0	0.62146	1

test #23
1	--	0.470182	0.984732	0	0.47018	1

test #24
1	--	1.089936	0.308604	2	0.3086	1
2	--	0.919356	0.542964	3	0.85156	2
3	--	0.276421	0.391664	2	1.12798	3
2	--	0.669501	0.42821	3	1.55619	4
3	--	0.314106	0.360808	2	1.8703	5
2	--	0.554201	0.64425	1	2.4245	6
1	--	0.439109	0.679099	0	2.86361	7

test #25
1	--	0.912261	1.228871	0	0.91226	1

test #26
1	--	0.532985	1.166777	0	0.53299	1

test #27
1	--	1.120928	1.703992	0	1.12093	1

test #28
1	--	1.295599	0.360055	2	0.36006	1
2	--	0.220161	0.933381	1	0.58022	2
1	--	1.301626	1.13157	2	1.71179	3
2	--	0.513204	0.428535	3	2.14033	4
3	--	0.577895	0.353877	4	2.49421	5
4	--	0.415527	0.24464	5	2.73885	6
5	--	0.32145	0.227827	6	2.96668	7
6	--	0.159499	0.441806	5	3.12618	8
5	--	0.555769	0.34736	6	3.47354	9
6	--	0.494255	0.110384	7	3.58392	10
7	--	0.224012	0.159044	8	3.74296	11
8	--	0.47366	0.26432	9	4.00728	12
9	--	0.908939	1.356198	8	4.91622	13
8	--	0.244505	0.401253	7	5.16072	14
7	--	0.537822	0.22318	8	5.3839	15
8	--	0.191911	0.847863	7	5.57581	16
7	--	0.666548	0.269074	8	5.84488	17
8	--	0.61794	0.733855	7	6.46282	18
7	--	0.162713	0.335016	6	6.62553	19
6	--	0.214759	0.233639	5	6.84029	20
5	--	0.111924	0.287333	4	6.95221	21
4	--	0.333377	0.133288	5	7.0855	22
5	--	0.150353	0.343623	4	7.23585	23
4	--	0.117116	0.162457	3	7.35297	24
3	--	0.270997	0.124562	4	7.47753	25
4	--	0.281467	0.492107	3	7.759	26
3	--	0.437298	0.422298	4	8.1813	27
4	--	0.142547	0.102912	5	8.28421	28
5	--	0.343109	0.210918	6	8.49513	29
6	--	0.167186	0.349122	5	8.66232	30
5	--	0.296021	0.343074	4	8.95834	31
4	--	0.10046	0.341659	3	9.0588	32
3	--	0.696997	0.68206	4	9.74086	33
4	--	0.384433	0.276455	5	10.01732	34
5	--	0.549672	0.410354	6	10.42767	35
6	--	0.619495	0.41696	7	10.84463	36
7	--	0.739464	0.551074	8	11.3957	37
8	--	0.422616	0.188723	9	11.58442	38
9	--	1.030717	0.257252	10	11.84167	39

test #29
1	--	0.437509	0.775109	0	0.43751	1

test #30
1	--	0.604503	0.752463	0	0.6045	1

test #31
1	--	0.810791	1.107042	0	0.81079	1

test #32
1	--	1.628659	0.448231	2	0.44823	1
2	--	0.432455	0.300116	3	0.74835	2
3	--	0.480355	0.643065	2	1.22871	3
2	--	0.241809	0.542265	1	1.47052	4
1	--	0.446377	1.027461	0	1.9169	5

test #33
1	--	1.586295	1.022076	2	1.02208	1
2	--	0.818628	0.687895	3	1.70998	2
3	--	0.673662	0.239954	4	1.94993	3
4	--	0.487831	0.455188	5	2.40512	4
5	--	0.281634	0.119647	6	2.52477	5
6	--	0.185197	0.234633	5	2.70997	6
5	--	0.150446	0.184247	4	2.86042	7
4	--	0.58161	0.580069	5	3.44049	8
5	--	0.172765	0.125401	6	3.56589	9
6	--	0.215937	0.191189	7	3.75708	10
7	--	0.538169	0.244297	8	4.00138	11
8	--	0.578235	0.616781	7	4.57962	12
7	--	0.252518	0.300687	6	4.83214	13
6	--	0.258918	0.631686	5	5.09106	14
5	--	0.31894	0.09361	6	5.18467	15
6	--	0.10994	0.209601	5	5.29461	16
5	--	0.175784	0.615078	4	5.47039	17
4	--	0.470663	0.298898	5	5.76929	18
5	--	0.329432	0.172567	6	5.94186	19
6	--	0.474978	0.297662	7	6.23952	20
7	--	0.33044	0.447693	6	6.56996	21
6	--	0.281556	0.214305	7	6.78426	22
7	--	0.572897	0.599326	6	7.35716	23
6	--	0.099388	0.626534	5	7.45655	24
5	--	0.307625	0.323001	4	7.76417	25
4	--	0.669985	0.228856	5	7.99303	26
5	--	0.398728	0.570722	4	8.39176	27
4	--	0.526766	0.325198	5	8.71696	28
5	--	0.089913	0.575579	4	8.80687	29
4	--	0.31278	0.212538	5	9.01941	30
5	--	0.391971	0.431642	4	9.41138	31
4	--	0.40446	0.282536	5	9.69392	32
5	--	0.574892	0.133274	6	9.82719	33
6	--	0.136913	0.152942	5	9.9641	34
5	--	0.212299	0.1713	6	10.1354	35
6	--	0.632941	0.418324	7	10.55372	36
7	--	0.134442	0.225944	6	10.68816	37
6	--	0.160451	0.133769	7	10.82193	38
7	--	0.130535	0.145736	6	10.95247	39
6	--	0.567228	0.380508	7	11.33298	40
7	--	0.395349	0.401115	6	11.72833	41
6	--	0.313717	0.203291	7	11.93162	42
7	--	0.463312	0.22968	8	12.1613	43
8	--	0.382253	0.204691	9	12.36599	44
9	--	0.734459	0.536731	10	12.90272	45

test #34
1	--	1.505314	1.303728	2	1.30373	1
2	--	0.794782	0.51164	3	1.81537	2
3	--	0.503176	0.158772	4	1.97414	3
4	--	0.493291	0.11583	5	2.08997	4
5	--	0.157545	0.200501	4	2.24751	5
4	--	0.209245	0.250505	3	2.45675	6
3	--	0.314575	0.154044	4	2.61079	7
4	--	0.666197	0.094192	5	2.70498	8
5	--	0.602491	0.542061	6	3.24704	9
6	--	0.233427	0.447669	5	3.48047	10
5	--	0.10643	0.328706	4	3.5869	11
4	--	0.528998	0.264338	5	3.85124	12
5	--	0.16513	0.383328	4	4.01637	13
4	--	0.316848	0.387626	3	4.33322	14
3	--	0.561306	0.443465	4	4.77668	15
4	--	0.184726	0.249447	3	4.96141	16
3	--	0.414655	0.396464	4	5.35787	17
4	--	0.215977	0.419708	3	5.57385	18
3	--	0.676802	0.166519	4	5.74037	19
4	--	0.632442	0.195638	5	5.93601	20
5	--	0.431955	0.089401	6	6.02541	21
6	--	0.231496	0.284412	5	6.25691	22
5	--	0.220137	0.098571	6	6.35548	23
6	--	0.498085	0.419201	7	6.77468	24
7	--	0.372989	0.196355	8	6.97104	25
8	--	0.756167	0.149378	9	7.12042	26
9	--	0.708308	0.59226	10	7.71268	27

test #35
1	--	1.104805	0.991953	2	0.99195	1
2	--	0.711698	0.223561	3	1.21551	2
3	--	0.459599	0.318612	4	1.53412	3
4	--	0.147365	0.114654	5	1.64877	4
5	--	0.197945	0.369001	4	1.84671	5
4	--	0.232175	0.115548	5	1.96226	6
5	--	0.191337	0.549465	4	2.1536	7
4	--	0.127429	0.527438	3	2.28103	8
3	--	0.195343	0.473223	2	2.47637	9
2	--	0.168374	0.291815	1	2.64474	10
1	--	0.520148	0.316248	2	2.96099	11
2	--	0.81326	0.413205	3	3.37419	12
3	--	0.271403	0.446549	2	3.64559	13
2	--	0.230179	0.440091	1	3.87577	14
1	--	1.439911	0.502306	2	4.37808	15
2	--	0.636685	0.472528	3	4.85061	16
3	--	0.314528	0.388338	2	5.16514	17
2	--	0.493552	0.956939	1	5.65869	18
1	--	1.173048	0.799094	2	6.45778	19
2	--	0.606718	0.334878	3	6.79266	20
3	--	0.177565	0.599402	2	6.97022	21
2	--	0.440883	0.15303	3	7.12325	22
3	--	0.267029	0.12317	4	7.24642	23
4	--	0.372168	0.280511	5	7.52693	24
5	--	0.373267	0.120747	6	7.64768	25
6	--	0.196974	0.157768	7	7.80545	26
7	--	0.267664	0.24212	8	8.04757	27
8	--	0.915869	0.493372	9	8.54094	28
9	--	0.467515	1.032987	8	9.00846	29
8	--	0.615881	0.706563	7	9.62434	30
7	--	0.757063	0.233024	8	9.85736	31
8	--	0.509347	0.216633	9	10.07399	32
9	--	0.408592	0.458222	8	10.48258	33
8	--	0.502425	0.857029	7	10.985	34
7	--	0.668321	0.121154	8	11.10615	35
8	--	0.74123	0.858891	7	11.84738	36
7	--	0.308229	0.543483	6	12.15561	37
6	--	0.16416	0.653547	5	12.31977	38
5	--	0.505079	0.269929	6	12.5897	39
6	--	0.169343	0.402594	5	12.75904	40
5	--	0.112588	0.267914	4	12.87163	41
4	--	0.491099	0.147228	5	13.01886	42
5	--	0.339894	0.53833	4	13.35875	43
4	--	0.229333	0.575502	3	13.58808	44
3	--	0.486272	0.359172	4	13.94725	45
4	--	0.358192	0.181601	5	14.12885	46
5	--	0.288293	0.260365	6	14.38921	47
6	--	0.119219	0.510937	5	14.50843	48
5	--	0.180558	0.217939	4	14.68899	49
4	--	0.416065	0.273901	5	14.96289	50
5	--	0.223796	0.378061	4	15.18669	51
4	--	0.332731	0.615281	3	15.51942	52
3	--	0.390345	0.556126	2	15.90976	53
2	--	0.329427	0.235165	3	16.14492	54
3	--	0.42856	0.198149	4	16.34307	55
4	--	0.316188	0.235118	5	16.57819	56
5	--	0.556073	0.340364	6	16.91855	57
6	--	0.175159	0.304708	5	17.09371	58
5	--	0.181557	0.311915	4	17.27527	59
4	--	0.293608	0.10149	5	17.37676	60
5	--	0.29681	0.195737	6	17.5725	61
6	--	0.561373	0.100738	7	17.67324	62
7	--	0.285163	0.612036	6	17.9584	63
6	--	0.426324	0.142808	7	18.10121	64
7	--	0.131758	0.329514	6	18.23297	65
6	--	0.538407	0.158165	7	18.39113	66
7	--	0.651632	0.732851	6	19.04276	67
6	--	0.114115	0.228272	5	19.15688	68
5	--	0.091869	0.431957	4	19.24875	69
4	--	0.198033	0.138706	5	19.38746	70
5	--	0.470924	0.144268	6	19.53173	71
6	--	0.641705	0.217149	7	19.74888	72
7	--	0.198928	0.40329	6	19.94781	73
6	--	0.384267	0.251347	7	20.19916	74
7	--	0.359616	0.13692	8	20.33608	75
8	--	0.269082	0.373212	7	20.60516	76
7	--	0.594798	0.525029	8	21.13019	77
8	--	0.861243	0.69325	9	21.82344	78
9	--	0.35256	1.454646	8	22.176	79
8	--	0.446088	0.480336	7	22.62209	80
7	--	0.285371	0.149789	8	22.77188	81
8	--	0.523073	0.769866	7	23.29495	82
7	--	0.288525	0.534663	6	23.58347	83
6	--	0.639063	0.628302	7	24.21177	84
7	--	0.12356	0.28761	6	24.33533	85
6	--	0.139961	0.109637	7	24.44497	86
7	--	0.459148	0.130535	8	24.57551	87
8	--	0.262561	0.219487	9	24.795	88
9	--	0.466166	1.595163	8	25.26117	89
8	--	0.861455	0.563316	9	25.82449	90
9	--	1.108362	0.942473	10	26.76696	91

test #36
1	--	0.486388	0.582399	0	0.48639	1

test #37
1	--	1.655016	1.005629	2	1.00563	1
2	--	0.321281	0.522434	1	1.32691	2
1	--	0.921189	1.565867	0	2.2481	3

test #38
1	--	0.724363	0.567723	2	0.56772	1
2	--	0.432289	0.461486	1	1.00001	2
1	--	0.842834	1.366716	0	1.84284	3

test #39
1	--	1.29443	1.68702	0	1.29443	1

test #40
1	--	0.963633	0.831336	2	0.83134	1
2	--	0.255937	0.330088	1	1.08728	2
1	--	1.021851	0.552826	2	1.64011	3
2	--	0.567183	0.5953	1	2.20729	4
1	--	1.087133	0.939051	2	3.14634	5
2	--	0.68971	0.696877	1	3.83605	6
1	--	0.471018	0.461019	2	4.29707	7
2	--	0.94455	0.537595	3	4.83467	8
3	--	0.142028	0.305985	2	4.9767	9
2	--	0.653998	0.197086	3	5.17379	10
3	--	0.228446	0.38884	2	5.40224	11
2	--	0.565407	0.409956	3	5.8122	12
3	--	0.210986	0.228374	2	6.02319	13
2	--	0.431528	0.267609	3	6.2908	14
3	--	0.420554	0.63565	2	6.71135	15
2	--	0.76262	0.479986	3	7.19134	16
3	--	0.469696	0.51506	2	7.66104	17
2	--	0.310703	0.514962	1	7.97174	18
1	--	0.479421	0.898083	0	8.45116	19

test #41
1	--	0.621685	0.651288	0	0.62169	1

test #42
1	--	0.336692	0.994994	0	0.33669	1

test #43
1	--	0.920468	0.314581	2	0.31458	1
2	--	0.229571	0.255593	1	0.54415	2
1	--	0.795866	0.40393	2	0.94808	3
2	--	0.44418	0.35248	3	1.30056	4
3	--	0.197119	0.264295	2	1.49768	5
2	--	0.280799	0.564618	1	1.77848	6
1	--	0.924778	1.317435	0	2.70326	7

test #44
1	--	0.805898	0.439976	2	0.43998	1
2	--	0.832062	0.284746	3	0.72473	2
3	--	0.736871	0.390592	4	1.11532	3
4	--	0.138166	0.615637	3	1.25349	4
3	--	0.268879	0.245898	4	1.49939	5
4	--	0.546914	0.145718	5	1.64511	6
5	--	0.398385	0.214125	6	1.85923	7
6	--	0.281467	0.440047	5	2.1407	8
5	--	0.115996	0.196108	4	2.2567	9
4	--	0.359023	0.265899	5	2.5226	10
5	--	0.154679	0.145207	6	2.66781	11
6	--	0.442412	0.12047	7	2.78828	12
7	--	0.111218	0.525139	6	2.8995	13
6	--	0.237956	0.284406	5	3.13746	14
5	--	0.370258	0.54665	4	3.50772	15
4	--	0.250643	0.218478	5	3.7262	16
5	--	0.300925	0.432236	4	4.02712	17
4	--	0.293304	0.104233	5	4.13135	18
5	--	0.34786	0.179931	6	4.31128	19
6	--	0.094054	0.249803	5	4.40533	20
5	--	0.316718	0.312036	6	4.71737	21
6	--	0.109391	0.120016	5	4.82676	22
5	--	0.626124	0.149142	6	4.9759	23
6	--	0.32143	0.518391	5	5.29733	24
5	--	0.56351	0.571188	4	5.86084	25
4	--	0.381669	0.197291	5	6.05813	26
5	--	0.164036	0.582653	4	6.22217	27
4	--	0.212985	0.37279	3	6.43515	28
3	--	0.266654	0.454519	2	6.7018	29
2	--	0.209603	0.414031	1	6.9114	30
1	--	0.466739	0.982434	0	7.37814	31

test #45
1	--	0.591408	0.919949	0	0.59141	1

test #46
1	--	0.717059	0.722442	0	0.71706	1

test #47
1	--	0.863645	0.4901	2	0.4901	1
2	--	0.471721	0.331784	3	0.82188	2
3	--	0.223905	0.184441	4	1.00632	3
4	--	0.574213	0.248192	5	1.25451	4
5	--	0.28245	0.13062	6	1.38513	5
6	--	0.269534	0.354332	5	1.65466	6
5	--	0.587735	0.090184	6	1.74484	7
6	--	0.304277	0.469273	5	2.04912	8
5	--	0.109884	0.158259	4	2.159	9
4	--	0.12939	0.176345	3	2.28839	10
3	--	0.272511	0.279393	2	2.5609	11
2	--	0.396533	0.399175	1	2.95743	12
1	--	1.194785	0.810101	2	3.76753	13
2	--	0.965813	0.296273	3	4.0638	14
3	--	0.187385	0.451326	2	4.25118	15
2	--	0.256763	0.533309	1	4.50794	16
1	--	0.508683	0.545885	0	5.01662	17

test #48
1	--	0.480162	1.012676	0	0.48016	1

test #49
1	--	1.052021	0.663261	2	0.66326	1
2	--	0.560316	0.155746	3	0.81901	2
3	--	0.76493	0.196754	4	1.01576	3
4	--	0.105677	0.314792	3	1.12144	4
3	--	0.289059	0.264329	4	1.38577	5
4	--	0.354309	0.429436	3	1.74008	6
3	--	0.447732	0.430687	4	2.17077	7
4	--	0.15654	0.47564	3	2.32731	8
3	--	0.459114	0.418457	4	2.74577	9
4	--	0.147392	0.502574	3	2.89316	10
3	--	0.597177	0.361974	4	3.25513	11
4	--	0.184132	0.33983	3	3.43926	12
3	--	0.57769	0.195259	4	3.63452	13
4	--	0.172061	0.140399	5	3.77492	14
5	--	0.445871	0.586527	4	4.22079	15
4	--	0.102773	0.232687	3	4.32356	16
3	--	0.240552	0.647117	2	4.56411	17
2	--	0.233448	0.148415	3	4.71253	18
3	--	0.250686	0.557689	2	4.96322	19
2	--	0.355296	0.668969	1	5.31852	20
1	--	1.008847	0.436453	2	5.75497	21
2	--	0.774399	0.177751	3	5.93272	22
3	--	0.310295	0.266735	4	6.19946	23
4	--	0.185434	0.38985	3	6.38489	24
3	--	0.231972	0.645294	2	6.61686	25
2	--	0.174253	0.197955	1	6.79111	26
1	--	1.39854	1.173042	2	7.96415	27
2	--	0.735551	0.161942	3	8.12609	28
3	--	0.658177	0.318666	4	8.44476	29
4	--	0.129631	0.311739	3	8.57439	30
3	--	0.41945	0.24221	4	8.8166	31
4	--	0.280313	0.182862	5	8.99946	32
5	--	0.345806	0.218195	6	9.21766	33
6	--	0.446009	0.408346	7	9.62601	34
7	--	0.193229	0.145414	8	9.77142	35
8	--	0.57095	0.763273	7	10.34237	36
7	--	0.493324	0.544027	6	10.83569	37
6	--	0.189375	0.568361	5	11.02507	38
5	--	0.387421	0.352335	6	11.37741	39
6	--	0.610488	0.628763	5	11.9879	40
5	--	0.286284	0.186581	6	12.17448	41
6	--	0.148313	0.656287	5	12.32279	42
5	--	0.435087	0.340723	6	12.66351	43
6	--	0.576161	0.640209	5	13.23967	44
5	--	0.31065	0.404899	4	13.55032	45
4	--	0.59844	0.549293	5	14.09961	46
5	--	0.108867	0.581685	4	14.20848	47
4	--	0.483907	0.303516	5	14.512	48
5	--	0.21834	0.549355	4	14.73034	49
4	--	0.668773	0.229243	5	14.95958	50
5	--	0.107947	0.421701	4	15.06753	51
4	--	0.116314	0.344511	3	15.18384	52
3	--	0.365809	0.562039	2	15.54965	53
2	--	0.232503	0.286998	1	15.78215	54
1	--	0.362945	0.322144	2	16.10429	55
2	--	0.277091	0.237191	3	16.34148	56
3	--	0.619293	0.50644	4	16.84792	57
4	--	0.344353	0.427682	3	17.19227	58
3	--	0.123893	0.267212	2	17.31616	59
2	--	0.42994	0.69019	1	17.7461	60
1	--	1.188124	0.495572	2	18.24167	61
2	--	0.439122	0.438435	3	18.68011	62
3	--	0.271948	0.3008	2	18.95206	63
2	--	0.676795	0.434411	3	19.38647	64
3	--	0.472507	0.515028	2	19.85898	65
2	--	0.385096	0.257448	3	20.11643	66
3	--	0.309595	0.155853	4	20.27228	67
4	--	0.20976	0.129292	5	20.40157	68
5	--	0.422416	0.54604	4	20.82399	69
4	--	0.186335	0.466273	3	21.01033	70
3	--	0.479542	0.199672	4	21.21	71
4	--	0.151246	0.120536	5	21.33054	72
5	--	0.186578	0.1583	6	21.48884	73
6	--	0.33079	0.535781	5	21.81963	74
5	--	0.562158	0.186158	6	22.00579	75
6	--	0.393363	0.176271	7	22.18206	76
7	--	0.243938	0.359698	6	22.426	77
6	--	0.579891	0.145204	7	22.5712	78
7	--	0.517639	0.288382	8	22.85958	79
8	--	0.399957	0.793682	7	23.25954	80
7	--	0.359152	0.313805	8	23.57334	81
8	--	0.573419	0.791296	7	24.14676	82
7	--	0.260061	0.418705	6	24.40682	83
6	--	0.287926	0.200988	7	24.60781	84
7	--	0.337298	0.694485	6	24.94511	85
6	--	0.174299	0.300034	5	25.11941	86
5	--	0.206699	0.179888	6	25.2993	87
6	--	0.3462	0.238846	7	25.53815	88
7	--	0.250006	0.313137	6	25.78816	89
6	--	0.618992	0.27834	7	26.0665	90
7	--	0.255433	0.163678	8	26.23018	91
8	--	0.830377	0.24292	9	26.4731	92
9	--	0.481109	1.180401	8	26.95421	93
8	--	0.705106	0.252664	9	27.20687	94
9	--	0.689218	0.637549	10	27.84442	95

test #50
1	--	0.477634	0.673194	0	0.47763	1

test #51
1	--	1.53577	0.983554	2	0.98355	1
2	--	0.458166	0.689528	1	1.44172	2
1	--	0.584064	0.849784	0	2.02578	3

test #52
1	--	0.258855	0.371678	0	0.25886	1

test #53
1	--	0.752264	1.349307	0	0.75226	1

test #54
1	--	1.389536	1.388068	2	1.38807	1
2	--	0.43761	0.595776	1	1.82568	2
1	--	0.383904	0.379098	2	2.20478	3
2	--	0.494092	0.359631	3	2.56441	4
3	--	0.233366	0.522112	2	2.79778	5
2	--	0.577112	0.689778	1	3.37489	6
1	--	0.984725	1.499502	0	4.35961	7

test #55
1	--	1.547458	0.669534	2	0.66953	1
2	--	0.152321	0.209094	1	0.82185	2
1	--	0.860202	0.764993	2	1.58684	3
2	--	0.686716	0.853945	1	2.27356	4
1	--	1.708907	0.260938	2	2.5345	5
2	--	0.255204	0.298808	1	2.7897	6
1	--	1.462394	0.965102	2	3.7548	7
2	--	0.141456	0.181956	1	3.89626	8
1	--	0.627391	1.370236	0	4.52365	9

test #56
1	--	1.168627	0.698657	2	0.69866	1
2	--	0.474432	0.151814	3	0.85047	2
3	--	0.651642	0.705041	2	1.50211	3
2	--	0.236365	0.28924	1	1.73847	4
1	--	0.945382	0.376099	2	2.11457	5
2	--	0.224251	0.161632	3	2.2762	6
3	--	0.413731	0.168175	4	2.44438	7
4	--	0.261375	0.302224	3	2.70576	8
3	--	0.474545	0.7272	2	3.1803	9
2	--	0.584341	0.79511	1	3.76464	10
1	--	0.252302	1.042323	0	4.01694	11

test #57
1	--	0.467447	0.26774	2	0.26774	1
2	--	0.348546	0.589959	1	0.61629	2
1	--	1.595981	0.959638	2	1.57593	3
2	--	0.3672	0.718261	1	1.94313	4
1	--	0.875826	0.879058	0	2.81896	5

test #58
1	--	1.124055	0.850363	2	0.85036	1
2	--	0.550192	0.256582	3	1.10694	2
3	--	0.359159	0.425599	2	1.4661	3
2	--	0.188696	0.510222	1	1.6548	4
1	--	0.279236	1.103249	0	1.93404	5

test #59
1	--	1.437217	0.580777	2	0.58078	1
2	--	0.686736	0.891155	1	1.26752	2
1	--	1.694151	0.424694	2	1.69221	3
2	--	0.396481	0.614985	1	2.08869	4
1	--	0.346961	0.277943	2	2.36663	5
2	--	0.399151	0.458727	1	2.76578	6
1	--	0.441733	0.515749	0	3.20751	7

test #60
1	--	0.401079	0.993698	0	0.40108	1

test #61
1	--	0.264004	0.784151	0	0.264	1

test #62
1	--	0.65324	1.307222	0	0.65324	1

test #63
1	--	0.966831	1.780315	0	0.96683	1

test #64
1	--	0.320461	1.245115	0	0.32046	1

test #65
1	--	0.260785	0.759077	0	0.26078	1

test #66
1	--	0.430999	0.328984	2	0.32898	1
2	--	0.44563	0.44001	3	0.76899	2
3	--	0.740068	0.292171	4	1.06116	3
4	--	0.130914	0.50102	3	1.19207	4
3	--	0.414784	0.296024	4	1.48809	5
4	--	0.10139	0.425169	3	1.58948	6
3	--	0.289576	0.151146	4	1.74063	7
4	--	0.2496	0.439473	3	1.99023	8
3	--	0.335969	0.312063	4	2.30229	9
4	--	0.192258	0.244163	3	2.49455	10
3	--	0.297531	0.756908	2	2.79208	11
2	--	0.788678	0.235229	3	3.02731	12
3	--	0.132943	0.237976	2	3.16025	13
2	--	0.872079	0.453824	3	3.61407	14
3	--	0.186502	0.644712	2	3.80057	15
2	--	0.148064	0.585976	1	3.94863	16
1	--	0.917553	1.382966	0	4.86618	17

test #67
1	--	0.307945	0.569362	0	0.30795	1

test #68
1	--	1.553658	0.959594	2	0.95959	1
2	--	0.364521	0.493893	1	1.32411	2
1	--	0.781937	1.344614	0	2.10605	3

test #69
1	--	0.444583	0.60143	0	0.44458	1

test #70
1	--	1.776317	1.05477	2	1.05477	1
2	--	0.705532	0.217851	3	1.27262	2
3	--	0.642387	0.107094	4	1.37971	3
4	--	0.111185	0.409665	3	1.49089	4
3	--	0.45541	0.367344	4	1.85823	5
4	--	0.231398	0.142841	5	2.00107	6
5	--	0.600521	0.219033	6	2.2201	7
6	--	0.316456	0.160135	7	2.38024	8
7	--	0.129539	0.762801	6	2.50978	9
6	--	0.330356	0.400016	5	2.84014	10
5	--	0.112592	0.146681	4	2.95273	11
4	--	0.502486	0.226968	5	3.1797	12
5	--	0.454629	0.296267	6	3.47597	13
6	--	0.563309	0.157688	7	3.63366	14
7	--	0.106849	0.236348	6	3.74051	15
6	--	0.480841	0.211814	7	3.95232	16
7	--	0.259586	0.368586	6	4.21191	17
6	--	0.309079	0.164733	7	4.37664	18
7	--	0.623245	0.240078	8	4.61672	19
8	--	0.355281	0.750315	7	4.972	20
7	--	0.51968	0.137006	8	5.10901	21
8	--	0.573145	0.976578	7	5.68215	22
7	--	0.269607	0.554634	6	5.95176	23
6	--	0.599904	0.292197	7	6.24396	24
7	--	0.211319	0.662377	6	6.45528	25
6	--	0.169581	0.28923	5	6.62486	26
5	--	0.148325	0.267228	4	6.77319	27
4	--	0.349117	0.358353	3	7.12231	28
3	--	0.400621	0.28182	4	7.40413	29
4	--	0.196188	0.10954	5	7.51367	30
5	--	0.578644	0.248181	6	7.76185	31
6	--	0.519952	0.239164	7	8.00101	32
7	--	0.545967	0.176378	8	8.17739	33
8	--	0.455578	0.182115	9	8.35951	34
9	--	0.654094	0.789256	8	9.0136	35
8	--	0.842321	0.491851	9	9.50545	36
9	--	0.476485	1.359193	8	9.98193	37
8	--	0.390768	0.631841	7	10.3727	38
7	--	0.33257	0.110856	8	10.48356	39
8	--	0.291872	0.722859	7	10.77543	40
7	--	0.667254	0.408043	8	11.18347	41
8	--	0.214287	0.343526	7	11.39776	42
7	--	0.304282	0.203102	8	11.60086	43
8	--	0.309948	0.568904	7	11.91081	44
7	--	0.748105	0.22403	8	12.13484	45
8	--	0.481987	0.252435	9	12.38728	46
9	--	0.641133	1.507583	8	13.02841	47
8	--	0.320397	0.24158	9	13.26999	48
9	--	0.504843	0.51875	8	13.77483	49
8	--	0.211399	0.439563	7	13.98623	50
7	--	0.274186	0.287471	6	14.26042	51
6	--	0.14029	0.138735	7	14.39916	52
7	--	0.714632	0.115281	8	14.51444	53
8	--	0.378774	0.27929	9	14.79373	54
9	--	1.411857	1.61594	8	16.20559	55
8	--	0.313939	0.843598	7	16.51953	56
7	--	0.173301	0.278668	6	16.69283	57
6	--	0.347358	0.556178	5	17.04019	58
5	--	0.54279	0.182959	6	17.22315	59
6	--	0.225302	0.405218	5	17.44845	60
5	--	0.097517	0.129561	4	17.54597	61
4	--	0.654037	0.333266	5	17.87924	62
5	--	0.166682	0.306717	4	18.04592	63
4	--	0.120729	0.182639	3	18.16665	64
3	--	0.190282	0.286539	2	18.35693	65
2	--	0.368316	0.406997	1	18.72525	66
1	--	0.515838	0.317275	2	19.04252	67
2	--	0.538985	0.82447	1	19.58151	68
1	--	1.562165	0.329472	2	19.91098	69
2	--	0.240635	0.290209	1	20.15162	70
1	--	0.365783	0.623578	0	20.5174	71

test #71
1	--	1.268376	0.823194	2	0.82319	1
2	--	0.752287	0.664312	3	1.4875	2
3	--	0.163963	0.129156	4	1.61666	3
4	--	0.52615	0.096189	5	1.71285	4
5	--	0.191348	0.597953	4	1.9042	5
4	--	0.184526	0.159584	5	2.06378	6
5	--	0.228098	0.274207	4	2.29188	7
4	--	0.318461	0.482682	3	2.61034	8
3	--	0.263418	0.237111	4	2.84745	9
4	--	0.093722	0.11366	3	2.94117	10
3	--	0.24538	0.465624	2	3.18655	11
2	--	0.143467	0.217863	1	3.33002	12
1	--	0.378126	0.480027	0	3.70815	13

test #72
1	--	1.369595	0.7479	2	0.7479	1
2	--	0.747721	0.29118	3	1.03908	2
3	--	0.119667	0.216349	2	1.15875	3
2	--	0.559231	0.47493	3	1.63368	4
3	--	0.175275	0.670781	2	1.80896	5
2	--	0.452228	0.632965	1	2.26119	6
1	--	0.449184	0.50129	0	2.71037	7

test #73
1	--	1.449552	0.321678	2	0.32168	1
2	--	0.279477	0.722043	1	0.60116	2
1	--	1.329865	0.633207	2	1.23437	3
2	--	0.148963	0.575739	1	1.38333	4
1	--	0.281045	0.767186	0	1.66437	5

test #74
1	--	0.444169	0.271259	2	0.27126	1
2	--	0.295268	0.463913	1	0.56653	2
1	--	1.183415	0.620759	2	1.18729	3
2	--	0.226349	0.579426	1	1.41364	4
1	--	0.640638	0.385245	2	1.79888	5
2	--	0.221317	0.633872	1	2.0202	6
1	--	0.514846	0.427833	2	2.44803	7
2	--	0.142493	0.206496	1	2.59052	8
1	--	1.011154	0.498313	2	3.08883	9
2	--	0.334017	0.4952	1	3.42285	10
1	--	0.640722	0.292907	2	3.71576	11
2	--	0.160962	0.757397	1	3.87672	12
1	--	0.58641	1.584055	0	4.46313	13

test #75
1	--	0.679588	0.390094	2	0.39009	1
2	--	0.683226	0.350282	3	0.74037	2
3	--	0.467982	0.376437	4	1.11681	3
4	--	0.326577	0.281267	5	1.39808	4
5	--	0.11472	0.097472	6	1.49555	5
6	--	0.625681	0.233871	7	1.72942	6
7	--	0.378912	0.569028	6	2.10833	7
6	--	0.460764	0.593255	5	2.56909	8
5	--	0.377408	0.188598	6	2.75769	9
6	--	0.528588	0.109189	7	2.86688	10
7	--	0.416689	0.132103	8	2.99898	11
8	--	0.771898	0.14363	9	3.14261	12
9	--	1.006011	1.719698	8	4.14862	13
8	--	0.964256	0.17027	9	4.31889	14
9	--	0.928229	0.69134	10	5.01023	15

test #76
1	--	1.385127	1.169796	2	1.1698	1
2	--	0.30668	0.998187	1	1.47648	2
1	--	1.02015	1.211918	0	2.49663	3

test #77
1	--	1.08884	0.965024	2	0.96502	1
2	--	0.293945	0.742651	1	1.25896	2
1	--	1.059161	0.484705	2	1.74366	3
2	--	0.455162	0.162169	3	1.90583	4
3	--	0.242259	0.564838	2	2.14809	5
2	--	0.776229	0.524562	3	2.67265	6
3	--	0.361368	0.310065	4	2.98271	7
4	--	0.186945	0.195466	3	3.16965	8
3	--	0.523159	0.118854	4	3.2885	9
4	--	0.517342	0.339379	5	3.62788	10
5	--	0.568957	0.105559	6	3.73344	11
6	--	0.628292	0.108564	7	3.842	12
7	--	0.259274	0.395258	6	4.10127	13
6	--	0.273678	0.338924	5	4.37495	14
5	--	0.350332	0.175152	6	4.5501	15
6	--	0.261865	0.123164	7	4.67326	16
7	--	0.233719	0.261562	6	4.90698	17
6	--	0.373343	0.140578	7	5.04756	18
7	--	0.495848	0.2137	8	5.26126	19
8	--	0.192888	0.42793	7	5.45415	20
7	--	0.292665	0.499377	6	5.74681	21
6	--	0.347421	0.346427	7	6.09324	22
7	--	0.524557	0.203846	8	6.29709	23
8	--	0.977179	0.657475	9	6.95457	24
9	--	0.819636	0.604651	10	7.55922	25

test #78
1	--	0.530217	1.038906	0	0.53022	1

test #79
1	--	1.251479	0.611411	2	0.61141	1
2	--	0.27431	0.189797	3	0.80121	2
3	--	0.143568	0.347605	2	0.94478	3
2	--	0.160071	0.528968	1	1.10485	4
1	--	0.857627	0.955233	0	1.96248	5

test #80
1	--	1.160451	0.418245	2	0.41824	1
2	--	0.757953	0.741297	3	1.15954	2
3	--	0.110125	0.600354	2	1.26966	3
2	--	0.980528	0.180965	3	1.45062	4
3	--	0.7269	0.281843	4	1.73246	5
4	--	0.124681	0.243614	3	1.85714	6
3	--	0.260476	0.566871	2	2.11762	7
2	--	0.824696	0.314639	3	2.43226	8
3	--	0.632606	0.200431	4	2.63269	9
4	--	0.229822	0.118406	5	2.7511	10
5	--	0.116885	0.277398	4	2.86798	11
4	--	0.145854	0.232855	3	3.01383	12
3	--	0.175416	0.487214	2	3.18925	13
2	--	0.527746	0.542839	1	3.717	14
1	--	1.301707	0.341958	2	4.05896	15
2	--	0.984296	0.533483	3	4.59244	16
3	--	0.368601	0.168394	4	4.76083	17
4	--	0.356972	0.466332	3	5.1178	18
3	--	0.362424	0.572227	2	5.48022	19
2	--	0.268718	0.536865	1	5.74894	20
1	--	1.403801	0.419273	2	6.16821	21
2	--	0.313633	0.543901	1	6.48184	22
1	--	0.943493	1.281244	0	7.42533	23

test #81
1	--	0.800825	1.267041	0	0.80082	1

test #82
1	--	1.208686	1.750818	0	1.20869	1

test #83
1	--	1.490579	0.915999	2	0.916	1
2	--	0.476489	0.708654	1	1.39249	2
1	--	0.390648	1.277694	0	1.78314	3

test #84
1	--	1.670219	0.744632	2	0.74463	1
2	--	0.331224	0.648258	1	1.07585	2
1	--	0.281876	1.604914	0	1.35773	3

test #85
1	--	1.680072	1.618191	2	1.61819	1
2	--	0.229185	0.211445	3	1.82963	2
3	--	0.535444	0.570093	2	2.36507	3
2	--	0.229985	0.642115	1	2.59505	4
1	--	0.714146	0.658716	2	3.25377	5
2	--	0.352168	0.71343	1	3.60594	6
1	--	0.647333	1.324152	0	4.25327	7

test #86
1	--	0.443059	0.918937	0	0.44306	1

test #87
1	--	0.29351	0.570462	0	0.29351	1

test #88
1	--	1.259969	0.927032	2	0.92703	1
2	--	0.844385	0.144548	3	1.07158	2
3	--	0.112904	0.12934	2	1.18448	3
2	--	0.232657	0.296733	1	1.41714	4
1	--	0.428894	0.860431	0	1.84603	5

test #89
1	--	0.354424	0.599421	0	0.35442	1

test #90
1	--	1.778428	1.073841	2	1.07384	1
2	--	0.248842	0.373726	1	1.32268	2
1	--	1.780193	1.047497	2	2.37018	3
2	--	0.63118	0.422238	3	2.79242	4
3	--	0.195534	0.193187	4	2.98561	5
4	--	0.638975	0.612111	5	3.59772	6
5	--	0.430331	0.390635	6	3.98836	7
6	--	0.13522	0.343894	5	4.12358	8
5	--	0.269839	0.38088	4	4.39342	9
4	--	0.549363	0.487689	5	4.88111	10
5	--	0.130085	0.368274	4	5.01119	11
4	--	0.320824	0.553987	3	5.33201	12
3	--	0.503028	0.634884	2	5.83504	13
2	--	0.249971	0.174292	3	6.00933	14
3	--	0.743007	0.161978	4	6.17131	15
4	--	0.102063	0.591876	3	6.27337	16
3	--	0.304968	0.246711	4	6.52008	17
4	--	0.194745	0.233234	3	6.71482	18
3	--	0.24382	0.18518	4	6.9	19
4	--	0.170219	0.291261	3	7.07022	20
3	--	0.120799	0.30499	2	7.19102	21
2	--	1.005523	0.977334	3	8.16835	22
3	--	0.564703	0.762492	2	8.73305	23
2	--	0.407347	0.277906	3	9.01096	24
3	--	0.272335	0.615926	2	9.2833	25
2	--	0.234803	0.483617	1	9.5181	26
1	--	0.740249	1.484765	0	10.25835	27

test #91
1	--	1.02379	1.687854	0	1.02379	1

test #92
1	--	1.787163	0.614752	2	0.61475	1
2	--	0.657611	0.163021	3	0.77777	2
3	--	0.124606	0.202511	2	0.90238	3
2	--	0.724327	0.512404	3	1.41478	4
3	--	0.42128	0.442637	2	1.83606	5
2	--	0.469585	0.932716	1	2.30564	6
1	--	1.507575	0.448673	2	2.75431	7
2	--	0.590694	0.810967	1	3.345	8
1	--	0.714151	1.77087	0	4.05915	9

test #93
1	--	0.896401	0.672614	2	0.67261	1
2	--	0.976064	0.360603	3	1.03321	2
3	--	0.45089	0.735809	2	1.4841	3
2	--	0.579159	0.274771	3	1.75887	4
3	--	0.33033	0.250151	4	2.00902	5
4	--	0.340896	0.153342	5	2.16236	6
5	--	0.150035	0.315411	4	2.3124	7
4	--	0.128852	0.189439	3	2.44125	8
3	--	0.220079	0.195812	4	2.63706	9
4	--	0.437673	0.1108	5	2.74786	10
5	--	0.136786	0.101171	6	2.84903	11
6	--	0.115665	0.344243	5	2.96469	12
5	--	0.100261	0.566553	4	3.06495	13
4	--	0.29974	0.359266	3	3.36469	14
3	--	0.753082	0.171535	4	3.53623	15
4	--	0.322441	0.337483	3	3.85867	16
3	--	0.63353	0.284928	4	4.1436	17
4	--	0.163268	0.572386	3	4.30687	18
3	--	0.125071	0.180688	2	4.43194	19
2	--	0.222287	0.261702	1	4.65423	20
1	--	0.503387	0.576355	0	5.15762	21

test #94
1	--	0.578853	1.549483	0	0.57885	1

test #95
1	--	0.636727	1.255662	0	0.63673	1

test #96
1	--	0.783713	0.30223	2	0.30223	1
2	--	0.297742	0.36651	1	0.59997	2
1	--	0.266735	1.594592	0	0.86671	3

test #97
1	--	1.699526	1.278059	2	1.27806	1
2	--	0.663779	0.555126	3	1.83319	2
3	--	0.243985	0.13354	4	1.96673	3
4	--	0.477794	0.18486	5	2.15159	4
5	--	0.32499	0.249817	6	2.40141	5
6	--	0.187127	0.188861	5	2.58854	6
5	--	0.632769	0.388495	6	2.97704	7
6	--	0.522497	0.623704	5	3.49954	8
5	--	0.488196	0.102241	6	3.60178	9
6	--	0.282504	0.115704	7	3.71748	10
7	--	0.57263	0.569747	8	4.28723	11
8	--	0.22558	0.303125	7	4.51281	12
7	--	0.301404	0.671013	6	4.81421	13
6	--	0.1938	0.297236	5	5.00801	14
5	--	0.309727	0.283167	6	5.29118	15
6	--	0.232469	0.394102	5	5.52365	16
5	--	0.629265	0.588204	6	6.11185	17
6	--	0.170293	0.263174	5	6.28214	18
5	--	0.198875	0.263297	4	6.48102	19
4	--	0.581135	0.108191	5	6.58921	20
5	--	0.292479	0.539566	4	6.88169	21
4	--	0.097785	0.37613	3	6.97947	22
3	--	0.152357	0.167517	2	7.13183	23
2	--	0.292743	0.324935	1	7.42457	24
1	--	1.470916	0.950493	2	8.37506	25
2	--	0.802899	0.867953	1	9.17796	26
1	--	0.42277	0.576475	0	9.60073	27

test #98
1	--	0.442326	0.522114	0	0.44233	1

test #99
1	--	0.630001	1.556691	0	0.63	1
