start i C()	t_left		t_right 	New i	Total time generation

test #0
9	--	0.883751	0.698232	10	0.69823	1

test #1
9	--	1.380377	1.040857	10	1.04086	1

test #2
9	--	0.557194	0.347976	10	0.34798	1

test #3
9	--	0.807186	0.285709	10	0.28571	1

test #4
9	--	1.511427	0.820855	10	0.82086	1

test #5
9	--	0.313545	1.127233	8	0.31354	1
8	--	0.693256	0.744398	7	1.0068	2
7	--	0.131959	0.198253	6	1.13876	3
6	--	0.409148	0.114001	7	1.25276	4
7	--	0.171572	0.601152	6	1.42433	5
6	--	0.199647	0.173786	7	1.59812	6
7	--	0.287229	0.201294	8	1.79941	7
8	--	0.482641	0.405149	9	2.20456	8
9	--	0.51898	1.721054	8	2.72354	9
8	--	0.954578	0.160294	9	2.88383	10
9	--	0.430635	1.229883	8	3.31447	11
8	--	0.461257	0.466088	7	3.77573	12
7	--	0.287211	0.116895	8	3.89263	13
8	--	0.412185	0.583018	7	4.30481	14
7	--	0.528498	0.358366	8	4.66318	15
8	--	0.626845	0.73034	7	5.29002	16
7	--	0.454403	0.400876	8	5.6909	17
8	--	0.219718	0.221506	7	5.91062	18
7	--	0.652462	0.67085	6	6.56308	19
6	--	0.569818	0.201129	7	6.76421	20
7	--	0.134913	0.45356	6	6.89912	21
6	--	0.286029	0.430069	5	7.18515	22
5	--	0.275717	0.183371	6	7.36852	23
6	--	0.348283	0.098005	7	7.46652	24
7	--	0.500097	0.11636	8	7.58288	25
8	--	0.660494	0.652572	9	8.23545	26
9	--	0.724681	0.318636	10	8.55409	27

test #6
9	--	0.624316	1.121077	8	0.62432	1
8	--	0.281787	0.41958	7	0.90611	2
7	--	0.342066	0.272285	8	1.17839	3
8	--	0.208129	0.165625	9	1.34401	4
9	--	0.554202	0.947337	8	1.89821	5
8	--	0.673716	0.531743	9	2.42995	6
9	--	0.381712	0.265285	10	2.69523	7

test #7
9	--	0.732886	0.601037	10	0.60104	1

test #8
9	--	1.578264	1.519429	10	1.51943	1

test #9
9	--	1.179947	0.404796	10	0.4048	1

test #10
9	--	1.046059	0.714669	10	0.71467	1

test #11
9	--	0.338308	1.437699	8	0.33831	1
8	--	0.179435	0.325992	7	0.51775	2
7	--	0.28327	0.312232	6	0.80102	3
6	--	0.261386	0.343864	5	1.06241	4
5	--	0.317712	0.42607	4	1.38012	5
4	--	0.397353	0.12355	5	1.50367	6
5	--	0.401128	0.221006	6	1.72468	7
6	--	0.348608	0.413804	5	2.07329	8
5	--	0.614539	0.16029	6	2.23358	9
6	--	0.24244	0.168917	7	2.4025	10
7	--	0.360028	0.600526	6	2.76253	11
6	--	0.470829	0.314674	7	3.0772	12
7	--	0.502662	0.147362	8	3.22456	13
8	--	0.488466	0.24346	9	3.46802	14
9	--	0.838899	0.486349	10	3.95437	15

test #12
9	--	0.978559	0.655174	10	0.65517	1

test #13
9	--	0.253645	0.372517	8	0.25364	1
8	--	0.164248	0.664141	7	0.41789	2
7	--	0.291778	0.22549	8	0.64338	3
8	--	0.303533	0.710315	7	0.94691	4
7	--	0.348445	0.386624	6	1.29535	5
6	--	0.209963	0.576929	5	1.50531	6
5	--	0.137252	0.150608	4	1.64256	7
4	--	0.099018	0.302894	3	1.74158	8
3	--	0.122769	0.298264	2	1.86435	9
2	--	0.758696	0.656399	3	2.52075	10
3	--	0.329295	0.205215	4	2.72597	11
4	--	0.301445	0.261061	5	2.98703	12
5	--	0.356957	0.202136	6	3.18917	13
6	--	0.177111	0.298758	5	3.36628	14
5	--	0.15869	0.268417	4	3.52497	15
4	--	0.20078	0.222443	3	3.72575	16
3	--	0.118272	0.335984	2	3.84402	17
2	--	0.271926	0.697861	1	4.11595	18
1	--	1.086805	1.1688	0	5.20275	19

test #14
9	--	1.139707	0.33513	10	0.33513	1

test #15
9	--	1.106917	0.917382	10	0.91738	1

test #16
9	--	1.194504	1.564607	8	1.1945	1
8	--	0.427742	0.556753	7	1.62224	2
7	--	0.313611	0.359895	6	1.93585	3
6	--	0.355743	0.552426	5	2.29159	4
5	--	0.127492	0.495315	4	2.41908	5
4	--	0.541652	0.198646	5	2.61773	6
5	--	0.412393	0.625048	4	3.03012	7
4	--	0.654871	0.169144	5	3.19926	8
5	--	0.338516	0.382219	4	3.53778	9
4	--	0.484193	0.351497	5	3.88928	10
5	--	0.549208	0.621052	4	4.43849	11
4	--	0.474969	0.13471	5	4.5732	12
5	--	0.415038	0.190466	6	4.76367	13
6	--	0.310545	0.207659	7	4.97133	14
7	--	0.197725	0.200612	6	5.16905	15
6	--	0.459163	0.506597	5	5.62821	16
5	--	0.194264	0.228632	4	5.82247	17
4	--	0.612305	0.163686	5	5.98616	18
5	--	0.13474	0.364094	4	6.1209	19
4	--	0.38695	0.497292	3	6.50785	20
3	--	0.141047	0.300262	2	6.6489	21
2	--	0.192098	0.212645	1	6.841	22
1	--	0.773742	0.897476	0	7.61474	23

test #17
9	--	1.346126	1.61781	8	1.34613	1
8	--	0.178032	0.35965	7	1.52416	2
7	--	0.477709	0.265072	8	1.78923	3
8	--	0.504162	0.351755	9	2.14099	4
9	--	1.464312	0.764301	10	2.90529	5

test #18
9	--	0.333559	0.725339	8	0.33356	1
8	--	0.162466	0.174542	7	0.49603	2
7	--	0.165193	0.125311	8	0.62134	3
8	--	0.420021	0.340848	9	0.96219	4
9	--	0.376385	0.837491	8	1.33857	5
8	--	0.440163	0.693841	7	1.77873	6
7	--	0.261768	0.48297	6	2.0405	7
6	--	0.650444	0.333698	7	2.3742	8
7	--	0.243393	0.493961	6	2.61759	9
6	--	0.249466	0.261705	5	2.86706	10
5	--	0.27684	0.166696	6	3.03376	11
6	--	0.264569	0.51372	5	3.29833	12
5	--	0.331046	0.147584	6	3.44591	13
6	--	0.271904	0.255898	7	3.70181	14
7	--	0.507136	0.106689	8	3.8085	15
8	--	0.17722	0.580234	7	3.98572	16
7	--	0.555804	0.313017	8	4.29874	17
8	--	0.290864	0.316092	7	4.5896	18
7	--	0.34393	0.710994	6	4.93353	19
6	--	0.580634	0.538098	7	5.47163	20
7	--	0.362294	0.238365	8	5.70999	21
8	--	0.446487	0.41	9	6.11999	22
9	--	1.086809	1.192709	8	7.2068	23
8	--	0.304167	0.388685	7	7.51097	24
7	--	0.200046	0.190681	8	7.70165	25
8	--	0.552055	0.331289	9	8.03294	26
9	--	0.503774	0.571128	8	8.53671	27
8	--	0.815825	0.156222	9	8.69293	28
9	--	0.927048	1.540102	8	9.61998	29
8	--	0.685339	0.309305	9	9.92928	30
9	--	0.83781	0.480473	10	10.40975	31

test #19
9	--	0.734435	1.211092	8	0.73444	1
8	--	0.170394	0.258432	7	0.90483	2
7	--	0.591997	0.399131	8	1.30396	3
8	--	0.741442	0.358375	9	1.66234	4
9	--	1.336756	0.714454	10	2.37679	5

test #20
9	--	0.269866	0.484322	8	0.26987	1
8	--	0.442144	0.398498	9	0.66837	2
9	--	0.679753	0.784802	8	1.34812	3
8	--	0.875115	0.323177	9	1.6713	4
9	--	0.384203	0.274766	10	1.94607	5

test #21
9	--	0.919371	0.641185	10	0.64118	1

test #22
9	--	0.562471	1.368342	8	0.56247	1
8	--	0.866898	0.598228	9	1.1607	2
9	--	1.140738	1.644995	8	2.30144	3
8	--	0.244902	0.678951	7	2.54634	4
7	--	0.335162	0.232332	8	2.77867	5
8	--	0.677092	0.515226	9	3.2939	6
9	--	0.330505	0.765108	8	3.6244	7
8	--	0.251843	0.736484	7	3.87624	8
7	--	0.353733	0.528706	6	4.22997	9
6	--	0.13113	0.107041	7	4.33701	10
7	--	0.501605	0.112855	8	4.44987	11
8	--	0.189211	0.603033	7	4.63908	12
7	--	0.15282	0.178926	6	4.7919	13
6	--	0.154516	0.460857	5	4.94642	14
5	--	0.398546	0.37149	6	5.31791	15
6	--	0.235321	0.234087	7	5.552	16
7	--	0.652786	0.252372	8	5.80437	17
8	--	0.251478	0.868109	7	6.05585	18
7	--	0.152276	0.295478	6	6.20813	19
6	--	0.449486	0.204411	7	6.41254	20
7	--	0.392277	0.452192	6	6.80482	21
6	--	0.215003	0.392362	5	7.01982	22
5	--	0.482886	0.249764	6	7.26958	23
6	--	0.162985	0.114407	7	7.38399	24
7	--	0.11274	0.335925	6	7.49673	25
6	--	0.176569	0.121313	7	7.61804	26
7	--	0.349869	0.380293	6	7.96791	27
6	--	0.339035	0.545874	5	8.30695	28
5	--	0.518202	0.187714	6	8.49466	29
6	--	0.343603	0.201251	7	8.69591	30
7	--	0.147806	0.534957	6	8.84372	31
6	--	0.565549	0.198377	7	9.0421	32
7	--	0.40908	0.288994	8	9.33109	33
8	--	0.913852	0.781115	9	10.11221	34
9	--	1.263762	1.241861	10	11.35407	35

test #23
9	--	0.601179	0.643237	8	0.60118	1
8	--	0.302031	0.689404	7	0.90321	2
7	--	0.544314	0.131057	8	1.03427	3
8	--	0.575436	0.624848	7	1.60971	4
7	--	0.376976	0.140598	8	1.75031	5
8	--	0.714818	0.464378	9	2.21469	6
9	--	0.649289	1.368547	8	2.86398	7
8	--	0.680841	0.317254	9	3.18123	8
9	--	0.817262	0.447292	10	3.62852	9

test #24
9	--	0.944026	0.580918	10	0.58092	1

test #25
9	--	0.823409	0.327988	10	0.32799	1

test #26
9	--	0.529081	0.89509	8	0.52908	1
8	--	0.66105	0.686917	7	1.19013	2
7	--	0.124018	0.13919	6	1.31415	3
6	--	0.343481	0.15384	7	1.46799	4
7	--	0.141194	0.449933	6	1.60918	5
6	--	0.381535	0.192442	7	1.80162	6
7	--	0.386812	0.597376	6	2.18843	7
6	--	0.386176	0.281019	7	2.46945	8
7	--	0.160428	0.225473	6	2.62988	9
6	--	0.389982	0.338478	7	2.96836	10
7	--	0.168523	0.362684	6	3.13688	11
6	--	0.571959	0.597945	5	3.70884	12
5	--	0.54189	0.17019	6	3.87903	13
6	--	0.156755	0.107203	7	3.98623	14
7	--	0.149195	0.567938	6	4.13543	15
6	--	0.151713	0.443928	5	4.28714	16
5	--	0.450724	0.150364	6	4.4375	17
6	--	0.305826	0.115744	7	4.55324	18
7	--	0.357936	0.255546	8	4.80879	19
8	--	0.258171	0.391592	7	5.06696	20
7	--	0.25212	0.565104	6	5.31908	21
6	--	0.352123	0.337589	7	5.65667	22
7	--	0.307409	0.734543	6	5.96408	23
6	--	0.562243	0.372181	7	6.33626	24
7	--	0.289995	0.107853	8	6.44411	25
8	--	0.697647	0.229847	9	6.67396	26
9	--	1.228388	0.268179	10	6.94214	27

test #27
9	--	0.39429	1.72359	8	0.39429	1
8	--	0.636829	0.53006	9	0.92435	2
9	--	1.391402	1.584346	8	2.31575	3
8	--	0.937685	0.704515	9	3.02027	4
9	--	0.313747	0.745903	8	3.33402	5
8	--	0.805315	0.508815	9	3.84284	6
9	--	0.969774	0.81755	10	4.66039	7

test #28
9	--	0.273856	1.266004	8	0.27386	1
8	--	0.184983	0.569075	7	0.45884	2
7	--	0.173403	0.181042	6	0.63224	3
6	--	0.242565	0.12702	7	0.75926	4
7	--	0.466047	0.757233	6	1.22531	5
6	--	0.320723	0.185514	7	1.41082	6
7	--	0.222942	0.158859	8	1.56968	7
8	--	0.812135	0.505848	9	2.07553	8
9	--	0.683198	1.380257	8	2.75873	9
8	--	0.232186	0.937467	7	2.99092	10
7	--	0.541311	0.653255	6	3.53223	11
6	--	0.613353	0.605463	7	4.13769	12
7	--	0.23252	0.486408	6	4.37021	13
6	--	0.246268	0.59957	5	4.61648	14
5	--	0.458315	0.17375	6	4.79023	15
6	--	0.516064	0.151238	7	4.94147	16
7	--	0.13196	0.171477	6	5.07343	17
6	--	0.398615	0.112387	7	5.18582	18
7	--	0.586518	0.297305	8	5.48312	19
8	--	0.407906	0.545228	7	5.89103	20
7	--	0.164279	0.375152	6	6.05531	21
6	--	0.3694	0.635784	5	6.42471	22
5	--	0.27991	0.094286	6	6.519	23
6	--	0.242571	0.262061	5	6.76157	24
5	--	0.348273	0.373968	4	7.10984	25
4	--	0.333099	0.169524	5	7.27936	26
5	--	0.602916	0.176567	6	7.45593	27
6	--	0.392986	0.313541	7	7.76947	28
7	--	0.263218	0.275388	6	8.03269	29
6	--	0.099023	0.115883	5	8.13171	30
5	--	0.316643	0.104404	6	8.23611	31
6	--	0.203546	0.185417	7	8.42153	32
7	--	0.582152	0.178872	8	8.6004	33
8	--	0.380534	0.938412	7	8.98093	34
7	--	0.149237	0.298431	6	9.13017	35
6	--	0.229236	0.176585	7	9.30675	36
7	--	0.467393	0.186509	8	9.49326	37
8	--	0.192984	0.874986	7	9.68624	38
7	--	0.11424	0.448435	6	9.80048	39
6	--	0.459118	0.326649	7	10.12713	40
7	--	0.418022	0.458056	6	10.54515	41
6	--	0.608421	0.603629	7	11.14878	42
7	--	0.214877	0.446778	6	11.36366	43
6	--	0.312603	0.118103	7	11.48176	44
7	--	0.411036	0.526752	6	11.8928	45
6	--	0.480859	0.116208	7	12.00901	46
7	--	0.715137	0.22979	8	12.2388	47
8	--	0.278349	0.916486	7	12.51715	48
7	--	0.449065	0.332504	8	12.84965	49
8	--	0.329286	0.497603	7	13.17894	50
7	--	0.539751	0.113845	8	13.29278	51
8	--	0.399021	0.343993	9	13.63677	52
9	--	0.3598	1.527474	8	13.99657	53
8	--	0.570572	0.87495	7	14.56714	54
7	--	0.471166	0.527703	6	15.03831	55
6	--	0.097733	0.432494	5	15.13604	56
5	--	0.338801	0.489642	4	15.47484	57
4	--	0.269954	0.282484	3	15.74479	58
3	--	0.728268	0.115641	4	15.86043	59
4	--	0.544083	0.161935	5	16.02237	60
5	--	0.51469	0.134981	6	16.15735	61
6	--	0.125092	0.452427	5	16.28244	62
5	--	0.467184	0.569978	4	16.74962	63
4	--	0.424043	0.182852	5	16.93247	64
5	--	0.38466	0.200143	6	17.13261	65
6	--	0.373308	0.168118	7	17.30073	66
7	--	0.741846	0.326474	8	17.6272	67
8	--	0.272637	0.891283	7	17.89984	68
7	--	0.268248	0.306904	6	18.16809	69
6	--	0.352749	0.147073	7	18.31516	70
7	--	0.5777	0.325615	8	18.64078	71
8	--	0.243401	0.399091	7	18.88418	72
7	--	0.391189	0.489536	6	19.27537	73
6	--	0.336101	0.557064	5	19.61147	74
5	--	0.089902	0.474177	4	19.70137	75
4	--	0.133229	0.225244	3	19.8346	76
3	--	0.470209	0.343114	4	20.17771	77
4	--	0.288367	0.4507	3	20.46608	78
3	--	0.405294	0.394162	4	20.86024	79
4	--	0.301226	0.359073	3	21.16147	80
3	--	0.111339	0.307014	2	21.27281	81
2	--	0.844753	0.172919	3	21.44573	82
3	--	0.240304	0.287733	2	21.68603	83
2	--	0.83589	0.675458	3	22.36149	84
3	--	0.622513	0.183123	4	22.54461	85
4	--	0.146526	0.15745	3	22.69114	86
3	--	0.164162	0.759419	2	22.8553	87
2	--	0.49981	0.55925	1	23.35511	88
1	--	0.501466	0.602759	0	23.85658	89

test #29
9	--	1.457117	0.529072	10	0.52907	1

test #30
9	--	1.324921	0.344581	10	0.34458	1

test #31
9	--	1.161753	1.540216	8	1.16175	1
8	--	0.38887	0.273868	9	1.43562	2
9	--	0.524305	0.345045	10	1.78066	3

test #32
9	--	1.094402	0.492631	10	0.49263	1

test #33
9	--	0.645018	0.369557	10	0.36956	1

test #34
9	--	0.452869	0.866279	8	0.45287	1
8	--	0.72333	0.147316	9	0.60019	2
9	--	1.239242	0.799917	10	1.40011	3

test #35
9	--	0.994665	0.502057	10	0.50206	1

test #36
9	--	1.450836	1.131554	10	1.13155	1

test #37
9	--	1.412438	1.4227	8	1.41244	1
8	--	0.608565	0.401383	9	1.81382	2
9	--	0.793615	0.904175	8	2.60744	3
8	--	0.442958	0.211596	9	2.81904	4
9	--	0.761086	0.760691	10	3.57973	5

test #38
9	--	1.151128	0.494148	10	0.49415	1

test #39
9	--	0.310652	1.208008	8	0.31065	1
8	--	0.476809	0.270882	9	0.58153	2
9	--	1.773311	0.267278	10	0.84881	3

test #40
9	--	0.324041	0.378538	8	0.32404	1
8	--	0.668942	0.344976	9	0.66902	2
9	--	0.842371	1.2028	8	1.51139	3
8	--	0.435114	0.425254	9	1.93664	4
9	--	0.373833	0.524792	8	2.31047	5
8	--	0.97216	0.97411	7	3.28263	6
7	--	0.334959	0.132994	8	3.41562	7
8	--	0.346788	0.218452	9	3.63407	8
9	--	1.084038	0.264288	10	3.89836	9

test #41
9	--	1.055924	0.571769	10	0.57177	1

test #42
9	--	1.601706	0.264384	10	0.26438	1

test #43
9	--	1.672358	1.184458	10	1.18446	1

test #44
9	--	0.394525	0.454582	8	0.39452	1
8	--	0.614106	0.447753	9	0.84227	2
9	--	1.263048	0.347856	10	1.19013	3

test #45
9	--	0.453969	0.671122	8	0.45397	1
8	--	0.439729	0.394074	9	0.84804	2
9	--	0.589487	0.571213	10	1.41925	3

test #46
9	--	0.698679	1.768071	8	0.69868	1
8	--	0.720861	0.646452	9	1.34513	2
9	--	0.725557	1.230002	8	2.07069	3
8	--	0.599451	0.310344	9	2.38103	4
9	--	0.615177	0.421438	10	2.80247	5

test #47
9	--	0.771653	0.373182	10	0.37318	1

test #48
9	--	0.354299	1.178187	8	0.3543	1
8	--	0.356739	0.155175	9	0.50948	2
9	--	1.313164	0.593717	10	1.1032	3

test #49
9	--	0.52369	0.301583	10	0.30158	1

test #50
9	--	0.627831	1.688204	8	0.62783	1
8	--	0.80489	0.585431	9	1.21326	2
9	--	0.486069	1.38335	8	1.69933	3
8	--	0.159734	0.676452	7	1.85906	4
7	--	0.11657	0.669079	6	1.97563	5
6	--	0.142671	0.255741	5	2.1183	6
5	--	0.123289	0.132778	4	2.24159	7
4	--	0.106835	0.123585	3	2.34843	8
3	--	0.621459	0.244582	4	2.59301	9
4	--	0.300153	0.32987	3	2.89316	10
3	--	0.359709	0.53349	2	3.25287	11
2	--	0.730318	0.301505	3	3.55438	12
3	--	0.604594	0.567197	4	4.12158	13
4	--	0.214127	0.191201	5	4.31278	14
5	--	0.463994	0.120995	6	4.43378	15
6	--	0.157267	0.642526	5	4.59105	16
5	--	0.40634	0.140522	6	4.73157	17
6	--	0.117288	0.143702	5	4.84886	18
5	--	0.154327	0.314342	4	5.00319	19
4	--	0.333674	0.391365	3	5.33686	20
3	--	0.306455	0.436036	2	5.64331	21
2	--	0.176736	0.403547	1	5.82005	22
1	--	0.729565	0.730034	0	6.54961	23

test #51
9	--	1.426162	0.412285	10	0.41228	1

test #52
9	--	1.104955	0.389849	10	0.38985	1

test #53
9	--	0.420445	0.611432	8	0.42044	1
8	--	0.34173	0.684428	7	0.76217	2
7	--	0.591663	0.418331	8	1.1805	3
8	--	0.2321	0.700393	7	1.4126	4
7	--	0.34239	0.48356	6	1.75499	5
6	--	0.450382	0.128485	7	1.88347	6
7	--	0.133002	0.13095	8	2.01442	7
8	--	0.481188	0.509639	7	2.49561	8
7	--	0.151329	0.183643	6	2.64694	9
6	--	0.369777	0.201044	7	2.84798	10
7	--	0.209871	0.199902	8	3.04788	11
8	--	0.802713	0.744104	9	3.79198	12
9	--	0.468722	1.604772	8	4.2607	13
8	--	0.142965	0.155265	7	4.40366	14
7	--	0.2591	0.128486	8	4.53215	15
8	--	0.625341	0.487992	9	5.02014	16
9	--	1.366284	0.432044	10	5.45218	17

test #54
9	--	0.994661	0.82719	10	0.82719	1

test #55
9	--	1.018255	0.452212	10	0.45221	1

test #56
9	--	0.819711	1.627133	8	0.81971	1
8	--	0.501303	0.71717	7	1.32101	2
7	--	0.162091	0.34545	6	1.4831	3
6	--	0.242855	0.456428	5	1.72596	4
5	--	0.253767	0.356708	4	1.97973	5
4	--	0.32271	0.151499	5	2.13123	6
5	--	0.158211	0.255691	4	2.28944	7
4	--	0.461177	0.571023	3	2.75062	8
3	--	0.241227	0.653386	2	2.99185	9
2	--	0.859041	0.366053	3	3.3579	10
3	--	0.713715	0.133098	4	3.491	11
4	--	0.197542	0.146473	5	3.63747	12
5	--	0.423368	0.108182	6	3.74565	13
6	--	0.265161	0.131455	7	3.8771	14
7	--	0.478566	0.280249	8	4.15735	15
8	--	0.378768	0.155411	9	4.31276	16
9	--	0.768947	0.370552	10	4.68331	17

test #57
9	--	0.432739	0.639743	8	0.43274	1
8	--	0.28462	0.307737	7	0.71736	2
7	--	0.164258	0.394967	6	0.88162	3
6	--	0.096275	0.230152	5	0.9779	4
5	--	0.271795	0.391254	4	1.2497	5
4	--	0.193817	0.177677	5	1.42738	6
5	--	0.293418	0.503759	4	1.7208	7
4	--	0.160145	0.411391	3	1.88095	8
3	--	0.297375	0.351389	2	2.17833	9
2	--	0.936385	0.299206	3	2.47754	10
3	--	0.70077	0.350195	4	2.82774	11
4	--	0.610372	0.099447	5	2.92719	12
5	--	0.559121	0.11884	6	3.04603	13
6	--	0.10087	0.471619	5	3.1469	14
5	--	0.378526	0.298337	6	3.44524	15
6	--	0.153121	0.579547	5	3.59836	16
5	--	0.208045	0.262862	4	3.8064	17
4	--	0.520879	0.32934	5	4.13574	18
5	--	0.292964	0.29729	4	4.4287	19
4	--	0.174701	0.474369	3	4.6034	20
3	--	0.366983	0.695197	2	4.97038	21
2	--	0.513695	0.580666	1	5.48408	22
1	--	1.216956	1.063724	2	6.5478	23
2	--	0.494019	0.55061	1	7.04182	24
1	--	0.632288	0.67765	0	7.67411	25

test #58
9	--	1.243503	0.306271	10	0.30627	1

test #59
9	--	0.892691	1.763883	8	0.89269	1
8	--	0.739307	0.304342	9	1.19703	2
9	--	1.07761	1.511391	8	2.27464	3
8	--	0.819817	0.4135	9	2.68814	4
9	--	0.807923	1.454234	8	3.49606	5
8	--	0.155961	0.877726	7	3.65202	6
7	--	0.645566	0.635956	8	4.28798	7
8	--	0.532055	0.352108	9	4.64009	8
9	--	0.743065	0.81309	8	5.38315	9
8	--	0.373061	0.789551	7	5.75621	10
7	--	0.431787	0.3921	8	6.14831	11
8	--	0.977146	0.144034	9	6.29234	12
9	--	0.261776	1.471329	8	6.55412	13
8	--	0.828065	0.157689	9	6.71181	14
9	--	0.912716	0.584764	10	7.29657	15

test #60
9	--	0.435853	0.285089	10	0.28509	1

test #61
9	--	1.307683	1.024194	10	1.02419	1

test #62
9	--	1.717408	0.332065	10	0.33206	1

test #63
9	--	0.48087	1.40012	8	0.48087	1
8	--	0.269082	0.214001	9	0.69487	2
9	--	0.524105	0.811732	8	1.21898	3
8	--	0.177916	0.343178	7	1.3969	4
7	--	0.210921	0.693516	6	1.60782	5
6	--	0.159878	0.397505	5	1.7677	6
5	--	0.560319	0.412165	6	2.17986	7
6	--	0.104072	0.243843	5	2.28393	8
5	--	0.180843	0.169291	6	2.45322	9
6	--	0.407953	0.465121	5	2.86117	10
5	--	0.491753	0.323848	6	3.18502	11
6	--	0.328829	0.389499	5	3.51385	12
5	--	0.297721	0.575039	4	3.81157	13
4	--	0.135118	0.24714	3	3.94669	14
3	--	0.647294	0.221349	4	4.16804	15
4	--	0.098191	0.451482	3	4.26623	16
3	--	0.376026	0.281106	4	4.54734	17
4	--	0.105137	0.586531	3	4.65248	18
3	--	0.267303	0.689448	2	4.91978	19
2	--	0.241921	0.557012	1	5.1617	20
1	--	1.05185	0.358968	2	5.52067	21
2	--	0.262718	0.391501	1	5.78339	22
1	--	1.440256	0.746628	2	6.53002	23
2	--	0.292391	0.150583	3	6.6806	24
3	--	0.320609	0.157771	4	6.83837	25
4	--	0.553679	0.154708	5	6.99308	26
5	--	0.251725	0.220758	6	7.21384	27
6	--	0.664826	0.499505	7	7.71334	28
7	--	0.590857	0.322491	8	8.03583	29
8	--	0.428592	0.250451	9	8.28628	30
9	--	0.517566	0.2942	10	8.58048	31

test #64
9	--	1.722963	0.720344	10	0.72034	1

test #65
9	--	1.401924	0.744519	10	0.74452	1

test #66
9	--	0.424342	0.99697	8	0.42434	1
8	--	0.191323	0.618107	7	0.61566	2
7	--	0.497655	0.557276	6	1.11332	3
6	--	0.351915	0.243989	7	1.35731	4
7	--	0.246938	0.357018	6	1.60425	5
6	--	0.173574	0.16646	7	1.77071	6
7	--	0.746597	0.592549	8	2.36326	7
8	--	0.872157	0.616072	9	2.97933	8
9	--	1.665288	0.561129	10	3.54046	9

test #67
9	--	0.865336	1.097518	8	0.86534	1
8	--	0.529421	0.52021	9	1.38555	2
9	--	0.324886	0.461922	8	1.71044	3
8	--	0.161159	0.160733	9	1.87117	4
9	--	0.799193	1.640709	8	2.67036	5
8	--	0.377506	0.801722	7	3.04787	6
7	--	0.116328	0.223194	6	3.1642	7
6	--	0.189537	0.225542	5	3.35374	8
5	--	0.630362	0.147059	6	3.5008	9
6	--	0.376686	0.274886	7	3.77569	10
7	--	0.665012	0.408083	8	4.18377	11
8	--	0.164174	0.321194	7	4.34794	12
7	--	0.274267	0.499574	6	4.62221	13
6	--	0.30324	0.16523	7	4.78744	14
7	--	0.198277	0.127566	8	4.91501	15
8	--	0.297051	0.539027	7	5.21206	16
7	--	0.288355	0.247176	8	5.45924	17
8	--	0.441297	0.368312	9	5.82755	18
9	--	0.676465	0.955874	8	6.50401	19
8	--	0.689692	0.18431	9	6.68832	20
9	--	0.549044	0.256892	10	6.94521	21

test #68
9	--	1.171607	0.671311	10	0.67131	1

test #69
9	--	1.349389	0.401554	10	0.40155	1

test #70
9	--	1.588769	0.299995	10	0.3	1

test #71
9	--	0.413811	0.369472	10	0.36947	1

test #72
9	--	0.582842	0.385813	10	0.38581	1

test #73
9	--	0.541425	1.248102	8	0.54143	1
8	--	0.40815	0.836858	7	0.94958	2
7	--	0.237822	0.689188	6	1.1874	3
6	--	0.335656	0.580333	5	1.52306	4
5	--	0.125959	0.222418	4	1.64902	5
4	--	0.389521	0.417194	3	2.03854	6
3	--	0.395603	0.445077	2	2.43414	7
2	--	0.78544	0.687257	3	3.1214	8
3	--	0.234503	0.37675	2	3.3559	9
2	--	0.421376	0.6164	1	3.77728	10
1	--	0.983246	0.475492	2	4.25277	11
2	--	0.428447	0.168289	3	4.42106	12
3	--	0.62048	0.542821	4	4.96388	13
4	--	0.120945	0.52803	3	5.08482	14
3	--	0.143538	0.211777	2	5.22836	15
2	--	0.493003	0.216238	3	5.4446	16
3	--	0.292638	0.694103	2	5.73724	17
2	--	0.274697	0.224171	3	5.96141	18
3	--	0.254044	0.369698	2	6.21545	19
2	--	0.244826	0.602582	1	6.46028	20
1	--	1.680026	0.949277	2	7.40956	21
2	--	0.778104	0.463744	3	7.8733	22
3	--	0.305007	0.115945	4	7.98924	23
4	--	0.263935	0.512891	3	8.25317	24
3	--	0.249966	0.269385	2	8.50314	25
2	--	0.207097	0.328841	1	8.71024	26
1	--	0.320685	0.929987	0	9.03092	27

test #74
9	--	0.704017	1.074674	8	0.70402	1
8	--	0.778011	0.860066	7	1.48203	2
7	--	0.159774	0.554553	6	1.6418	3
6	--	0.337771	0.132724	7	1.77452	4
7	--	0.179473	0.615374	6	1.95399	5
6	--	0.255353	0.325306	5	2.20934	6
5	--	0.097869	0.530834	4	2.30721	7
4	--	0.134504	0.253172	3	2.44171	8
3	--	0.405427	0.643441	2	2.84714	9
2	--	0.363454	0.322915	3	3.17006	10
3	--	0.166929	0.404317	2	3.33699	11
2	--	0.227009	0.494869	1	3.564	12
1	--	0.753168	0.726215	2	4.29022	13
2	--	0.845879	0.976498	1	5.1361	14
1	--	1.417396	1.549835	0	6.5535	15

test #75
9	--	0.842014	0.40918	10	0.40918	1

test #76
9	--	0.572851	0.363426	10	0.36343	1

test #77
9	--	1.041246	0.527801	10	0.5278	1

test #78
9	--	1.299166	0.931688	10	0.93169	1

test #79
9	--	0.369616	1.738673	8	0.36962	1
8	--	0.161765	0.971513	7	0.53138	2
7	--	0.327197	0.268476	8	0.79986	3
8	--	0.70918	0.646153	9	1.44601	4
9	--	1.02436	1.182336	8	2.47037	5
8	--	0.930836	0.279009	9	2.74938	6
9	--	1.20942	0.470518	10	3.2199	7

test #80
9	--	0.991241	0.849738	10	0.84974	1

test #81
9	--	0.420374	1.210386	8	0.42037	1
8	--	0.273474	0.467639	7	0.69384	2
7	--	0.673681	0.737974	6	1.36752	3
6	--	0.458084	0.264686	7	1.63221	4
7	--	0.546488	0.169425	8	1.80163	5
8	--	0.280919	0.841339	7	2.08255	6
7	--	0.270123	0.359673	6	2.35267	7
6	--	0.22965	0.15767	7	2.51034	8
7	--	0.110624	0.557126	6	2.62096	9
6	--	0.099808	0.455137	5	2.72077	10
5	--	0.496599	0.269925	6	2.9907	11
6	--	0.290801	0.258311	7	3.24901	12
7	--	0.146764	0.363841	6	3.39577	13
6	--	0.185458	0.252072	5	3.58123	14
5	--	0.49593	0.332155	6	3.91339	15
6	--	0.585349	0.110664	7	4.02405	16
7	--	0.21247	0.211876	8	4.23593	17
8	--	0.245383	0.311901	7	4.48131	18
7	--	0.526061	0.207406	8	4.68872	19
8	--	0.407334	0.636413	7	5.09605	20
7	--	0.323048	0.286081	8	5.38213	21
8	--	0.246128	0.181638	9	5.56377	22
9	--	0.664841	1.755307	8	6.22861	23
8	--	0.853869	0.165259	9	6.39387	24
9	--	1.33829	0.938453	10	7.33232	25

test #82
9	--	0.445444	0.520681	8	0.44544	1
8	--	0.74306	0.74633	7	1.1885	2
7	--	0.143067	0.440286	6	1.33157	3
6	--	0.235271	0.10829	7	1.43986	4
7	--	0.712976	0.183562	8	1.62342	5
8	--	0.803798	0.508502	9	2.13192	6
9	--	0.494953	0.533695	8	2.62687	7
8	--	0.679485	0.68836	7	3.30635	8
7	--	0.344487	0.11573	8	3.42208	9
8	--	0.205155	0.313876	7	3.62724	10
7	--	0.624624	0.537879	8	4.16512	11
8	--	0.556444	0.544692	9	4.70981	12
9	--	0.356128	1.270531	8	5.06594	13
8	--	0.579883	0.537606	9	5.60355	14
9	--	0.584188	0.399044	10	6.00259	15

test #83
9	--	1.379293	0.493795	10	0.4938	1

test #84
9	--	0.852444	1.187971	8	0.85244	1
8	--	1.000256	0.842801	9	1.69524	2
9	--	0.727719	0.290249	10	1.98549	3

test #85
9	--	1.629718	0.261484	10	0.26148	1

test #86
9	--	0.744239	0.396371	10	0.39637	1

test #87
9	--	0.78387	0.53487	10	0.53487	1

test #88
9	--	0.413278	0.418618	8	0.41328	1
8	--	0.175723	0.350882	7	0.589	2
7	--	0.422843	0.588023	6	1.01184	3
6	--	0.37066	0.184845	7	1.19668	4
7	--	0.639539	0.334933	8	1.53161	5
8	--	0.290447	0.920656	7	1.82206	6
7	--	0.462181	0.620518	6	2.28424	7
6	--	0.188979	0.115311	7	2.39955	8
7	--	0.546577	0.258386	8	2.65794	9
8	--	0.360474	0.903523	7	3.01841	10
7	--	0.138141	0.458696	6	3.15655	11
6	--	0.098137	0.124789	5	3.25469	12
5	--	0.329293	0.310824	6	3.56551	13
6	--	0.150514	0.14614	7	3.71165	14
7	--	0.258672	0.18191	8	3.89356	15
8	--	0.721924	0.699322	9	4.59288	16
9	--	0.392741	0.852167	8	4.98562	17
8	--	0.264744	0.698137	7	5.25036	18
7	--	0.63706	0.304246	8	5.55461	19
8	--	0.638975	0.200609	9	5.75522	20
9	--	0.627781	0.868401	8	6.383	21
8	--	0.750237	0.906141	7	7.13324	22
7	--	0.413032	0.176995	8	7.31024	23
8	--	0.700378	0.539245	9	7.84948	24
9	--	1.505927	0.475799	10	8.32528	25

test #89
9	--	1.306928	0.925624	10	0.92562	1

test #90
9	--	0.88385	0.398871	10	0.39887	1

test #91
9	--	1.418338	1.649555	8	1.41834	1
8	--	0.715243	0.959719	7	2.13358	2
7	--	0.290077	0.161612	8	2.29519	3
8	--	0.153872	0.361319	7	2.44906	4
7	--	0.583091	0.33544	8	2.7845	5
8	--	0.154957	0.249113	7	2.93946	6
7	--	0.368254	0.492591	6	3.30771	7
6	--	0.258191	0.511056	5	3.5659	8
5	--	0.518908	0.180595	6	3.7465	9
6	--	0.347642	0.181469	7	3.92797	10
7	--	0.437016	0.246383	8	4.17435	11
8	--	0.283073	0.237322	9	4.41167	12
9	--	0.281204	1.688967	8	4.69287	13
8	--	0.670845	0.557503	9	5.25037	14
9	--	0.516301	0.72378	8	5.76667	15
8	--	0.428955	0.473846	7	6.19563	16
7	--	0.495966	0.755442	6	6.6916	17
6	--	0.137413	0.101904	7	6.7935	18
7	--	0.38692	0.571868	6	7.18042	19
6	--	0.335821	0.255977	7	7.4364	20
7	--	0.113575	0.188149	6	7.54998	21
6	--	0.414587	0.214281	7	7.76426	22
7	--	0.72699	0.295116	8	8.05938	23
8	--	0.633144	0.488564	9	8.54794	24
9	--	0.971587	1.538458	8	9.51953	25
8	--	0.644503	0.302578	9	9.82211	26
9	--	0.432678	1.717696	8	10.25479	27
8	--	0.520727	0.372043	9	10.62683	28
9	--	1.65813	0.538477	10	11.16531	29

test #92
9	--	0.603631	0.289362	10	0.28936	1

test #93
9	--	0.301134	0.689235	8	0.30113	1
8	--	0.69826	0.270703	9	0.57183	2
9	--	0.300226	1.433159	8	0.87206	3
8	--	0.776204	0.763242	9	1.6353	4
9	--	1.638557	0.841904	10	2.4772	5

test #94
9	--	1.708172	0.724762	10	0.72476	1

test #95
9	--	1.493242	1.361081	10	1.36108	1

test #96
9	--	0.529781	1.156815	8	0.52978	1
8	--	0.36426	0.486848	7	0.89404	2
7	--	0.260089	0.349661	6	1.15413	3
6	--	0.462532	0.548006	5	1.61666	4
5	--	0.293982	0.574857	4	1.91064	5
4	--	0.218811	0.584972	3	2.12945	6
3	--	0.571154	0.679893	2	2.7006	7
2	--	0.319777	0.772423	1	3.02038	8
1	--	0.907304	0.5739	2	3.59428	9
2	--	0.252949	0.203677	3	3.79796	10
3	--	0.240181	0.580374	2	4.03814	11
2	--	0.674366	0.290503	3	4.32864	12
3	--	0.113257	0.504618	2	4.4419	13
2	--	0.880066	0.713155	3	5.15506	14
3	--	0.343896	0.32955	4	5.48461	15
4	--	0.328374	0.516634	3	5.81298	16
3	--	0.210064	0.346916	2	6.02304	17
2	--	0.76085	0.224644	3	6.24768	18
3	--	0.248227	0.143692	4	6.39137	19
4	--	0.461143	0.10062	5	6.49199	20
5	--	0.203855	0.244785	4	6.69585	21
4	--	0.397729	0.20989	5	6.90574	22
5	--	0.166859	0.517433	4	7.0726	23
4	--	0.339457	0.31361	5	7.38621	24
5	--	0.376293	0.486948	4	7.7625	25
4	--	0.131629	0.383365	3	7.89413	26
3	--	0.716597	0.54169	4	8.43582	27
4	--	0.329444	0.20981	5	8.64563	28
5	--	0.38	0.153491	6	8.79912	29
6	--	0.261695	0.267246	5	9.06082	30
5	--	0.455381	0.487375	4	9.5162	31
4	--	0.271149	0.259149	5	9.77535	32
5	--	0.132842	0.19955	4	9.90819	33
4	--	0.612837	0.634471	3	10.52103	34
3	--	0.113983	0.211189	2	10.63501	35
2	--	0.4753	0.463643	3	11.09865	36
3	--	0.22013	0.564591	2	11.31878	37
2	--	0.318018	0.668856	1	11.6368	38
1	--	1.490475	0.82344	2	12.46024	39
2	--	0.236822	0.192159	3	12.6524	40
3	--	0.278267	0.451121	2	12.93067	41
2	--	0.277987	0.714646	1	13.20866	42
1	--	0.479174	0.44249	2	13.65115	43
2	--	0.198509	0.499232	1	13.84966	44
1	--	0.568064	0.90452	0	14.41772	45

test #97
9	--	0.703257	0.788643	8	0.70326	1
8	--	0.777287	0.442897	9	1.14616	2
9	--	0.610093	0.47812	10	1.62428	3

test #98
9	--	1.233216	0.614196	10	0.6142	1

test #99
9	--	0.659062	0.926242	8	0.65906	1
8	--	0.261241	0.856106	7	0.9203	2
7	--	0.320459	0.196893	8	1.11719	3
8	--	0.217915	0.340147	7	1.33511	4
7	--	0.185222	0.106907	8	1.44202	5
8	--	0.323853	0.200264	9	1.64228	6
9	--	1.68868	0.318025	10	1.9603	7
