start i C()	t_left		t_right 	New i	Total time generation

test #0
6	--	0.168066	0.412375	5	0.16807	1
5	--	0.300393	0.361397	4	0.46846	2
4	--	0.465563	0.557002	3	0.93402	3
3	--	0.353545	0.167051	4	1.10107	4
4	--	0.121982	0.435942	3	1.22305	5
3	--	0.440296	0.167576	4	1.39063	6
4	--	0.424219	0.624423	3	1.81485	7
3	--	0.180862	0.341545	2	1.99571	8
2	--	0.143945	0.42776	1	2.13965	9
1	--	0.268725	1.137001	0	2.40837	10

test #1
6	--	0.607454	0.519969	7	0.51997	1
7	--	0.151539	0.298531	6	0.67151	2
6	--	0.369915	0.240601	7	0.91211	3
7	--	0.299987	0.1975	8	1.10961	4
8	--	0.301435	0.333639	7	1.41105	5
7	--	0.275771	0.684735	6	1.68682	6
6	--	0.244645	0.435569	5	1.93146	7
5	--	0.193399	0.494482	4	2.12486	8
4	--	0.249549	0.353571	3	2.37441	9
3	--	0.151645	0.274879	2	2.52605	10
2	--	0.200711	0.526576	1	2.72676	11
1	--	0.948188	1.386619	0	3.67495	12

test #2
6	--	0.304044	0.1808	7	0.1808	1
7	--	0.29953	0.202532	8	0.38333	2
8	--	0.661297	0.540556	9	0.92389	3
9	--	0.998539	0.558218	10	1.48211	4

test #3
6	--	0.489398	0.198383	7	0.19838	1
7	--	0.337526	0.445088	6	0.53591	2
6	--	0.520919	0.501771	7	1.03768	3
7	--	0.504638	0.444331	8	1.48201	4
8	--	0.235741	0.264341	7	1.71775	5
7	--	0.224752	0.433607	6	1.9425	6
6	--	0.327549	0.307995	7	2.2505	7
7	--	0.54075	0.703492	6	2.79125	8
6	--	0.439458	0.225458	7	3.01671	9
7	--	0.280347	0.334868	6	3.29706	10
6	--	0.317396	0.514423	5	3.61446	11
5	--	0.259059	0.280886	4	3.87352	12
4	--	0.378472	0.53645	3	4.25199	13
3	--	0.699545	0.664194	4	4.91618	14
4	--	0.131098	0.163414	3	5.04728	15
3	--	0.506892	0.366391	4	5.41367	16
4	--	0.206227	0.251415	3	5.6199	17
3	--	0.355524	0.733721	2	5.97542	18
2	--	0.207482	0.476266	1	6.1829	19
1	--	1.746258	0.504024	2	6.68692	20
2	--	0.478929	0.335373	3	7.02229	21
3	--	0.484017	0.216256	4	7.23855	22
4	--	0.174837	0.15364	5	7.39219	23
5	--	0.181922	0.45862	4	7.57411	24
4	--	0.402962	0.310078	5	7.88419	25
5	--	0.214599	0.336234	4	8.09879	26
4	--	0.233027	0.159105	5	8.25789	27
5	--	0.246344	0.218511	6	8.4764	28
6	--	0.122274	0.528935	5	8.59867	29
5	--	0.283833	0.472198	4	8.8825	30
4	--	0.46112	0.408989	5	9.29149	31
5	--	0.228073	0.195176	6	9.48667	32
6	--	0.307918	0.297117	7	9.78379	33
7	--	0.143023	0.343912	6	9.92681	34
6	--	0.271217	0.394669	5	10.19803	35
5	--	0.364723	0.162235	6	10.36026	36
6	--	0.406985	0.211174	7	10.57143	37
7	--	0.621158	0.307399	8	10.87883	38
8	--	0.605309	0.671622	7	11.48414	39
7	--	0.722785	0.453344	8	11.93748	40
8	--	0.35347	0.26814	9	12.20562	41
9	--	1.77832	1.12209	10	13.32771	42

test #4
6	--	0.249527	0.592208	5	0.24953	1
5	--	0.487607	0.367809	6	0.61734	2
6	--	0.195413	0.146958	7	0.7643	3
7	--	0.499063	0.335315	8	1.09962	4
8	--	0.507069	0.87631	7	1.60669	5
7	--	0.201675	0.662898	6	1.80837	6
6	--	0.257461	0.198896	7	2.00727	7
7	--	0.545253	0.363911	8	2.37118	8
8	--	0.350863	0.312105	9	2.68329	9
9	--	0.568378	0.787979	8	3.25167	10
8	--	0.197433	0.817026	7	3.4491	11
7	--	0.670909	0.188233	8	3.63733	12
8	--	0.290043	0.196661	9	3.83399	13
9	--	1.020587	0.555711	10	4.3897	14

test #5
6	--	0.341196	0.325122	7	0.32512	1
7	--	0.318885	0.138218	8	0.46334	2
8	--	0.2038	0.574295	7	0.66714	3
7	--	0.219723	0.479617	6	0.88686	4
6	--	0.160529	0.213984	5	1.04739	5
5	--	0.387667	0.252754	6	1.30014	6
6	--	0.338045	0.248313	7	1.54845	7
7	--	0.327733	0.185305	8	1.73375	8
8	--	0.1937	0.631964	7	1.92745	9
7	--	0.304404	0.22643	8	2.15388	10
8	--	0.48523	0.726006	7	2.63911	11
7	--	0.466543	0.280971	8	2.92008	12
8	--	0.609303	0.856526	7	3.52938	13
7	--	0.118373	0.750589	6	3.64775	14
6	--	0.599679	0.656289	5	4.24743	15
5	--	0.275731	0.304392	4	4.52316	16
4	--	0.233539	0.296847	3	4.7567	17
3	--	0.350933	0.112973	4	4.86967	18
4	--	0.116626	0.65217	3	4.9863	19
3	--	0.155152	0.16416	2	5.14145	20
2	--	0.28585	0.657736	1	5.4273	21
1	--	0.777642	0.370331	2	5.79763	22
2	--	0.548397	0.674288	1	6.34603	23
1	--	0.489587	0.559361	0	6.83562	24

test #6
6	--	0.527498	0.24709	7	0.24709	1
7	--	0.130391	0.181058	6	0.37748	2
6	--	0.264568	0.170092	7	0.54757	3
7	--	0.519917	0.47269	8	1.02026	4
8	--	0.683731	0.176475	9	1.19674	5
9	--	0.989011	0.529957	10	1.7267	6

test #7
6	--	0.230865	0.363408	5	0.23086	1
5	--	0.305402	0.295691	6	0.52655	2
6	--	0.376466	0.35888	7	0.88543	3
7	--	0.378504	0.229078	8	1.11451	4
8	--	0.975725	0.580632	9	1.69514	5
9	--	0.732919	0.655945	10	2.35108	6

test #8
6	--	0.237518	0.124673	7	0.12467	1
7	--	0.677115	0.263358	8	0.38803	2
8	--	0.182926	0.611714	7	0.57096	3
7	--	0.165192	0.131216	8	0.70218	4
8	--	0.673851	0.548271	9	1.25045	5
9	--	0.345856	1.495423	8	1.59631	6
8	--	0.244296	0.55108	7	1.84061	7
7	--	0.366145	0.421599	6	2.20675	8
6	--	0.161533	0.487555	5	2.36828	9
5	--	0.148077	0.476937	4	2.51636	10
4	--	0.42086	0.294124	5	2.81048	11
5	--	0.138821	0.349588	4	2.9493	12
4	--	0.601216	0.174828	5	3.12413	13
5	--	0.156269	0.098444	6	3.22257	14
6	--	0.257192	0.291375	5	3.47976	15
5	--	0.432033	0.433063	4	3.91179	16
4	--	0.199547	0.275536	3	4.11134	17
3	--	0.311825	0.455517	2	4.42317	18
2	--	0.836298	0.207209	3	4.63038	19
3	--	0.17594	0.270819	2	4.80632	20
2	--	0.804448	0.144564	3	4.95088	21
3	--	0.522486	0.229958	4	5.18084	22
4	--	0.189764	0.441007	3	5.3706	23
3	--	0.206157	0.236261	2	5.57676	24
2	--	0.667543	0.329761	3	5.90652	25
3	--	0.559507	0.148413	4	6.05493	26
4	--	0.353997	0.419751	3	6.40893	27
3	--	0.394243	0.283543	4	6.69247	28
4	--	0.498328	0.107131	5	6.7996	29
5	--	0.216071	0.16264	6	6.96224	30
6	--	0.40947	0.245625	7	7.20786	31
7	--	0.326251	0.2059	8	7.41376	32
8	--	0.178277	0.275024	7	7.59204	33
7	--	0.229055	0.409358	6	7.8211	34
6	--	0.356304	0.136947	7	7.95805	35
7	--	0.126696	0.175099	6	8.08475	36
6	--	0.512998	0.524563	5	8.59775	37
5	--	0.485489	0.389052	6	8.9868	38
6	--	0.652203	0.11258	7	9.09938	39
7	--	0.528717	0.558835	6	9.6281	40
6	--	0.155102	0.229816	5	9.7832	41
5	--	0.248443	0.162017	6	9.94522	42
6	--	0.186127	0.096372	7	10.04159	43
7	--	0.294247	0.731766	6	10.33584	44
6	--	0.128774	0.31976	5	10.46461	45
5	--	0.165962	0.379338	4	10.63057	46
4	--	0.215385	0.643109	3	10.84595	47
3	--	0.194805	0.581644	2	11.04075	48
2	--	0.992212	0.319616	3	11.36037	49
3	--	0.698136	0.301626	4	11.662	50
4	--	0.22506	0.142523	5	11.80452	51
5	--	0.62611	0.176455	6	11.98098	52
6	--	0.159267	0.11506	7	12.09604	53
7	--	0.717885	0.621338	8	12.71738	54
8	--	0.329162	0.664683	7	13.04654	55
7	--	0.627069	0.375311	8	13.42185	56
8	--	0.74391	0.349878	9	13.77173	57
9	--	1.171076	0.434892	10	14.20662	58

test #9
6	--	0.387701	0.434132	5	0.3877	1
5	--	0.292435	0.604251	4	0.68014	2
4	--	0.182774	0.157397	5	0.83754	3
5	--	0.22947	0.296425	4	1.06701	4
4	--	0.497286	0.125416	5	1.19243	5
5	--	0.360811	0.446451	4	1.55324	6
4	--	0.552424	0.264102	5	1.81734	7
5	--	0.303967	0.377171	4	2.12131	8
4	--	0.173924	0.222485	3	2.29523	9
3	--	0.383424	0.337108	4	2.63234	10
4	--	0.343607	0.508435	3	2.97595	11
3	--	0.112117	0.111302	4	3.08725	12
4	--	0.212536	0.27944	3	3.29979	13
3	--	0.334094	0.336174	2	3.63388	14
2	--	0.63861	0.392	3	4.02588	15
3	--	0.601051	0.69614	2	4.62693	16
2	--	0.167358	0.223725	1	4.79429	17
1	--	0.328767	1.304736	0	5.12306	18

test #10
6	--	0.240016	0.106158	7	0.10616	1
7	--	0.326498	0.181926	8	0.28809	2
8	--	0.631188	0.24923	9	0.53732	3
9	--	1.553065	0.334706	10	0.87203	4

test #11
6	--	0.43657	0.155279	7	0.15528	1
7	--	0.10657	0.569411	6	0.26185	2
6	--	0.440834	0.099206	7	0.36106	3
7	--	0.340036	0.687331	6	0.7011	4
6	--	0.111236	0.252528	5	0.81234	5
5	--	0.41713	0.184534	6	0.99687	6
6	--	0.332801	0.498277	5	1.32967	7
5	--	0.157507	0.362559	4	1.48718	8
4	--	0.385502	0.523931	3	1.87268	9
3	--	0.329689	0.277898	4	2.15058	10
4	--	0.254283	0.330453	3	2.40486	11
3	--	0.264159	0.736217	2	2.66902	12
2	--	0.885558	0.317461	3	2.98648	13
3	--	0.284349	0.110442	4	3.09692	14
4	--	0.452117	0.162315	5	3.25923	15
5	--	0.117048	0.127187	4	3.37628	16
4	--	0.39352	0.595944	3	3.7698	17
3	--	0.108774	0.142565	2	3.87857	18
2	--	0.625194	0.569157	3	4.44773	19
3	--	0.503124	0.619061	2	4.95085	20
2	--	0.628839	0.560243	3	5.51109	21
3	--	0.313064	0.287922	4	5.79901	22
4	--	0.129291	0.185283	3	5.9283	23
3	--	0.392274	0.242088	4	6.17039	24
4	--	0.301499	0.210453	5	6.38084	25
5	--	0.343355	0.415529	4	6.7242	26
4	--	0.256621	0.396834	3	6.98082	27
3	--	0.492601	0.115513	4	7.09633	28
4	--	0.162374	0.10784	5	7.20417	29
5	--	0.38609	0.148227	6	7.3524	30
6	--	0.093473	0.232472	5	7.44587	31
5	--	0.101002	0.100358	6	7.54623	32
6	--	0.276832	0.295653	5	7.82306	33
5	--	0.126396	0.118524	6	7.94158	34
6	--	0.175772	0.133359	7	8.07494	35
7	--	0.376394	0.534447	6	8.45133	36
6	--	0.123364	0.430983	5	8.57469	37
5	--	0.197819	0.464395	4	8.77251	38
4	--	0.177393	0.405013	3	8.9499	39
3	--	0.248969	0.201909	4	9.15181	40
4	--	0.641522	0.590676	5	9.74249	41
5	--	0.114546	0.320425	4	9.85704	42
4	--	0.32813	0.610369	3	10.18517	43
3	--	0.479203	0.161401	4	10.34657	44
4	--	0.209654	0.480194	3	10.55622	45
3	--	0.201083	0.585858	2	10.7573	46
2	--	0.837128	0.382005	3	11.1393	47
3	--	0.287662	0.565297	2	11.42696	48
2	--	0.934158	0.287945	3	11.7149	49
3	--	0.381124	0.433668	2	12.09602	50
2	--	0.201806	0.840628	1	12.29783	51
1	--	0.660349	0.956895	0	12.95818	52

test #12
6	--	0.281038	0.115631	7	0.11563	1
7	--	0.56556	0.141854	8	0.25748	2
8	--	0.623923	0.83438	7	0.8814	3
7	--	0.754777	0.169061	8	1.05046	4
8	--	0.939457	0.143901	9	1.19436	5
9	--	0.366553	1.459099	8	1.56091	6
8	--	0.708906	0.3427	9	1.90361	7
9	--	1.294639	0.608357	10	2.51197	8

test #13
6	--	0.172489	0.219311	5	0.17249	1
5	--	0.628324	0.355524	6	0.52801	2
6	--	0.178953	0.145595	7	0.67361	3
7	--	0.590229	0.190385	8	0.86399	4
8	--	0.140351	0.170524	7	1.00434	5
7	--	0.148018	0.19412	6	1.15236	6
6	--	0.51667	0.196051	7	1.34841	7
7	--	0.684542	0.242132	8	1.59054	8
8	--	0.771979	0.744962	9	2.3355	9
9	--	1.109579	0.866675	10	3.20218	10

test #14
6	--	0.105153	0.207631	5	0.10515	1
5	--	0.20956	0.407636	4	0.31471	2
4	--	0.28749	0.330628	3	0.6022	3
3	--	0.42445	0.618259	2	1.02665	4
2	--	0.769097	0.70363	3	1.73028	5
3	--	0.382214	0.484356	2	2.11249	6
2	--	0.452931	0.316787	3	2.42928	7
3	--	0.21782	0.71669	2	2.6471	8
2	--	0.1475	0.434549	1	2.7946	9
1	--	1.352231	0.895688	2	3.69029	10
2	--	0.233908	0.363821	1	3.9242	11
1	--	1.272007	0.299913	2	4.22411	12
2	--	0.363548	0.179964	3	4.40407	13
3	--	0.35038	0.126633	4	4.5307	14
4	--	0.26425	0.581546	3	4.79495	15
3	--	0.583772	0.386843	4	5.18179	16
4	--	0.195779	0.315397	3	5.37757	17
3	--	0.117698	0.254386	2	5.49527	18
2	--	0.287342	0.40969	1	5.78261	19
1	--	0.376638	1.751424	0	6.15925	20

test #15
6	--	0.191542	0.626613	5	0.19154	1
5	--	0.298442	0.115501	6	0.30704	2
6	--	0.237809	0.438295	5	0.54485	3
5	--	0.141319	0.62683	4	0.68617	4
4	--	0.357748	0.232382	5	0.91855	5
5	--	0.237298	0.101988	6	1.02054	6
6	--	0.344073	0.535966	5	1.36461	7
5	--	0.340766	0.210804	6	1.57541	8
6	--	0.297626	0.098929	7	1.67434	9
7	--	0.218919	0.211284	8	1.88562	10
8	--	0.197898	0.736854	7	2.08352	11
7	--	0.417823	0.112478	8	2.196	12
8	--	0.598222	0.54435	9	2.74035	13
9	--	0.683258	0.845156	8	3.42361	14
8	--	0.168939	0.176798	7	3.59255	15
7	--	0.213235	0.290559	6	3.80579	16
6	--	0.423485	0.096858	7	3.90265	17
7	--	0.409259	0.213009	8	4.11566	18
8	--	0.183779	0.818995	7	4.29944	19
7	--	0.160855	0.197381	6	4.4603	20
6	--	0.156847	0.303222	5	4.61715	21
5	--	0.519994	0.305515	6	4.92266	22
6	--	0.203178	0.163403	7	5.08606	23
7	--	0.557969	0.427726	8	5.51379	24
8	--	0.472188	0.358745	9	5.87253	25
9	--	0.977884	0.51139	10	6.38392	26

test #16
6	--	0.19525	0.533985	5	0.19525	1
5	--	0.288319	0.249116	6	0.44437	2
6	--	0.450388	0.373253	7	0.81762	3
7	--	0.148192	0.1668	6	0.96581	4
6	--	0.110774	0.1913	5	1.07658	5
5	--	0.176702	0.435316	4	1.25328	6
4	--	0.493284	0.460739	5	1.71402	7
5	--	0.414166	0.620971	4	2.12819	8
4	--	0.333444	0.170686	5	2.29888	9
5	--	0.183918	0.211641	4	2.4828	10
4	--	0.375248	0.232139	5	2.71494	11
5	--	0.189138	0.199115	4	2.90408	12
4	--	0.152883	0.133965	5	3.03804	13
5	--	0.465752	0.513123	4	3.50379	14
4	--	0.10187	0.191957	3	3.60566	15
3	--	0.426658	0.668327	2	4.03232	16
2	--	0.951869	0.601084	3	4.6334	17
3	--	0.55867	0.505876	4	5.13928	18
4	--	0.350664	0.102419	5	5.2417	19
5	--	0.13317	0.215364	4	5.37487	20
4	--	0.432599	0.171145	5	5.54601	21
5	--	0.201734	0.432969	4	5.74774	22
4	--	0.641813	0.395697	5	6.14344	23
5	--	0.116237	0.126728	4	6.25968	24
4	--	0.49923	0.31768	5	6.57736	25
5	--	0.172062	0.232216	4	6.74942	26
4	--	0.558303	0.200884	5	6.9503	27
5	--	0.146362	0.145992	6	7.09629	28
6	--	0.338526	0.275372	7	7.37166	29
7	--	0.598398	0.364416	8	7.73608	30
8	--	0.441377	0.94379	7	8.17746	31
7	--	0.272713	0.397367	6	8.45017	32
6	--	0.56943	0.161371	7	8.61154	33
7	--	0.729963	0.259701	8	8.87124	34
8	--	0.351852	0.313914	9	9.18515	35
9	--	1.423388	1.542498	8	10.60854	36
8	--	0.565453	0.501959	9	11.1105	37
9	--	1.588663	0.419966	10	11.53047	38

test #17
6	--	0.369213	0.463583	5	0.36921	1
5	--	0.102601	0.303372	4	0.47181	2
4	--	0.350293	0.524911	3	0.8221	3
3	--	0.486231	0.137295	4	0.9594	4
4	--	0.306891	0.338346	3	1.26629	5
3	--	0.455826	0.137744	4	1.40403	6
4	--	0.11803	0.608574	3	1.52206	7
3	--	0.374896	0.597738	2	1.89696	8
2	--	0.520935	0.627037	1	2.4179	9
1	--	0.587265	0.265497	2	2.6834	10
2	--	0.210266	0.478705	1	2.89367	11
1	--	0.336184	1.576297	0	3.22985	12

test #18
6	--	0.204075	0.203737	7	0.20374	1
7	--	0.211577	0.174891	8	0.37863	2
8	--	0.148013	0.987487	7	0.52664	3
7	--	0.271019	0.119942	8	0.64658	4
8	--	0.202468	0.454707	7	0.84905	5
7	--	0.231659	0.192979	8	1.04203	6
8	--	0.393675	0.18416	9	1.22619	7
9	--	0.669809	1.587983	8	1.896	8
8	--	0.291819	0.838221	7	2.18782	9
7	--	0.418465	0.310575	8	2.4984	10
8	--	0.685714	0.413759	9	2.91216	11
9	--	0.251342	0.568949	8	3.1635	12
8	--	0.551333	0.325379	9	3.48888	13
9	--	0.49287	0.887584	8	3.98175	14
8	--	0.289073	0.764953	7	4.27082	15
7	--	0.447842	0.106907	8	4.37773	16
8	--	0.445622	0.29731	9	4.67504	17
9	--	0.503403	0.596225	8	5.17844	18
8	--	0.256094	0.417689	7	5.43453	19
7	--	0.220477	0.349686	6	5.65501	20
6	--	0.19646	0.245906	5	5.85147	21
5	--	0.565302	0.556527	6	6.408	22
6	--	0.115833	0.109335	7	6.51734	23
7	--	0.170155	0.751997	6	6.6875	24
6	--	0.131912	0.101883	7	6.78938	25
7	--	0.347667	0.669872	6	7.13705	26
6	--	0.148162	0.59046	5	7.28521	27
5	--	0.507684	0.126475	6	7.41169	28
6	--	0.15662	0.182977	5	7.56831	29
5	--	0.160748	0.169427	4	7.72906	30
4	--	0.636167	0.344386	5	8.07345	31
5	--	0.183843	0.31331	4	8.25729	32
4	--	0.472612	0.42964	5	8.68693	33
5	--	0.103714	0.342204	4	8.79064	34
4	--	0.307805	0.160916	5	8.95156	35
5	--	0.442023	0.212037	6	9.1636	36
6	--	0.157332	0.554882	5	9.32093	37
5	--	0.150222	0.099361	6	9.42029	38
6	--	0.15747	0.423502	5	9.57776	39
5	--	0.242332	0.560153	4	9.82009	40
4	--	0.196127	0.346845	3	10.01622	41
3	--	0.66683	0.142422	4	10.15864	42
4	--	0.209526	0.184888	5	10.34353	43
5	--	0.107711	0.123976	4	10.45124	44
4	--	0.354149	0.148439	5	10.59968	45
5	--	0.191461	0.179702	6	10.77938	46
6	--	0.095683	0.487042	5	10.87506	47
5	--	0.264874	0.100147	6	10.97521	48
6	--	0.214702	0.158701	7	11.13391	49
7	--	0.247958	0.200601	8	11.33451	50
8	--	0.475279	0.433497	9	11.76801	51
9	--	0.635015	0.2914	10	12.05941	52

test #19
6	--	0.669844	0.324468	7	0.32447	1
7	--	0.169918	0.297288	6	0.49439	2
6	--	0.238125	0.288287	5	0.73251	3
5	--	0.269049	0.549373	4	1.00156	4
4	--	0.268284	0.177709	5	1.17927	5
5	--	0.412232	0.303098	6	1.48237	6
6	--	0.21497	0.589267	5	1.69734	7
5	--	0.574096	0.544887	6	2.24223	8
6	--	0.317779	0.10433	7	2.34656	9
7	--	0.467691	0.220708	8	2.56727	10
8	--	0.602311	0.567896	9	3.13517	11
9	--	1.626249	0.516524	10	3.65169	12

test #20
6	--	0.570964	0.659888	5	0.57096	1
5	--	0.37211	0.123242	6	0.6942	2
6	--	0.400187	0.114689	7	0.80889	3
7	--	0.415326	0.350834	8	1.15972	4
8	--	0.848199	0.43476	9	1.59448	5
9	--	0.434495	0.58072	8	2.02898	6
8	--	0.68967	0.728324	7	2.71865	7
7	--	0.326091	0.233434	8	2.95208	8
8	--	0.781341	0.557281	9	3.50936	9
9	--	0.252404	0.857218	8	3.76176	10
8	--	0.831703	0.254473	9	4.01623	11
9	--	0.419928	0.425647	8	4.43616	12
8	--	0.432646	0.585368	7	4.86881	13
7	--	0.234248	0.378284	6	5.10306	14
6	--	0.135588	0.135992	5	5.23865	15
5	--	0.102978	0.118242	4	5.34163	16
4	--	0.288759	0.5864	3	5.63039	17
3	--	0.724733	0.17682	4	5.80721	18
4	--	0.451754	0.313349	5	6.12056	19
5	--	0.492065	0.401117	6	6.52168	20
6	--	0.27946	0.343016	5	6.80114	21
5	--	0.255605	0.322584	4	7.05675	22
4	--	0.105891	0.535124	3	7.16264	23
3	--	0.128623	0.368396	2	7.29126	24
2	--	0.445458	0.1454	3	7.43666	25
3	--	0.585715	0.313501	4	7.75016	26
4	--	0.263166	0.561049	3	8.01333	27
3	--	0.329643	0.156505	4	8.16983	28
4	--	0.50921	0.53249	3	8.67904	29
3	--	0.28533	0.427068	2	8.96437	30
2	--	0.345646	0.382636	1	9.31002	31
1	--	0.611875	0.319709	2	9.62973	32
2	--	0.326332	0.368882	1	9.95606	33
1	--	0.435865	1.749251	0	10.39192	34

test #21
6	--	0.194154	0.292528	5	0.19415	1
5	--	0.251908	0.603311	4	0.44606	2
4	--	0.520895	0.200977	5	0.64704	3
5	--	0.348865	0.4909	4	0.9959	4
4	--	0.320135	0.131556	5	1.12746	5
5	--	0.360848	0.626498	4	1.48831	6
4	--	0.192442	0.188369	5	1.67668	7
5	--	0.580972	0.178827	6	1.85551	8
6	--	0.535954	0.328702	7	2.18421	9
7	--	0.21388	0.495129	6	2.39809	10
6	--	0.106884	0.262568	5	2.50497	11
5	--	0.418696	0.285252	6	2.79022	12
6	--	0.22962	0.211358	7	3.00158	13
7	--	0.15708	0.705986	6	3.15866	14
6	--	0.277511	0.188212	7	3.34687	15
7	--	0.747283	0.629172	8	3.97604	16
8	--	0.1647	0.324922	7	4.14074	17
7	--	0.187633	0.241404	6	4.32837	18
6	--	0.121941	0.232931	5	4.45031	19
5	--	0.13194	0.172401	4	4.58225	20
4	--	0.098244	0.302327	3	4.68049	21
3	--	0.398332	0.619547	2	5.07882	22
2	--	0.243779	0.81298	1	5.3226	23
1	--	1.466425	0.273092	2	5.59569	24
2	--	0.725501	0.719924	3	6.31561	25
3	--	0.357566	0.193277	4	6.50889	26
4	--	0.280916	0.587957	3	6.78981	27
3	--	0.132272	0.456697	2	6.92208	28
2	--	0.186675	0.684104	1	7.10876	29
1	--	0.260823	0.441088	0	7.36958	30

test #22
6	--	0.438989	0.138242	7	0.13824	1
7	--	0.693774	0.282266	8	0.42051	2
8	--	0.506297	0.189928	9	0.61044	3
9	--	0.477704	1.557565	8	1.08814	4
8	--	0.199641	0.274157	7	1.28778	5
7	--	0.156111	0.500411	6	1.44389	6
6	--	0.517469	0.192312	7	1.6362	7
7	--	0.526583	0.11576	8	1.75196	8
8	--	0.31002	0.578063	7	2.06198	9
7	--	0.299438	0.720854	6	2.36142	10
6	--	0.440679	0.379002	7	2.74042	11
7	--	0.289831	0.32985	6	3.03025	12
6	--	0.231798	0.66079	5	3.26205	13
5	--	0.506011	0.195648	6	3.4577	14
6	--	0.534739	0.471205	7	3.9289	15
7	--	0.171962	0.213701	6	4.10086	16
6	--	0.279452	0.153836	7	4.2547	17
7	--	0.140597	0.705378	6	4.3953	18
6	--	0.451276	0.12888	7	4.52418	19
7	--	0.698749	0.586422	8	5.1106	20
8	--	0.705222	0.835521	7	5.81582	21
7	--	0.143489	0.604147	6	5.95931	22
6	--	0.247058	0.407145	5	6.20637	23
5	--	0.107818	0.614107	4	6.31419	24
4	--	0.105708	0.355974	3	6.4199	25
3	--	0.730938	0.21956	4	6.63946	26
4	--	0.215958	0.414643	3	6.85542	27
3	--	0.136388	0.663143	2	6.99181	28
2	--	0.317352	0.323777	1	7.30916	29
1	--	0.5407	0.259693	2	7.56885	30
2	--	0.585189	0.162287	3	7.73114	31
3	--	0.481207	0.361704	4	8.09284	32
4	--	0.199345	0.530983	3	8.29218	33
3	--	0.318033	0.377441	2	8.61021	34
2	--	0.316259	0.340896	1	8.92647	35
1	--	0.350569	1.062133	0	9.27704	36

test #23
6	--	0.104592	0.241657	5	0.10459	1
5	--	0.485978	0.118984	6	0.22357	2
6	--	0.348339	0.670136	5	0.57191	3
5	--	0.441562	0.566178	4	1.01347	4
4	--	0.179985	0.35664	3	1.19345	5
3	--	0.270197	0.369244	2	1.46365	6
2	--	0.190968	0.999937	1	1.65462	7
1	--	0.888834	0.910398	0	2.54345	8

test #24
6	--	0.2596	0.122022	7	0.12202	1
7	--	0.166218	0.430444	6	0.28824	2
6	--	0.269508	0.227407	7	0.51565	3
7	--	0.140015	0.718555	6	0.65567	4
6	--	0.325817	0.102203	7	0.75787	5
7	--	0.484985	0.282763	8	1.04063	6
8	--	0.376559	0.210474	9	1.2511	7
9	--	0.470219	0.553689	8	1.72132	8
8	--	0.215501	0.644529	7	1.93682	9
7	--	0.577743	0.635726	6	2.51456	10
6	--	0.241367	0.157248	7	2.67181	11
7	--	0.564533	0.477743	8	3.14955	12
8	--	0.59504	0.365283	9	3.51483	13
9	--	0.470392	1.346687	8	3.98522	14
8	--	0.738697	0.327505	9	4.31272	15
9	--	0.825938	1.78741	8	5.13866	16
8	--	0.159732	0.607629	7	5.29839	17
7	--	0.466161	0.312409	8	5.6108	18
8	--	0.650635	0.503133	9	6.11393	19
9	--	1.551049	0.841238	10	6.95517	20

test #25
6	--	0.096812	0.251012	5	0.09681	1
5	--	0.41209	0.128027	6	0.22484	2
6	--	0.211317	0.218136	5	0.43616	3
5	--	0.452969	0.166963	6	0.60312	4
6	--	0.229092	0.279311	5	0.83221	5
5	--	0.212402	0.228849	4	1.04461	6
4	--	0.202614	0.463247	3	1.24722	7
3	--	0.546327	0.73591	2	1.79355	8
2	--	0.746647	0.720783	3	2.51433	9
3	--	0.3338	0.1256	4	2.63993	10
4	--	0.21487	0.459778	3	2.8548	11
3	--	0.259157	0.228711	4	3.08351	12
4	--	0.347167	0.447074	3	3.43068	13
3	--	0.110648	0.67689	2	3.54133	14
2	--	0.408524	0.936968	1	3.94985	15
1	--	0.268366	1.136369	0	4.21822	16

test #26
6	--	0.630459	0.162045	7	0.16204	1
7	--	0.48428	0.201995	8	0.36404	2
8	--	0.435269	0.741371	7	0.79931	3
7	--	0.665602	0.652185	8	1.45149	4
8	--	0.731743	0.170629	9	1.62212	5
9	--	0.539169	0.285946	10	1.90807	6

test #27
6	--	0.093796	0.44124	5	0.0938	1
5	--	0.186434	0.158265	6	0.25206	2
6	--	0.172661	0.38963	5	0.42472	3
5	--	0.094102	0.093487	6	0.51821	4
6	--	0.225173	0.495773	5	0.74338	5
5	--	0.297318	0.152181	6	0.89556	6
6	--	0.306248	0.646334	5	1.20181	7
5	--	0.126994	0.233566	4	1.3288	8
4	--	0.203543	0.162998	5	1.4918	9
5	--	0.180175	0.321048	4	1.67198	10
4	--	0.62882	0.484823	5	2.1568	11
5	--	0.393566	0.146493	6	2.30329	12
6	--	0.453303	0.34961	7	2.6529	13
7	--	0.343321	0.620235	6	2.99622	14
6	--	0.201667	0.471266	5	3.19789	15
5	--	0.377933	0.134578	6	3.33247	16
6	--	0.215212	0.163542	7	3.49601	17
7	--	0.572281	0.298604	8	3.79461	18
8	--	0.23899	0.174725	9	3.96933	19
9	--	0.380501	0.397892	8	4.34983	20
8	--	0.191737	0.240764	7	4.54157	21
7	--	0.619218	0.644142	6	5.16079	22
6	--	0.232785	0.276832	5	5.39357	23
5	--	0.566764	0.466915	6	5.86049	24
6	--	0.270528	0.1244	7	5.98489	25
7	--	0.570873	0.124302	8	6.10919	26
8	--	0.344983	0.88673	7	6.45417	27
7	--	0.380315	0.630129	6	6.83449	28
6	--	0.310954	0.155417	7	6.98991	29
7	--	0.139437	0.212473	6	7.12935	30
6	--	0.185084	0.641882	5	7.31443	31
5	--	0.474078	0.316888	6	7.63132	32
6	--	0.292029	0.29887	5	7.92335	33
5	--	0.600091	0.605017	4	8.52344	34
4	--	0.357588	0.309788	5	8.83323	35
5	--	0.48411	0.096738	6	8.92997	36
6	--	0.260437	0.160479	7	9.09045	37
7	--	0.602706	0.725268	6	9.69316	38
6	--	0.354989	0.114056	7	9.80722	39
7	--	0.486217	0.450656	8	10.25788	40
8	--	0.36006	0.288636	9	10.54652	41
9	--	1.552833	0.421232	10	10.96775	42

test #28
6	--	0.315914	0.35233	5	0.31591	1
5	--	0.148116	0.46078	4	0.46403	2
4	--	0.424029	0.188385	5	0.65241	3
5	--	0.353837	0.218931	6	0.87134	4
6	--	0.488561	0.247399	7	1.11874	5
7	--	0.431048	0.549503	6	1.54979	6
6	--	0.542965	0.119623	7	1.66941	7
7	--	0.168222	0.619885	6	1.83763	8
6	--	0.261583	0.553821	5	2.09921	9
5	--	0.351348	0.577809	4	2.45056	10
4	--	0.242696	0.489692	3	2.69326	11
3	--	0.651355	0.493113	4	3.18637	12
4	--	0.298453	0.166549	5	3.35292	13
5	--	0.180752	0.516534	4	3.53367	14
4	--	0.246034	0.330153	3	3.7797	15
3	--	0.670936	0.394287	4	4.17399	16
4	--	0.324258	0.476599	3	4.49825	17
3	--	0.292562	0.525167	2	4.79081	18
2	--	0.915292	0.153345	3	4.94415	19
3	--	0.328333	0.237702	4	5.18185	20
4	--	0.321515	0.094475	5	5.27633	21
5	--	0.589688	0.409396	6	5.68573	22
6	--	0.571202	0.377551	7	6.06328	23
7	--	0.423075	0.109356	8	6.17264	24
8	--	0.944133	0.356727	9	6.52937	25
9	--	1.587715	0.357654	10	6.88702	26

test #29
6	--	0.477538	0.108886	7	0.10889	1
7	--	0.647216	0.213035	8	0.32193	2
8	--	0.30706	0.277379	9	0.59931	3
9	--	0.346812	0.538841	8	0.94612	4
8	--	0.222078	0.328949	7	1.1682	5
7	--	0.41234	0.688829	6	1.58054	6
6	--	0.566906	0.260468	7	1.84101	7
7	--	0.196507	0.148372	8	1.98938	8
8	--	0.914613	0.162983	9	2.15236	9
9	--	1.212305	0.396374	10	2.54873	10

test #30
6	--	0.093159	0.424125	5	0.09316	1
5	--	0.411001	0.194638	6	0.2878	2
6	--	0.09721	0.3357	5	0.38501	3
5	--	0.472933	0.483647	4	0.85794	4
4	--	0.63273	0.252735	5	1.11068	5
5	--	0.371075	0.475223	4	1.48176	6
4	--	0.357264	0.453581	3	1.83902	7
3	--	0.188721	0.478091	2	2.02774	8
2	--	0.170495	0.429402	1	2.19824	9
1	--	0.388989	1.354683	0	2.58723	10

test #31
6	--	0.647833	0.296347	7	0.29635	1
7	--	0.592673	0.143573	8	0.43992	2
8	--	0.206768	0.154658	9	0.59458	3
9	--	0.721452	0.365427	10	0.96001	4

test #32
6	--	0.136983	0.639353	5	0.13698	1
5	--	0.143769	0.337688	4	0.28075	2
4	--	0.482306	0.121112	5	0.40186	3
5	--	0.558373	0.557316	6	0.95918	4
6	--	0.128222	0.324207	5	1.0874	5
5	--	0.529085	0.490805	6	1.5782	6
6	--	0.124811	0.341008	5	1.70301	7
5	--	0.267672	0.121484	6	1.82449	8
6	--	0.14411	0.439951	5	1.9686	9
5	--	0.35826	0.131993	6	2.10059	10
6	--	0.105653	0.36187	5	2.20624	11
5	--	0.315067	0.125065	6	2.33131	12
6	--	0.291929	0.290625	7	2.62194	13
7	--	0.402821	0.387972	8	3.00991	14
8	--	0.76575	0.458927	9	3.46884	15
9	--	1.068895	0.694883	10	4.16372	16

test #33
6	--	0.27669	0.21052	7	0.21052	1
7	--	0.46183	0.596599	6	0.67235	2
6	--	0.619155	0.193001	7	0.86535	3
7	--	0.537805	0.377713	8	1.24306	4
8	--	0.379754	0.265416	9	1.50848	5
9	--	0.712115	0.842615	8	2.2206	6
8	--	0.680946	0.606126	9	2.82673	7
9	--	0.254216	0.83352	8	3.08095	8
8	--	0.874532	0.201951	9	3.2829	9
9	--	0.576199	0.774664	8	3.8591	10
8	--	0.547425	0.541056	9	4.40016	11
9	--	0.936111	0.396582	10	4.79674	12

test #34
6	--	0.159239	0.480816	5	0.15924	1
5	--	0.35286	0.250671	6	0.40991	2
6	--	0.332365	0.098461	7	0.50837	3
7	--	0.151261	0.377763	6	0.65963	4
6	--	0.235612	0.525398	5	0.89524	5
5	--	0.444519	0.340045	6	1.23528	6
6	--	0.562479	0.345155	7	1.58044	7
7	--	0.317188	0.607629	6	1.89763	8
6	--	0.650416	0.16268	7	2.06031	9
7	--	0.735702	0.122319	8	2.18263	10
8	--	0.819016	0.146018	9	2.32865	11
9	--	1.554858	0.869855	10	3.19851	12

test #35
6	--	0.609992	0.485138	7	0.48514	1
7	--	0.244416	0.319146	6	0.72956	2
6	--	0.193185	0.437842	5	0.92274	3
5	--	0.092145	0.099163	4	1.01488	4
4	--	0.1171	0.277705	3	1.13198	5
3	--	0.560496	0.367326	4	1.49931	6
4	--	0.097214	0.440012	3	1.59652	7
3	--	0.241422	0.345138	2	1.83794	8
2	--	0.191547	0.364039	1	2.02949	9
1	--	0.522762	0.374541	2	2.40403	10
2	--	0.235719	0.840207	1	2.63975	11
1	--	0.433038	0.775518	0	3.07279	12

test #36
6	--	0.23852	0.191219	7	0.19122	1
7	--	0.418396	0.539505	6	0.60962	2
6	--	0.487512	0.553774	5	1.09713	3
5	--	0.235995	0.423349	4	1.33313	4
4	--	0.535533	0.420465	5	1.75359	5
5	--	0.292454	0.126221	6	1.87981	6
6	--	0.281463	0.147606	7	2.02742	7
7	--	0.249917	0.119847	8	2.14727	8
8	--	0.233313	0.245166	7	2.38058	9
7	--	0.364104	0.236726	8	2.61731	10
8	--	0.194941	0.31863	7	2.81225	11
7	--	0.386347	0.235052	8	3.0473	12
8	--	0.861083	0.249875	9	3.29718	13
9	--	0.632075	1.191616	8	3.92926	14
8	--	0.612935	0.936447	7	4.5422	15
7	--	0.421568	0.727271	6	4.96377	16
6	--	0.497537	0.440551	7	5.40432	17
7	--	0.212559	0.49907	6	5.61688	18
6	--	0.246521	0.136239	7	5.75312	19
7	--	0.220478	0.447736	6	5.9736	20
6	--	0.19995	0.621731	5	6.17355	21
5	--	0.192372	0.479639	4	6.36592	22
4	--	0.135926	0.112141	5	6.47806	23
5	--	0.262865	0.174244	6	6.6523	24
6	--	0.356647	0.213338	7	6.86564	25
7	--	0.178636	0.217622	6	7.04428	26
6	--	0.399971	0.431215	5	7.44425	27
5	--	0.116264	0.089687	6	7.53394	28
6	--	0.099385	0.650189	5	7.63332	29
5	--	0.162236	0.25309	4	7.79556	30
4	--	0.636196	0.165167	5	7.96073	31
5	--	0.129574	0.160384	4	8.0903	32
4	--	0.469901	0.625621	3	8.5602	33
3	--	0.239847	0.187222	4	8.74742	34
4	--	0.125936	0.158752	3	8.87336	35
3	--	0.436271	0.674327	2	9.30963	36
2	--	0.441277	0.666913	1	9.75091	37
1	--	0.729763	0.336574	2	10.08748	38
2	--	0.202903	0.220841	1	10.29038	39
1	--	0.468246	0.528289	0	10.75863	40

test #37
6	--	0.093528	0.590331	5	0.09353	1
5	--	0.453494	0.328618	6	0.42215	2
6	--	0.218922	0.558021	5	0.64107	3
5	--	0.408363	0.25953	6	0.9006	4
6	--	0.612972	0.291631	7	1.19223	5
7	--	0.152355	0.526989	6	1.34458	6
6	--	0.232894	0.44384	5	1.57747	7
5	--	0.166253	0.129511	6	1.70698	8
6	--	0.195327	0.099754	7	1.80673	9
7	--	0.52005	0.479922	8	2.28665	10
8	--	0.909469	0.800454	9	3.0871	11
9	--	0.342326	1.214114	8	3.42943	12
8	--	0.744119	0.286516	9	3.71595	13
9	--	0.374857	1.504971	8	4.09081	14
8	--	0.501458	0.257953	9	4.34876	15
9	--	0.253715	0.74561	8	4.60248	16
8	--	0.169281	0.633166	7	4.77176	17
7	--	0.204873	0.144762	8	4.91652	18
8	--	0.190767	0.464786	7	5.10729	19
7	--	0.69897	0.455915	8	5.56321	20
8	--	0.227956	0.494856	7	5.79117	21
7	--	0.362258	0.193167	8	5.98434	22
8	--	0.703449	0.826407	7	6.68779	23
7	--	0.455491	0.111532	8	6.79932	24
8	--	0.426966	0.567218	7	7.22629	25
7	--	0.389454	0.323013	8	7.5493	26
8	--	0.79262	0.419795	9	7.9691	27
9	--	0.777929	0.453736	10	8.42284	28

test #38
6	--	0.308234	0.105382	7	0.10538	1
7	--	0.685774	0.120866	8	0.22625	2
8	--	0.163565	0.663761	7	0.38981	3
7	--	0.341389	0.123752	8	0.51356	4
8	--	0.5331	0.912272	7	1.04666	5
7	--	0.125541	0.287955	6	1.1722	6
6	--	0.470708	0.296344	7	1.46854	7
7	--	0.752232	0.574486	8	2.04303	8
8	--	0.368235	0.892756	7	2.41127	9
7	--	0.233485	0.137643	8	2.54891	10
8	--	0.335388	0.626001	7	2.8843	11
7	--	0.558392	0.418	8	3.3023	12
8	--	0.414194	0.178274	9	3.48057	13
9	--	0.937915	1.008146	8	4.41849	14
8	--	0.424398	0.389712	9	4.8082	15
9	--	0.387228	0.568015	8	5.19543	16
8	--	0.456726	0.429938	9	5.62537	17
9	--	0.262178	0.307123	8	5.88755	18
8	--	0.409616	0.175543	9	6.06309	19
9	--	1.352197	1.05935	10	7.12244	20

test #39
6	--	0.133371	0.291934	5	0.13337	1
5	--	0.543175	0.22126	6	0.35463	2
6	--	0.184648	0.222418	5	0.53928	3
5	--	0.098541	0.588373	4	0.63782	4
4	--	0.500704	0.190103	5	0.82792	5
5	--	0.147735	0.157414	4	0.97566	6
4	--	0.150807	0.622789	3	1.12647	7
3	--	0.549872	0.441326	4	1.5678	8
4	--	0.312847	0.666418	3	1.88065	9
3	--	0.461499	0.590095	2	2.34215	10
2	--	0.231573	0.288251	1	2.57372	11
1	--	1.362184	0.533533	2	3.10725	12
2	--	0.882677	0.407349	3	3.5146	13
3	--	0.413991	0.257327	4	3.77193	14
4	--	0.320708	0.476125	3	4.09264	15
3	--	0.345333	0.295376	4	4.38802	16
4	--	0.502407	0.223659	5	4.61168	17
5	--	0.486481	0.414026	6	5.02571	18
6	--	0.624515	0.332145	7	5.35785	19
7	--	0.363723	0.26343	8	5.62128	20
8	--	0.283604	0.291117	7	5.90488	21
7	--	0.134243	0.147403	6	6.03912	22
6	--	0.538861	0.163617	7	6.20274	23
7	--	0.425716	0.43714	6	6.62846	24
6	--	0.239078	0.355954	5	6.86754	25
5	--	0.237879	0.298363	4	7.10542	26
4	--	0.325277	0.214326	5	7.31975	27
5	--	0.186574	0.1521	6	7.47185	28
6	--	0.334451	0.455638	5	7.8063	29
5	--	0.459468	0.117693	6	7.92399	30
6	--	0.670523	0.361341	7	8.28533	31
7	--	0.474043	0.165664	8	8.45099	32
8	--	0.422945	0.840102	7	8.87393	33
7	--	0.288168	0.478903	6	9.1621	34
6	--	0.177764	0.134343	7	9.29644	35
7	--	0.642621	0.254601	8	9.55104	36
8	--	0.305749	0.762057	7	9.85679	37
7	--	0.357732	0.541958	6	10.21452	38
6	--	0.304092	0.393235	5	10.51861	39
5	--	0.344352	0.099635	6	10.61825	40
6	--	0.5465	0.199885	7	10.81813	41
7	--	0.311286	0.532348	6	11.12942	42
6	--	0.342335	0.41767	5	11.47176	43
5	--	0.18661	0.130068	6	11.60183	44
6	--	0.203256	0.177993	7	11.77982	45
7	--	0.262599	0.459166	6	12.04242	46
6	--	0.503541	0.213889	7	12.25631	47
7	--	0.514118	0.122877	8	12.37919	48
8	--	0.588021	0.225587	9	12.60478	49
9	--	0.573612	0.697569	8	13.17839	50
8	--	0.624542	0.603634	9	13.78202	51
9	--	0.373956	1.459502	8	14.15598	52
8	--	0.175441	0.547543	7	14.33142	53
7	--	0.486473	0.264461	8	14.59588	54
8	--	0.500737	0.701723	7	15.09662	55
7	--	0.278606	0.258244	8	15.35486	56
8	--	0.293757	0.871463	7	15.64862	57
7	--	0.199991	0.596635	6	15.84861	58
6	--	0.604167	0.562767	7	16.41138	59
7	--	0.653331	0.194414	8	16.60579	60
8	--	0.339836	0.220412	9	16.8262	61
9	--	1.18055	0.473849	10	17.30005	62

test #40
6	--	0.50914	0.207653	7	0.20765	1
7	--	0.247507	0.28995	6	0.45516	2
6	--	0.548951	0.480961	7	0.93612	3
7	--	0.622555	0.682943	6	1.55868	4
6	--	0.466494	0.099127	7	1.65781	5
7	--	0.382491	0.175316	8	1.83313	6
8	--	0.37497	0.97444	7	2.2081	7
7	--	0.29932	0.405351	6	2.50742	8
6	--	0.333419	0.194589	7	2.70201	9
7	--	0.615928	0.631897	6	3.31794	10
6	--	0.285424	0.167371	7	3.48531	11
7	--	0.342847	0.347439	6	3.82816	12
6	--	0.14814	0.573535	5	3.9763	13
5	--	0.316996	0.189503	6	4.1658	14
6	--	0.308337	0.329746	5	4.47414	15
5	--	0.393886	0.366164	6	4.8403	16
6	--	0.192295	0.145926	7	4.98623	17
7	--	0.53854	0.159561	8	5.14579	18
8	--	0.314023	0.520556	7	5.45981	19
7	--	0.135108	0.634169	6	5.59492	20
6	--	0.460269	0.104516	7	5.69944	21
7	--	0.652096	0.341783	8	6.04122	22
8	--	0.911022	0.355296	9	6.39652	23
9	--	0.620001	0.627522	8	7.01652	24
8	--	0.46302	0.445349	9	7.46187	25
9	--	0.284702	1.625201	8	7.74657	26
8	--	0.167879	1.001584	7	7.91445	27
7	--	0.286809	0.347045	6	8.20126	28
6	--	0.203245	0.459628	5	8.4045	29
5	--	0.14208	0.418793	4	8.54658	30
4	--	0.633468	0.241577	5	8.78816	31
5	--	0.098282	0.50562	4	8.88644	32
4	--	0.159598	0.536503	3	9.04604	33
3	--	0.677831	0.20986	4	9.2559	34
4	--	0.668292	0.376175	5	9.63208	35
5	--	0.597453	0.277068	6	9.90915	36
6	--	0.574138	0.180321	7	10.08947	37
7	--	0.756644	0.324494	8	10.41396	38
8	--	0.651939	0.635272	9	11.04923	39
9	--	0.713271	0.892751	8	11.7625	40
8	--	0.520113	0.711642	7	12.28261	41
7	--	0.743796	0.384872	8	12.66748	42
8	--	0.258968	0.29302	7	12.92645	43
7	--	0.64463	0.258447	8	13.1849	44
8	--	0.746479	0.469214	9	13.65411	45
9	--	0.956553	1.196732	8	14.61066	46
8	--	0.739966	0.802549	7	15.35063	47
7	--	0.219882	0.525357	6	15.57051	48
6	--	0.354629	0.592704	5	15.92514	49
5	--	0.108735	0.305928	4	16.03388	50
4	--	0.609803	0.379107	5	16.41299	51
5	--	0.596811	0.233555	6	16.64655	52
6	--	0.093422	0.315433	5	16.73997	53
5	--	0.182758	0.092764	6	16.83273	54
6	--	0.26143	0.649361	5	17.09416	55
5	--	0.0956	0.214881	4	17.18976	56
4	--	0.357381	0.331691	5	17.52145	57
5	--	0.178349	0.110977	6	17.63243	58
6	--	0.189862	0.487061	5	17.82229	59
5	--	0.154668	0.361699	4	17.97696	60
4	--	0.154483	0.304426	3	18.13144	61
3	--	0.33771	0.17763	4	18.30907	62
4	--	0.561211	0.558291	5	18.86736	63
5	--	0.226036	0.624889	4	19.0934	64
4	--	0.320697	0.272407	5	19.36581	65
5	--	0.309812	0.2109	6	19.57671	66
6	--	0.482469	0.146473	7	19.72318	67
7	--	0.124641	0.216693	6	19.84782	68
6	--	0.192422	0.282168	5	20.04024	69
5	--	0.547796	0.359674	6	20.39991	70
6	--	0.291971	0.238509	7	20.63842	71
7	--	0.299663	0.458262	6	20.93808	72
6	--	0.411791	0.114508	7	21.05259	73
7	--	0.537153	0.65067	6	21.58974	74
6	--	0.106106	0.238551	5	21.69585	75
5	--	0.558661	0.347332	6	22.04318	76
6	--	0.287861	0.13261	7	22.17579	77
7	--	0.649962	0.331825	8	22.50761	78
8	--	0.630671	0.378413	9	22.88602	79
9	--	1.68553	0.824295	10	23.71032	80

test #41
6	--	0.582144	0.461077	7	0.46108	1
7	--	0.432565	0.230786	8	0.69187	2
8	--	0.754777	0.372134	9	1.064	3
9	--	0.414401	0.26868	10	1.33268	4

test #42
6	--	0.402559	0.241654	7	0.24165	1
7	--	0.204804	0.206045	6	0.44645	2
6	--	0.295687	0.34092	5	0.74214	3
5	--	0.090759	0.248016	4	0.8329	4
4	--	0.274327	0.104413	5	0.93731	5
5	--	0.289874	0.509036	4	1.22718	6
4	--	0.478262	0.383775	5	1.61096	7
5	--	0.188644	0.309186	4	1.7996	8
4	--	0.483539	0.132359	5	1.93196	9
5	--	0.445478	0.404915	6	2.33688	10
6	--	0.185087	0.490138	5	2.52197	11
5	--	0.116265	0.265629	4	2.63823	12
4	--	0.170693	0.199218	3	2.80892	13
3	--	0.355132	0.133406	4	2.94233	14
4	--	0.54671	0.57464	3	3.48904	15
3	--	0.537617	0.321322	4	3.81036	16
4	--	0.540225	0.455442	5	4.2658	17
5	--	0.50218	0.474404	6	4.7402	18
6	--	0.209663	0.518931	5	4.94986	19
5	--	0.552085	0.304953	6	5.25481	20
6	--	0.107091	0.581834	5	5.3619	21
5	--	0.180923	0.313101	4	5.54282	22
4	--	0.09859	0.332376	3	5.64141	23
3	--	0.251523	0.451542	2	5.89293	24
2	--	0.882722	0.359791	3	6.25272	25
3	--	0.244979	0.23007	4	6.48279	26
4	--	0.109851	0.397435	3	6.59264	27
3	--	0.360112	0.278296	4	6.87094	28
4	--	0.376876	0.281302	5	7.15224	29
5	--	0.13537	0.485923	4	7.28761	30
4	--	0.521155	0.592285	3	7.80877	31
3	--	0.469341	0.306431	4	8.1152	32
4	--	0.517985	0.263639	5	8.37884	33
5	--	0.16414	0.121214	6	8.50005	34
6	--	0.237354	0.498512	5	8.7374	35
5	--	0.150423	0.195264	4	8.88782	36
4	--	0.093958	0.414348	3	8.98178	37
3	--	0.528094	0.688758	2	9.50987	38
2	--	0.196199	0.693783	1	9.70607	39
1	--	1.283409	0.836759	2	10.54283	40
2	--	0.829743	0.429147	3	10.97198	41
3	--	0.628207	0.446122	4	11.4181	42
4	--	0.312519	0.356434	3	11.73062	43
3	--	0.486523	0.5492	2	12.21714	44
2	--	0.400168	0.984929	1	12.61731	45
1	--	1.016261	1.287752	0	13.63357	46

test #43
6	--	0.374355	0.578471	5	0.37436	1
5	--	0.297362	0.090191	6	0.46455	2
6	--	0.646105	0.472907	7	0.93746	3
7	--	0.196911	0.208363	6	1.13437	4
6	--	0.126107	0.185742	5	1.26048	5
5	--	0.237617	0.356787	4	1.4981	6
4	--	0.263866	0.20774	5	1.70584	7
5	--	0.451319	0.19197	6	1.89781	8
6	--	0.105672	0.379406	5	2.00348	9
5	--	0.281961	0.563717	4	2.28544	10
4	--	0.476961	0.360806	5	2.64625	11
5	--	0.396354	0.092863	6	2.73911	12
6	--	0.328911	0.253563	7	2.99267	13
7	--	0.12477	0.160123	6	3.11744	14
6	--	0.384876	0.482097	5	3.50232	15
5	--	0.238009	0.258393	4	3.74033	16
4	--	0.528191	0.258232	5	3.99856	17
5	--	0.384116	0.458095	4	4.38268	18
4	--	0.160721	0.179606	3	4.5434	19
3	--	0.277694	0.423503	2	4.82109	20
2	--	0.798573	0.623023	3	5.44411	21
3	--	0.189222	0.402248	2	5.63333	22
2	--	0.324521	0.41575	1	5.95785	23
1	--	0.880716	0.691573	2	6.64942	24
2	--	0.435043	0.432281	3	7.0817	25
3	--	0.143801	0.253742	2	7.2255	26
2	--	0.334354	0.406366	1	7.55985	27
1	--	0.561537	0.473956	2	8.03381	28
2	--	0.804719	0.785108	3	8.81892	29
3	--	0.313404	0.528069	2	9.13232	30
2	--	0.76599	0.214037	3	9.34636	31
3	--	0.40677	0.12973	4	9.47609	32
4	--	0.629758	0.325479	5	9.80157	33
5	--	0.574754	0.270663	6	10.07223	34
6	--	0.119629	0.1877	5	10.19186	35
5	--	0.12268	0.402157	4	10.31454	36
4	--	0.601449	0.187524	5	10.50206	37
5	--	0.226009	0.11466	6	10.61672	38
6	--	0.264839	0.488376	5	10.88156	39
5	--	0.441415	0.202756	6	11.08432	40
6	--	0.236292	0.103321	7	11.18764	41
7	--	0.220508	0.485747	6	11.40815	42
6	--	0.643118	0.125097	7	11.53325	43
7	--	0.590143	0.231076	8	11.76433	44
8	--	0.214748	0.401601	7	11.97908	45
7	--	0.168687	0.17943	6	12.14777	46
6	--	0.21158	0.459859	5	12.35935	47
5	--	0.131869	0.254235	4	12.49122	48
4	--	0.144399	0.22694	3	12.63562	49
3	--	0.203396	0.287692	2	12.83902	50
2	--	0.470605	0.220829	3	13.05985	51
3	--	0.209643	0.206234	4	13.26608	52
4	--	0.543085	0.462999	5	13.72908	53
5	--	0.121443	0.445972	4	13.85052	54
4	--	0.55058	0.191708	5	14.04223	55
5	--	0.273574	0.257429	6	14.29966	56
6	--	0.215075	0.254216	5	14.51474	57
5	--	0.480764	0.220528	6	14.73527	58
6	--	0.120367	0.508055	5	14.85564	59
5	--	0.373268	0.17082	6	15.02646	60
6	--	0.356464	0.454913	5	15.38292	61
5	--	0.236693	0.404345	4	15.61961	62
4	--	0.12182	0.137413	3	15.74143	63
3	--	0.393111	0.14523	4	15.88666	64
4	--	0.190421	0.209824	3	16.07708	65
3	--	0.2302	0.429594	2	16.30728	66
2	--	0.196072	0.768695	1	16.50335	67
1	--	0.442911	0.367018	2	16.87037	68
2	--	0.152782	0.796094	1	17.02315	69
1	--	0.639647	1.292475	0	17.6628	70

test #44
6	--	0.347596	0.103958	7	0.10396	1
7	--	0.119028	0.212938	6	0.22299	2
6	--	0.613501	0.100526	7	0.32352	3
7	--	0.520525	0.403798	8	0.72732	4
8	--	0.869549	0.785079	9	1.5124	5
9	--	1.149081	0.780769	10	2.29317	6

test #45
6	--	0.193495	0.098816	7	0.09882	1
7	--	0.309764	0.172165	8	0.27098	2
8	--	0.219586	0.622789	7	0.49057	3
7	--	0.173291	0.618132	6	0.66386	4
6	--	0.500448	0.267977	7	0.93184	5
7	--	0.329507	0.107606	8	1.03945	6
8	--	0.671885	0.524928	9	1.56438	7
9	--	1.412047	1.141315	10	2.7057	8

test #46
6	--	0.442021	0.452484	5	0.44202	1
5	--	0.231893	0.260246	4	0.67391	2
4	--	0.132766	0.321704	3	0.80668	3
3	--	0.553803	0.178403	4	0.98508	4
4	--	0.522989	0.645675	3	1.50807	5
3	--	0.217774	0.502633	2	1.72584	6
2	--	0.447928	0.548767	1	2.17377	7
1	--	0.671263	0.404161	2	2.57793	8
2	--	0.443725	0.944902	1	3.02165	9
1	--	0.369376	0.452397	0	3.39103	10

test #47
6	--	0.347903	0.158456	7	0.15846	1
7	--	0.141864	0.134681	8	0.29314	2
8	--	0.346174	0.284304	9	0.57744	3
9	--	0.434368	0.521806	8	1.01181	4
8	--	0.628891	0.211751	9	1.22356	5
9	--	0.960816	0.750246	10	1.97381	6

test #48
6	--	0.155133	0.648947	5	0.15513	1
5	--	0.267022	0.112632	6	0.26776	2
6	--	0.565721	0.603437	5	0.83348	3
5	--	0.108727	0.31848	4	0.94221	4
4	--	0.151202	0.119195	5	1.06141	5
5	--	0.141068	0.250396	4	1.20248	6
4	--	0.108768	0.516484	3	1.31125	7
3	--	0.248526	0.153854	4	1.4651	8
4	--	0.48874	0.169308	5	1.63441	9
5	--	0.456018	0.323846	6	1.95826	10
6	--	0.11669	0.50939	5	2.07495	11
5	--	0.183153	0.159215	6	2.23417	12
6	--	0.567584	0.109004	7	2.34317	13
7	--	0.470659	0.246784	8	2.58995	14
8	--	0.366623	0.497318	7	2.95657	15
7	--	0.319463	0.237213	8	3.19378	16
8	--	0.98272	0.588401	9	3.78218	17
9	--	1.185412	1.783239	8	4.96759	18
8	--	0.272783	0.561832	7	5.24037	19
7	--	0.477989	0.556499	6	5.71836	20
6	--	0.217533	0.185316	7	5.90368	21
7	--	0.198038	0.528254	6	6.10172	22
6	--	0.21851	0.415807	5	6.32023	23
5	--	0.374722	0.597804	4	6.69495	24
4	--	0.152706	0.184085	3	6.84766	25
3	--	0.432819	0.181082	4	7.02874	26
4	--	0.445866	0.333101	5	7.36184	27
5	--	0.246388	0.149257	6	7.5111	28
6	--	0.284709	0.471453	5	7.79581	29
5	--	0.13441	0.110241	6	7.90605	30
6	--	0.170829	0.205318	5	8.07688	31
5	--	0.246422	0.205485	6	8.28236	32
6	--	0.094926	0.169292	5	8.37729	33
5	--	0.58803	0.395643	6	8.77293	34
6	--	0.403295	0.202241	7	8.97517	35
7	--	0.597696	0.239242	8	9.21441	36
8	--	0.805507	0.250327	9	9.46474	37
9	--	0.423022	0.713802	8	9.88776	38
8	--	0.23139	0.227557	9	10.11532	39
9	--	0.560315	1.483542	8	10.67564	40
8	--	0.517514	0.791165	7	11.19315	41
7	--	0.374023	0.182697	8	11.37585	42
8	--	0.72828	0.964987	7	12.10413	43
7	--	0.587258	0.549596	8	12.65373	44
8	--	0.297661	0.370093	7	12.95139	45
7	--	0.371525	0.124827	8	13.07622	46
8	--	0.513986	0.205187	9	13.28141	47
9	--	1.073645	1.226971	8	14.35505	48
8	--	0.932988	0.424234	9	14.77928	49
9	--	0.323778	0.704413	8	15.10306	50
8	--	0.143967	0.142645	9	15.2457	51
9	--	1.065111	0.420946	10	15.66665	52

test #49
6	--	0.298901	0.602297	5	0.2989	1
5	--	0.348739	0.179526	6	0.47843	2
6	--	0.172984	0.241733	5	0.65141	3
5	--	0.09005	0.490305	4	0.74146	4
4	--	0.310683	0.120371	5	0.86183	5
5	--	0.256185	0.273672	4	1.11801	6
4	--	0.544172	0.184357	5	1.30237	7
5	--	0.429548	0.333123	6	1.63549	8
6	--	0.200988	0.21251	5	1.83648	9
5	--	0.094937	0.273399	4	1.93142	10
4	--	0.54102	0.218835	5	2.15026	11
5	--	0.40173	0.278363	6	2.42862	12
6	--	0.250507	0.367926	5	2.67913	13
5	--	0.640355	0.230975	6	2.91011	14
6	--	0.23546	0.280833	5	3.14557	15
5	--	0.400176	0.093178	6	3.23875	16
6	--	0.397191	0.342967	7	3.58172	17
7	--	0.601558	0.707634	6	4.18328	18
6	--	0.165398	0.279853	5	4.34868	19
5	--	0.434271	0.200998	6	4.54968	20
6	--	0.314067	0.154448	7	4.70413	21
7	--	0.262318	0.124379	8	4.82851	22
8	--	0.725757	0.743003	7	5.55427	23
7	--	0.694956	0.14402	8	5.69829	24
8	--	0.643988	0.316879	9	6.01517	25
9	--	0.604992	0.60145	10	6.61662	26

test #50
6	--	0.177471	0.289057	5	0.17747	1
5	--	0.12342	0.196658	4	0.30089	2
4	--	0.335165	0.285512	5	0.5864	3
5	--	0.29876	0.11275	6	0.69915	4
6	--	0.135728	0.379939	5	0.83488	5
5	--	0.091689	0.538888	4	0.92657	6
4	--	0.470039	0.604212	3	1.39661	7
3	--	0.206958	0.739076	2	1.60357	8
2	--	0.897818	0.571911	3	2.17548	9
3	--	0.632359	0.546057	4	2.72154	10
4	--	0.105521	0.495095	3	2.82706	11
3	--	0.715327	0.256623	4	3.08368	12
4	--	0.306871	0.387988	3	3.39055	13
3	--	0.171754	0.548709	2	3.5623	14
2	--	0.624554	0.718058	1	4.18685	15
1	--	0.541487	0.764717	0	4.72834	16

test #51
6	--	0.211331	0.474708	5	0.21133	1
5	--	0.214003	0.290574	4	0.42533	2
4	--	0.410442	0.408398	5	0.83373	3
5	--	0.465114	0.145605	6	0.97934	4
6	--	0.45309	0.248638	7	1.22798	5
7	--	0.162456	0.267079	6	1.39044	6
6	--	0.146201	0.42099	5	1.53664	7
5	--	0.345865	0.624188	4	1.8825	8
4	--	0.523597	0.107588	5	1.99009	9
5	--	0.1878	0.542182	4	2.17789	10
4	--	0.52215	0.135998	5	2.31389	11
5	--	0.198336	0.385681	4	2.51223	12
4	--	0.348228	0.457906	3	2.86046	13
3	--	0.289398	0.325571	2	3.14986	14
2	--	0.553443	0.470127	3	3.61999	15
3	--	0.713244	0.305748	4	3.92574	16
4	--	0.463148	0.211132	5	4.13687	17
5	--	0.4237	0.195378	6	4.33225	18
6	--	0.243321	0.10707	7	4.43932	19
7	--	0.437845	0.286152	8	4.72547	20
8	--	0.970069	0.144314	9	4.86978	21
9	--	1.769938	0.294136	10	5.16392	22

test #52
6	--	0.438124	0.12132	7	0.12132	1
7	--	0.107005	0.23274	6	0.22832	2
6	--	0.200324	0.345341	5	0.42864	3
5	--	0.107936	0.107639	6	0.53628	4
6	--	0.161614	0.60501	5	0.69789	5
5	--	0.12649	0.108501	6	0.80639	6
6	--	0.148247	0.133506	7	0.9399	7
7	--	0.1491	0.665932	6	1.089	8
6	--	0.307841	0.292666	7	1.38167	9
7	--	0.207367	0.211366	6	1.58904	10
6	--	0.093014	0.134457	5	1.68205	11
5	--	0.211749	0.1995	6	1.88155	12
6	--	0.631137	0.468932	7	2.35048	13
7	--	0.566687	0.169735	8	2.52022	14
8	--	0.637841	0.6253	9	3.14552	15
9	--	0.711174	0.372094	10	3.51761	16

test #53
6	--	0.225063	0.409019	5	0.22506	1
5	--	0.244167	0.335705	4	0.46923	2
4	--	0.287049	0.218569	5	0.6878	3
5	--	0.475016	0.551221	4	1.16282	4
4	--	0.330229	0.172783	5	1.3356	5
5	--	0.148799	0.296588	4	1.4844	6
4	--	0.172655	0.42669	3	1.65706	7
3	--	0.121719	0.595446	2	1.77878	8
2	--	0.19751	0.689698	1	1.97629	9
1	--	0.480882	0.323164	2	2.29945	10
2	--	0.796766	0.151553	3	2.451	11
3	--	0.707058	0.293878	4	2.74488	12
4	--	0.298311	0.164265	5	2.90914	13
5	--	0.246017	0.166795	6	3.07594	14
6	--	0.654252	0.307687	7	3.38363	15
7	--	0.381733	0.233597	8	3.61723	16
8	--	0.674928	0.415502	9	4.03273	17
9	--	0.829366	1.070256	8	4.8621	18
8	--	0.246083	0.751031	7	5.10818	19
7	--	0.525411	0.189454	8	5.29763	20
8	--	0.31967	0.24159	9	5.53922	21
9	--	1.026178	0.768188	10	6.30741	22

test #54
6	--	0.597509	0.535963	7	0.53596	1
7	--	0.161206	0.560782	6	0.69717	2
6	--	0.49953	0.349441	7	1.04661	3
7	--	0.389236	0.416847	6	1.43585	4
6	--	0.471557	0.236657	7	1.67251	5
7	--	0.593099	0.193883	8	1.86639	6
8	--	0.453801	0.150358	9	2.01675	7
9	--	0.448437	1.219582	8	2.46519	8
8	--	0.441349	0.41215	9	2.87734	9
9	--	0.450534	0.775392	8	3.32787	10
8	--	0.213047	0.525281	7	3.54092	11
7	--	0.263648	0.153465	8	3.69438	12
8	--	0.169266	0.694759	7	3.86365	13
7	--	0.114582	0.230661	6	3.97823	14
6	--	0.41536	0.20808	7	4.18631	15
7	--	0.402884	0.396398	8	4.58271	16
8	--	0.49921	0.690059	7	5.08192	17
7	--	0.635374	0.391343	8	5.47326	18
8	--	0.641349	0.787138	7	6.11461	19
7	--	0.429709	0.334611	8	6.44922	20
8	--	0.547453	0.439424	9	6.88864	21
9	--	0.662075	0.617081	10	7.50572	22

test #55
6	--	0.301243	0.317114	5	0.30124	1
5	--	0.343191	0.438094	4	0.64443	2
4	--	0.402322	0.361541	5	1.00597	3
5	--	0.469554	0.429287	6	1.43526	4
6	--	0.227095	0.270391	5	1.66236	5
5	--	0.282525	0.116526	6	1.77889	6
6	--	0.464976	0.378609	7	2.1575	7
7	--	0.290274	0.56829	6	2.44777	8
6	--	0.547955	0.322246	7	2.77002	9
7	--	0.404654	0.411285	6	3.17467	10
6	--	0.546186	0.526179	7	3.70085	11
7	--	0.730877	0.580506	8	4.28136	12
8	--	0.635774	0.334353	9	4.61571	13
9	--	0.450324	0.463951	8	5.06603	14
8	--	0.201569	0.326615	7	5.2676	15
7	--	0.319569	0.372976	6	5.58717	16
6	--	0.407134	0.136812	7	5.72398	17
7	--	0.583472	0.417257	8	6.14124	18
8	--	0.282074	0.834964	7	6.42331	19
7	--	0.702858	0.516287	8	6.9396	20
8	--	0.755678	0.494445	9	7.43404	21
9	--	0.577158	0.434716	10	7.86876	22

test #56
6	--	0.53113	0.093248	7	0.09325	1
7	--	0.16693	0.259416	6	0.26018	2
6	--	0.186902	0.40165	5	0.44708	3
5	--	0.622949	0.097815	6	0.5449	4
6	--	0.109407	0.149926	5	0.65431	5
5	--	0.147868	0.581933	4	0.80218	6
4	--	0.479016	0.526591	3	1.2812	7
3	--	0.405283	0.180623	4	1.46182	8
4	--	0.139809	0.297566	3	1.60163	9
3	--	0.654438	0.31968	4	1.92131	10
4	--	0.130676	0.3677	3	2.05199	11
3	--	0.200683	0.419892	2	2.25267	12
2	--	0.424353	0.602565	1	2.67702	13
1	--	0.882541	0.258124	2	2.93514	14
2	--	0.860766	0.439551	3	3.37469	15
3	--	0.663616	0.358976	4	3.73367	16
4	--	0.171524	0.190038	3	3.90519	17
3	--	0.212807	0.191102	4	4.09629	18
4	--	0.581926	0.093055	5	4.18935	19
5	--	0.285775	0.538161	4	4.47513	20
4	--	0.657092	0.138914	5	4.61404	21
5	--	0.288881	0.308141	4	4.90292	22
4	--	0.627448	0.258264	5	5.16118	23
5	--	0.130572	0.266187	4	5.29175	24
4	--	0.225781	0.129989	5	5.42174	25
5	--	0.267701	0.544356	4	5.68944	26
4	--	0.490146	0.110457	5	5.7999	27
5	--	0.31943	0.188631	6	5.98853	28
6	--	0.136205	0.368911	5	6.12473	29
5	--	0.308275	0.210146	6	6.33488	30
6	--	0.206775	0.319941	5	6.54166	31
5	--	0.152061	0.097873	6	6.63953	32
6	--	0.460375	0.389074	7	7.0286	33
7	--	0.279029	0.486508	6	7.30763	34
6	--	0.399053	0.244541	7	7.55217	35
7	--	0.176874	0.408641	6	7.72904	36
6	--	0.283942	0.211117	7	7.94016	37
7	--	0.255755	0.128774	8	8.06893	38
8	--	0.278033	0.869834	7	8.34696	39
7	--	0.121199	0.211083	6	8.46816	40
6	--	0.661093	0.172321	7	8.64048	41
7	--	0.355073	0.13446	8	8.77494	42
8	--	0.409815	0.66064	7	9.18476	43
7	--	0.341142	0.605605	6	9.5259	44
6	--	0.471574	0.213062	7	9.73896	45
7	--	0.542506	0.625203	6	10.28147	46
6	--	0.188297	0.618924	5	10.46977	47
5	--	0.141742	0.508809	4	10.61151	48
4	--	0.203763	0.591452	3	10.81527	49
3	--	0.383849	0.645333	2	11.19912	50
2	--	0.579173	0.893541	1	11.77829	51
1	--	1.64163	0.622377	2	12.40067	52
2	--	0.319147	0.992944	1	12.71982	53
1	--	1.274989	1.254555	2	13.97438	54
2	--	0.217779	0.313752	1	14.19216	55
1	--	0.461712	0.87258	0	14.65387	56

test #57
6	--	0.506796	0.150261	7	0.15026	1
7	--	0.745757	0.642796	8	0.79306	2
8	--	0.191556	0.30554	7	0.98462	3
7	--	0.196949	0.132644	8	1.11726	4
8	--	0.208903	0.499655	7	1.32616	5
7	--	0.243127	0.644512	6	1.56929	6
6	--	0.207161	0.654183	5	1.77645	7
5	--	0.331335	0.582157	4	2.10779	8
4	--	0.115022	0.111941	5	2.21973	9
5	--	0.384448	0.18124	6	2.40097	10
6	--	0.099631	0.462798	5	2.5006	11
5	--	0.39353	0.303364	6	2.80396	12
6	--	0.163868	0.559399	5	2.96783	13
5	--	0.247494	0.167976	6	3.13581	14
6	--	0.172172	0.250911	5	3.30798	15
5	--	0.51737	0.303049	6	3.61103	16
6	--	0.15495	0.528891	5	3.76598	17
5	--	0.145298	0.537789	4	3.91128	18
4	--	0.378612	0.383483	3	4.28989	19
3	--	0.190248	0.241628	2	4.48014	20
2	--	0.760995	0.980196	1	5.24114	21
1	--	0.866295	1.159005	0	6.10744	22

test #58
6	--	0.314445	0.256473	7	0.25647	1
7	--	0.325771	0.113638	8	0.37011	2
8	--	0.957076	0.724259	9	1.09437	3
9	--	1.244585	1.732442	8	2.33895	4
8	--	0.571359	0.351577	9	2.69053	5
9	--	0.390288	1.461213	8	3.08082	6
8	--	0.279411	0.460207	7	3.36023	7
7	--	0.140559	0.190277	6	3.50079	8
6	--	0.098216	0.478909	5	3.59901	9
5	--	0.258377	0.178751	6	3.77776	10
6	--	0.568212	0.624494	5	4.34597	11
5	--	0.152345	0.530992	4	4.49831	12
4	--	0.581613	0.667055	3	5.07992	13
3	--	0.587831	0.609906	2	5.66775	14
2	--	0.400811	0.37925	3	6.047	15
3	--	0.228322	0.299541	2	6.27532	16
2	--	0.560356	0.663521	1	6.83568	17
1	--	1.740653	1.014631	2	7.85031	18
2	--	0.769922	0.459964	3	8.31027	19
3	--	0.343313	0.24944	4	8.55971	20
4	--	0.442259	0.3076	5	8.86731	21
5	--	0.098052	0.101267	4	8.96536	22
4	--	0.296003	0.64352	3	9.26136	23
3	--	0.133649	0.598915	2	9.39501	24
2	--	0.474297	0.449798	3	9.84481	25
3	--	0.361343	0.465054	2	10.20615	26
2	--	0.488665	0.382116	3	10.58827	27
3	--	0.563246	0.440769	4	11.02904	28
4	--	0.37201	0.322143	5	11.35118	29
5	--	0.140309	0.435613	4	11.49149	30
4	--	0.626131	0.110507	5	11.602	31
5	--	0.465506	0.560238	4	12.06751	32
4	--	0.194014	0.408194	3	12.26152	33
3	--	0.257378	0.420839	2	12.5189	34
2	--	0.295301	0.166808	3	12.68571	35
3	--	0.669316	0.348367	4	13.03408	36
4	--	0.134575	0.302129	3	13.16866	37
3	--	0.219957	0.109109	4	13.27777	38
4	--	0.44492	0.20003	5	13.4778	39
5	--	0.515359	0.224974	6	13.70277	40
6	--	0.215565	0.118054	7	13.82082	41
7	--	0.666396	0.259222	8	14.08004	42
8	--	0.283569	0.211821	9	14.29186	43
9	--	0.993212	0.405684	10	14.69754	44

test #59
6	--	0.262434	0.344788	5	0.26243	1
5	--	0.164532	0.126739	6	0.38917	2
6	--	0.421108	0.20281	7	0.59198	3
7	--	0.350393	0.240821	8	0.8328	4
8	--	0.807669	0.856389	7	1.64047	5
7	--	0.157702	0.203789	6	1.79817	6
6	--	0.648264	0.222325	7	2.02049	7
7	--	0.638201	0.632447	8	2.65294	8
8	--	0.168697	0.156745	9	2.80968	9
9	--	1.373547	0.443271	10	3.25295	10

test #60
6	--	0.564888	0.623756	5	0.56489	1
5	--	0.227191	0.45191	4	0.79208	2
4	--	0.262521	0.199873	5	0.99195	3
5	--	0.204408	0.126336	6	1.11829	4
6	--	0.179441	0.119631	7	1.23792	5
7	--	0.639103	0.457065	8	1.69498	6
8	--	0.937225	0.278036	9	1.97302	7
9	--	1.220954	0.736157	10	2.70918	8

test #61
6	--	0.45945	0.226313	7	0.22631	1
7	--	0.339887	0.47844	6	0.5662	2
6	--	0.112624	0.221035	5	0.67882	3
5	--	0.114993	0.219547	4	0.79381	4
4	--	0.312322	0.647629	3	1.10613	5
3	--	0.245631	0.511047	2	1.35176	6
2	--	0.434132	0.181799	3	1.53356	7
3	--	0.28591	0.506966	2	1.81947	8
2	--	0.235391	0.717422	1	2.05486	9
1	--	1.367631	1.72362	0	3.42249	10

test #62
6	--	0.256632	0.427672	5	0.25663	1
5	--	0.1143	0.343932	4	0.37093	2
4	--	0.48804	0.218023	5	0.58895	3
5	--	0.639068	0.577792	6	1.16674	4
6	--	0.288494	0.568276	5	1.45523	5
5	--	0.469977	0.442997	6	1.89823	6
6	--	0.24458	0.19489	7	2.09312	7
7	--	0.238788	0.476348	6	2.33191	8
6	--	0.142477	0.26539	5	2.47439	9
5	--	0.121686	0.336083	4	2.59608	10
4	--	0.63243	0.15313	5	2.74921	11
5	--	0.5288	0.212434	6	2.96164	12
6	--	0.637145	0.138587	7	3.10023	13
7	--	0.137541	0.643277	6	3.23777	14
6	--	0.244465	0.33885	5	3.48223	15
5	--	0.285272	0.565651	4	3.7675	16
4	--	0.1497	0.357755	3	3.9172	17
3	--	0.481387	0.298121	4	4.21532	18
4	--	0.561251	0.386806	5	4.60213	19
5	--	0.349582	0.488663	4	4.95171	20
4	--	0.473893	0.19066	5	5.14237	21
5	--	0.126639	0.39175	4	5.26901	22
4	--	0.324752	0.592977	3	5.59376	23
3	--	0.138693	0.529393	2	5.73245	24
2	--	0.391598	0.608222	1	6.12405	25
1	--	0.78666	0.313892	2	6.43794	26
2	--	0.526263	0.312572	3	6.75051	27
3	--	0.399406	0.548857	2	7.14992	28
2	--	0.969411	0.229128	3	7.37905	29
3	--	0.557799	0.162051	4	7.5411	30
4	--	0.647043	0.376996	5	7.9181	31
5	--	0.174423	0.567161	4	8.09252	32
4	--	0.423171	0.27351	5	8.36603	33
5	--	0.136132	0.418762	4	8.50216	34
4	--	0.324705	0.119512	5	8.62167	35
5	--	0.320313	0.322649	4	8.94198	36
4	--	0.249601	0.479809	3	9.19158	37
3	--	0.179622	0.437431	2	9.3712	38
2	--	0.409561	0.365321	3	9.73652	39
3	--	0.333827	0.250145	4	9.98666	40
4	--	0.345988	0.250264	5	10.23692	41
5	--	0.36308	0.179026	6	10.41595	42
6	--	0.27257	0.215047	7	10.631	43
7	--	0.229025	0.480367	6	10.86002	44
6	--	0.163755	0.223987	5	11.02378	45
5	--	0.178169	0.302355	4	11.20195	46
4	--	0.14519	0.386024	3	11.34714	47
3	--	0.654192	0.431361	4	11.7785	48
4	--	0.283177	0.291784	3	12.06168	49
3	--	0.70511	0.29641	4	12.35809	50
4	--	0.35591	0.628609	3	12.714	51
3	--	0.299488	0.38727	2	13.01349	52
2	--	0.144448	0.494127	1	13.15794	53
1	--	0.908689	0.438495	2	13.59644	54
2	--	0.24923	0.660363	1	13.84567	55
1	--	0.476342	1.174113	0	14.32201	56

test #63
6	--	0.210153	0.604016	5	0.21015	1
5	--	0.191656	0.315508	4	0.40181	2
4	--	0.623699	0.463453	5	0.86526	3
5	--	0.28096	0.33017	4	1.14622	4
4	--	0.475295	0.150935	5	1.29716	5
5	--	0.435594	0.255423	6	1.55258	6
6	--	0.313901	0.207243	7	1.75982	7
7	--	0.464042	0.406881	8	2.1667	8
8	--	0.172347	0.654047	7	2.33905	9
7	--	0.2084	0.13225	8	2.4713	10
8	--	0.803172	0.157546	9	2.62885	11
9	--	0.31172	0.993119	8	2.94057	12
8	--	0.79264	0.589742	9	3.53031	13
9	--	1.695005	0.442473	10	3.97278	14

test #64
6	--	0.478597	0.492458	5	0.4786	1
5	--	0.093452	0.317448	4	0.57205	2
4	--	0.269524	0.099357	5	0.67141	3
5	--	0.465543	0.459121	6	1.13053	4
6	--	0.414369	0.598665	5	1.5449	5
5	--	0.186359	0.157006	6	1.70191	6
6	--	0.146225	0.171859	5	1.84813	7
5	--	0.270936	0.247373	6	2.0955	8
6	--	0.343304	0.599439	5	2.4388	9
5	--	0.463557	0.428257	6	2.86706	10
6	--	0.105427	0.165087	5	2.97249	11
5	--	0.272496	0.18036	6	3.15285	12
6	--	0.154107	0.37632	5	3.30696	13
5	--	0.10009	0.369968	4	3.40705	14
4	--	0.408738	0.564502	3	3.81579	15
3	--	0.60173	0.144031	4	3.95982	16
4	--	0.439669	0.217884	5	4.1777	17
5	--	0.478968	0.120149	6	4.29785	18
6	--	0.385298	0.275069	7	4.57292	19
7	--	0.444181	0.361059	8	4.93398	20
8	--	0.280906	0.769685	7	5.21489	21
7	--	0.690149	0.276176	8	5.49107	22
8	--	0.221843	0.522787	7	5.71291	23
7	--	0.246202	0.264376	6	5.95911	24
6	--	0.447015	0.613472	5	6.40613	25
5	--	0.133676	0.177906	4	6.53981	26
4	--	0.268694	0.593376	3	6.8085	27
3	--	0.163625	0.22147	2	6.97212	28
2	--	0.519973	0.226271	3	7.19839	29
3	--	0.389193	0.522303	2	7.58758	30
2	--	0.297988	0.776891	1	7.88557	31
1	--	0.35685	0.770117	0	8.24242	32

test #65
6	--	0.204413	0.446195	5	0.20441	1
5	--	0.107758	0.282669	4	0.31217	2
4	--	0.1341	0.137181	3	0.44627	3
3	--	0.403161	0.200385	4	0.64665	4
4	--	0.551359	0.536666	5	1.18332	5
5	--	0.510558	0.165237	6	1.34856	6
6	--	0.351794	0.137984	7	1.48654	7
7	--	0.249668	0.262882	6	1.73621	8
6	--	0.131691	0.116659	7	1.85287	9
7	--	0.191915	0.203443	6	2.04479	10
6	--	0.147995	0.276339	5	2.19278	11
5	--	0.332147	0.14356	6	2.33634	12
6	--	0.45335	0.102431	7	2.43877	13
7	--	0.668239	0.162145	8	2.60092	14
8	--	0.750165	0.141596	9	2.74252	15
9	--	0.874667	0.998043	8	3.61719	16
8	--	0.268177	0.362921	7	3.88537	17
7	--	0.44583	0.250096	8	4.13547	18
8	--	0.378555	0.61881	7	4.51403	19
7	--	0.455045	0.246545	8	4.76057	20
8	--	0.178663	0.489298	7	4.93923	21
7	--	0.678396	0.183414	8	5.12264	22
8	--	0.683101	0.366603	9	5.48924	23
9	--	1.192018	0.926426	10	6.41567	24

test #66
6	--	0.204173	0.157434	7	0.15743	1
7	--	0.220979	0.202736	8	0.36017	2
8	--	0.718444	0.750013	7	1.07861	3
7	--	0.113936	0.449746	6	1.19255	4
6	--	0.307139	0.528702	5	1.49969	5
5	--	0.39244	0.224559	6	1.72425	6
6	--	0.238718	0.502256	5	1.96297	7
5	--	0.151383	0.147153	6	2.11012	8
6	--	0.580936	0.38125	7	2.49137	9
7	--	0.155379	0.651857	6	2.64675	10
6	--	0.140899	0.100194	7	2.74694	11
7	--	0.485966	0.531322	6	3.23291	12
6	--	0.305797	0.472721	5	3.53871	13
5	--	0.170738	0.098185	6	3.63689	14
6	--	0.355644	0.127673	7	3.76456	15
7	--	0.472146	0.19445	8	3.95901	16
8	--	0.401684	0.543819	7	4.36069	17
7	--	0.569724	0.110778	8	4.47147	18
8	--	0.342675	0.44628	7	4.81415	19
7	--	0.746921	0.294284	8	5.10843	20
8	--	0.275241	0.593388	7	5.38367	21
7	--	0.205128	0.175962	8	5.55963	22
8	--	0.577629	0.309647	9	5.86928	23
9	--	1.189783	1.300543	8	7.05906	24
8	--	0.236945	0.678249	7	7.296	25
7	--	0.473812	0.34814	8	7.64414	26
8	--	0.216406	0.209168	9	7.85331	27
9	--	0.797395	0.72222	10	8.57553	28

test #67
6	--	0.514571	0.248761	7	0.24876	1
7	--	0.242484	0.130572	8	0.37933	2
8	--	0.605869	0.168976	9	0.54831	3
9	--	1.276958	1.500062	8	1.82527	4
8	--	0.981952	0.448374	9	2.27364	5
9	--	1.641121	0.415793	10	2.68943	6

test #68
6	--	0.223075	0.153293	7	0.15329	1
7	--	0.513326	0.231155	8	0.38445	2
8	--	0.207968	0.445245	7	0.59242	3
7	--	0.714489	0.583004	8	1.17542	4
8	--	0.711269	0.431101	9	1.60652	5
9	--	1.351245	0.547217	10	2.15374	6

test #69
6	--	0.2784	0.360362	5	0.2784	1
5	--	0.447276	0.218606	6	0.49701	2
6	--	0.401929	0.208295	7	0.70531	3
7	--	0.299967	0.579163	6	1.00528	4
6	--	0.096924	0.108906	5	1.1022	5
5	--	0.133876	0.32874	4	1.23608	6
4	--	0.107934	0.440468	3	1.34401	7
3	--	0.396523	0.751589	2	1.74053	8
2	--	0.697358	0.149205	3	1.88973	9
3	--	0.158218	0.362237	2	2.04795	10
2	--	0.424758	0.462431	1	2.47271	11
1	--	0.274471	0.376424	0	2.74718	12

test #70
6	--	0.635442	0.616039	7	0.61604	1
7	--	0.542525	0.369548	8	0.98559	2
8	--	0.533027	0.149074	9	1.13466	3
9	--	0.475886	1.522592	8	1.61055	4
8	--	0.694413	0.869522	7	2.30496	5
7	--	0.697945	0.243945	8	2.5489	6
8	--	0.412496	0.208437	9	2.75734	7
9	--	0.708052	1.636501	8	3.46539	8
8	--	0.768508	0.177082	9	3.64247	9
9	--	1.386011	0.414823	10	4.05729	10

test #71
6	--	0.102597	0.593032	5	0.1026	1
5	--	0.522585	0.135677	6	0.23828	2
6	--	0.553356	0.200333	7	0.43861	3
7	--	0.630254	0.661405	6	1.06886	4
6	--	0.475744	0.164851	7	1.23371	5
7	--	0.151425	0.428401	6	1.38513	6
6	--	0.146064	0.323193	5	1.53119	7
5	--	0.286626	0.149973	6	1.68116	8
6	--	0.591267	0.183425	7	1.86458	9
7	--	0.354417	0.219703	8	2.08428	10
8	--	0.265266	0.314908	7	2.34955	11
7	--	0.138876	0.405124	6	2.48843	12
6	--	0.179894	0.170376	7	2.65881	13
7	--	0.364581	0.214411	8	2.87322	14
8	--	0.320952	0.351917	7	3.19417	15
7	--	0.270436	0.267633	8	3.4618	16
8	--	0.270877	0.298287	7	3.73268	17
7	--	0.726169	0.145214	8	3.87789	18
8	--	0.141283	0.338921	7	4.01917	19
7	--	0.233366	0.74397	6	4.25254	20
6	--	0.568398	0.355553	7	4.60809	21
7	--	0.258572	0.612207	6	4.86666	22
6	--	0.383763	0.351855	7	5.21852	23
7	--	0.133215	0.510985	6	5.35174	24
6	--	0.150898	0.37365	5	5.50264	25
5	--	0.202636	0.426653	4	5.70528	26
4	--	0.180108	0.262368	3	5.88539	27
3	--	0.480874	0.209659	4	6.09505	28
4	--	0.124854	0.143237	3	6.2199	29
3	--	0.131908	0.16628	2	6.35181	30
2	--	0.24294	0.839501	1	6.59475	31
1	--	0.349148	1.320995	0	6.9439	32

test #72
6	--	0.317672	0.328004	5	0.31767	1
5	--	0.188117	0.426929	4	0.50579	2
4	--	0.462172	0.133026	5	0.63882	3
5	--	0.525671	0.554831	4	1.16449	4
4	--	0.28185	0.108452	5	1.27294	5
5	--	0.501545	0.559534	4	1.77448	6
4	--	0.283508	0.100912	5	1.87539	7
5	--	0.114646	0.18064	4	1.99004	8
4	--	0.23486	0.217251	5	2.20729	9
5	--	0.441147	0.156413	6	2.3637	10
6	--	0.174612	0.633357	5	2.53831	11
5	--	0.308378	0.22538	6	2.76369	12
6	--	0.362888	0.197028	7	2.96072	13
7	--	0.682901	0.381598	8	3.34232	14
8	--	0.148904	0.356131	7	3.49122	15
7	--	0.328697	0.646542	6	3.81992	16
6	--	0.505123	0.277227	7	4.09715	17
7	--	0.155614	0.192496	6	4.25276	18
6	--	0.579248	0.28492	7	4.53768	19
7	--	0.291587	0.329469	6	4.82927	20
6	--	0.140419	0.122213	7	4.95148	21
7	--	0.163167	0.122804	8	5.07428	22
8	--	0.972922	0.28643	9	5.36071	23
9	--	0.71619	0.513366	10	5.87408	24

test #73
6	--	0.402828	0.485271	5	0.40283	1
5	--	0.093039	0.410369	4	0.49587	2
4	--	0.578447	0.582361	3	1.07432	3
3	--	0.291169	0.309073	2	1.36549	4
2	--	0.525478	0.408843	3	1.77433	5
3	--	0.451709	0.415166	4	2.1895	6
4	--	0.664902	0.373031	5	2.56253	7
5	--	0.492982	0.504244	4	3.05551	8
4	--	0.202333	0.387027	3	3.25784	9
3	--	0.121862	0.348313	2	3.3797	10
2	--	0.242394	0.290425	1	3.62209	11
1	--	0.790083	0.996178	0	4.41217	12

test #74
6	--	0.433155	0.574341	5	0.43316	1
5	--	0.253287	0.129933	6	0.56309	2
6	--	0.115439	0.215208	5	0.67853	3
5	--	0.20955	0.420865	4	0.88808	4
4	--	0.128557	0.617845	3	1.01664	5
3	--	0.267453	0.31193	2	1.28409	6
2	--	0.724078	0.403769	3	1.68786	7
3	--	0.693837	0.279113	4	1.96697	8
4	--	0.111543	0.395051	3	2.07851	9
3	--	0.262681	0.639776	2	2.34119	10
2	--	0.42962	0.331762	3	2.67295	11
3	--	0.384231	0.718864	2	3.05718	12
2	--	0.433478	0.523249	1	3.49066	13
1	--	0.866312	1.575594	0	4.35697	14

test #75
6	--	0.559136	0.32905	7	0.32905	1
7	--	0.382613	0.169439	8	0.49849	2
8	--	0.433595	0.223231	9	0.72172	3
9	--	1.061197	0.457277	10	1.179	4

test #76
6	--	0.368247	0.244854	7	0.24485	1
7	--	0.317992	0.160258	8	0.40511	2
8	--	0.213994	0.224242	7	0.6191	3
7	--	0.150915	0.529529	6	0.77002	4
6	--	0.622045	0.263272	7	1.03329	5
7	--	0.110515	0.33045	6	1.14381	6
6	--	0.125518	0.45392	5	1.26933	7
5	--	0.319356	0.126848	6	1.39618	8
6	--	0.128191	0.25189	5	1.52437	9
5	--	0.405115	0.188054	6	1.71242	10
6	--	0.116484	0.227653	5	1.8289	11
5	--	0.273065	0.358324	4	2.10196	12
4	--	0.148707	0.321496	3	2.25067	13
3	--	0.388545	0.706896	2	2.63921	14
2	--	0.181048	0.481005	1	2.82026	15
1	--	0.914214	0.436934	2	3.25719	16
2	--	0.212967	0.17441	3	3.4316	17
3	--	0.731316	0.196348	4	3.62795	18
4	--	0.144628	0.233806	3	3.77258	19
3	--	0.279901	0.613792	2	4.05248	20
2	--	0.54114	0.280137	3	4.33262	21
3	--	0.522887	0.465234	4	4.79785	22
4	--	0.26155	0.141193	5	4.93904	23
5	--	0.114052	0.222598	4	5.05309	24
4	--	0.594317	0.569168	5	5.62226	25
5	--	0.275396	0.31646	4	5.89766	26
4	--	0.22483	0.622275	3	6.12249	27
3	--	0.363654	0.45478	2	6.48614	28
2	--	0.53159	0.704144	1	7.01773	29
1	--	1.322284	0.695299	2	7.71303	30
2	--	0.345671	0.342917	3	8.05595	31
3	--	0.150961	0.525374	2	8.20691	32
2	--	0.929423	0.642377	3	8.84929	33
3	--	0.661776	0.689414	2	9.51107	34
2	--	0.660347	0.274269	3	9.78534	35
3	--	0.347177	0.573489	2	10.13252	36
2	--	0.740377	0.231729	3	10.36425	37
3	--	0.70573	0.319681	4	10.68393	38
4	--	0.134951	0.313748	3	10.81888	39
3	--	0.236436	0.387234	2	11.05532	40
2	--	0.628972	0.276717	3	11.33204	41
3	--	0.361709	0.210395	4	11.54244	42
4	--	0.195751	0.567743	3	11.73819	43
3	--	0.109149	0.71443	2	11.84734	44
2	--	0.879105	0.439847	3	12.28719	45
3	--	0.161022	0.226872	2	12.44821	46
2	--	0.421771	0.457654	1	12.86998	47
1	--	1.121262	0.946203	2	13.81618	48
2	--	0.612226	0.26743	3	14.08361	49
3	--	0.715649	0.338629	4	14.42224	50
4	--	0.371494	0.117113	5	14.53935	51
5	--	0.314884	0.528682	4	14.85423	52
4	--	0.339949	0.226403	5	15.08063	53
5	--	0.423179	0.626426	4	15.50381	54
4	--	0.537437	0.412711	5	15.91652	55
5	--	0.107923	0.162232	4	16.02444	56
4	--	0.179358	0.161244	5	16.18568	57
5	--	0.165133	0.434895	4	16.35081	58
4	--	0.295214	0.485363	3	16.64602	59
3	--	0.166927	0.295096	2	16.81295	60
2	--	0.323381	0.232418	3	17.04537	61
3	--	0.489677	0.498987	2	17.53505	62
2	--	0.600598	0.309756	3	17.84481	63
3	--	0.107574	0.251153	2	17.95238	64
2	--	0.443587	0.984043	1	18.39597	65
1	--	0.941199	1.091103	0	19.33717	66

test #77
6	--	0.237366	0.324649	5	0.23737	1
5	--	0.53483	0.142094	6	0.37946	2
6	--	0.449634	0.265043	7	0.6445	3
7	--	0.180134	0.474344	6	0.82463	4
6	--	0.218569	0.459988	5	1.0432	5
5	--	0.265467	0.479151	4	1.30867	6
4	--	0.414042	0.209704	5	1.51837	7
5	--	0.116744	0.608363	4	1.63511	8
4	--	0.220328	0.512276	3	1.85544	9
3	--	0.148504	0.249548	2	2.00394	10
2	--	0.809916	0.337103	3	2.34104	11
3	--	0.179414	0.600337	2	2.52045	12
2	--	0.49854	0.880429	1	3.01899	13
1	--	0.439385	0.495364	0	3.45837	14

test #78
6	--	0.482132	0.219481	7	0.21948	1
7	--	0.21541	0.317169	6	0.43489	2
6	--	0.323809	0.305482	7	0.74037	3
7	--	0.549646	0.725977	6	1.29002	4
6	--	0.188642	0.248632	5	1.47866	5
5	--	0.330207	0.534688	4	1.80887	6
4	--	0.534455	0.508261	5	2.31713	7
5	--	0.284206	0.209505	6	2.52663	8
6	--	0.318764	0.622409	5	2.84539	9
5	--	0.136904	0.089417	6	2.93481	10
6	--	0.524465	0.315524	7	3.25033	11
7	--	0.363723	0.578301	6	3.61405	12
6	--	0.482285	0.131687	7	3.74574	13
7	--	0.559605	0.613121	6	4.30534	14
6	--	0.129238	0.643769	5	4.43458	15
5	--	0.563469	0.206211	6	4.64079	16
6	--	0.149314	0.134412	7	4.7752	17
7	--	0.565089	0.322844	8	5.09804	18
8	--	0.628356	0.389361	9	5.4874	19
9	--	1.710401	1.531277	10	7.01868	20

test #79
6	--	0.505206	0.601307	5	0.50521	1
5	--	0.101334	0.210649	4	0.60654	2
4	--	0.1838	0.174925	5	0.78146	3
5	--	0.291911	0.414462	4	1.07337	4
4	--	0.564243	0.107637	5	1.18101	5
5	--	0.13135	0.218443	4	1.31236	6
4	--	0.226923	0.421985	3	1.53928	7
3	--	0.303119	0.538024	2	1.8424	8
2	--	0.176723	0.741837	1	2.01912	9
1	--	0.488923	0.521595	0	2.50804	10

test #80
6	--	0.31056	0.223353	7	0.22335	1
7	--	0.200507	0.148267	8	0.37162	2
8	--	0.660156	0.656414	9	1.02803	3
9	--	0.995947	1.772175	8	2.02398	4
8	--	0.36367	0.345106	9	2.36909	5
9	--	0.999332	0.771833	10	3.14092	6

test #81
6	--	0.182719	0.24681	5	0.18272	1
5	--	0.521013	0.16237	6	0.34509	2
6	--	0.651123	0.577533	7	0.92262	3
7	--	0.435972	0.244828	8	1.16745	4
8	--	0.85069	0.387884	9	1.55533	5
9	--	0.879311	1.351488	8	2.43464	6
8	--	0.407942	0.836918	7	2.84258	7
7	--	0.693484	0.3377	8	3.18028	8
8	--	0.188468	0.996754	7	3.36875	9
7	--	0.385176	0.128599	8	3.49735	10
8	--	0.160037	0.697897	7	3.65739	11
7	--	0.158628	0.222186	6	3.81602	12
6	--	0.42058	0.251934	7	4.06795	13
7	--	0.241346	0.66817	6	4.3093	14
6	--	0.28069	0.124333	7	4.43363	15
7	--	0.33546	0.391394	6	4.76909	16
6	--	0.288114	0.106902	7	4.87599	17
7	--	0.507449	0.297575	8	5.17356	18
8	--	0.591696	0.463966	9	5.63753	19
9	--	1.590203	1.730471	8	7.22773	20
8	--	0.501333	0.151394	9	7.37912	21
9	--	0.863291	0.805314	10	8.18443	22

test #82
6	--	0.663194	0.424295	7	0.4243	1
7	--	0.614336	0.625442	6	1.03864	2
6	--	0.103874	0.246341	5	1.14251	3
5	--	0.152845	0.148818	6	1.29133	4
6	--	0.342727	0.508236	5	1.63406	5
5	--	0.286283	0.139781	6	1.77384	6
6	--	0.223578	0.474994	5	1.99742	7
5	--	0.381098	0.281303	6	2.27872	8
6	--	0.127311	0.133117	5	2.40603	9
5	--	0.517589	0.143924	6	2.54995	10
6	--	0.096211	0.282461	5	2.64616	11
5	--	0.449416	0.095857	6	2.74202	12
6	--	0.095744	0.239431	5	2.83776	13
5	--	0.200282	0.201082	4	3.03804	14
4	--	0.39181	0.168658	5	3.2067	15
5	--	0.32316	0.57145	4	3.52986	16
4	--	0.385952	0.168255	5	3.69812	17
5	--	0.262922	0.334371	4	3.96104	18
4	--	0.361321	0.514989	3	4.32236	19
3	--	0.571054	0.156494	4	4.47885	20
4	--	0.315325	0.169795	5	4.64865	21
5	--	0.126561	0.102597	6	4.75125	22
6	--	0.449376	0.130711	7	4.88196	23
7	--	0.525899	0.180047	8	5.06201	24
8	--	0.741873	0.467893	9	5.5299	25
9	--	0.770067	0.663854	10	6.19375	26

test #83
6	--	0.194988	0.437314	5	0.19499	1
5	--	0.383881	0.394634	4	0.57887	2
4	--	0.321581	0.105756	5	0.68463	3
5	--	0.173979	0.209162	4	0.85861	4
4	--	0.114058	0.325295	3	0.97267	5
3	--	0.347027	0.196879	4	1.16955	6
4	--	0.108026	0.589725	3	1.27758	7
3	--	0.215914	0.363318	2	1.49349	8
2	--	0.237792	0.788725	1	1.73128	9
1	--	0.363932	0.809977	0	2.09521	10

test #84
6	--	0.324859	0.30406	7	0.30406	1
7	--	0.414998	0.30226	8	0.60632	2
8	--	0.670193	0.935251	7	1.27651	3
7	--	0.449898	0.564753	6	1.72641	4
6	--	0.36728	0.094212	7	1.82062	5
7	--	0.525605	0.177747	8	1.99837	6
8	--	0.288407	0.267153	9	2.26552	7
9	--	0.360262	1.089262	8	2.62578	8
8	--	0.616001	0.38234	9	3.00812	9
9	--	0.769466	0.325619	10	3.33374	10

test #85
6	--	0.357205	0.628135	5	0.3572	1
5	--	0.102738	0.638862	4	0.45994	2
4	--	0.38987	0.234966	5	0.69491	3
5	--	0.535883	0.181517	6	0.87643	4
6	--	0.123418	0.221349	5	0.99985	5
5	--	0.213808	0.529937	4	1.21366	6
4	--	0.143213	0.255242	3	1.35687	7
3	--	0.406608	0.263286	4	1.62016	8
4	--	0.212117	0.481291	3	1.83228	9
3	--	0.319715	0.485309	2	2.152	10
2	--	0.862696	0.313921	3	2.46592	11
3	--	0.361327	0.243526	4	2.70945	12
4	--	0.11709	0.378541	3	2.82654	13
3	--	0.148481	0.273719	2	2.97502	14
2	--	0.235408	0.302119	1	3.21043	15
1	--	0.596126	0.916461	0	3.80656	16

test #86
6	--	0.632734	0.472845	7	0.47284	1
7	--	0.329781	0.213985	8	0.68682	2
8	--	0.932567	0.608179	9	1.295	3
9	--	1.586201	1.065508	10	2.36051	4

test #87
6	--	0.212177	0.549864	5	0.21218	1
5	--	0.297928	0.207093	6	0.41927	2
6	--	0.272939	0.426113	5	0.69221	3
5	--	0.557071	0.102918	6	0.79513	4
6	--	0.133331	0.553573	5	0.92846	5
5	--	0.100123	0.1518	4	1.02858	6
4	--	0.242966	0.263838	3	1.27155	7
3	--	0.554989	0.124337	4	1.39589	8
4	--	0.340712	0.155074	5	1.55096	9
5	--	0.581506	0.271709	6	1.82267	10
6	--	0.164639	0.577861	5	1.98731	11
5	--	0.112991	0.389595	4	2.1003	12
4	--	0.457445	0.3635	5	2.4638	13
5	--	0.144234	0.634326	4	2.60803	14
4	--	0.55088	0.612142	3	3.15891	15
3	--	0.535033	0.119874	4	3.27878	16
4	--	0.228182	0.500872	3	3.50696	17
3	--	0.360024	0.706442	2	3.86698	18
2	--	0.552709	0.22482	3	4.0918	19
3	--	0.700523	0.495935	4	4.58774	20
4	--	0.127406	0.11633	5	4.70407	21
5	--	0.496979	0.125146	6	4.82922	22
6	--	0.110615	0.207266	5	4.93984	23
5	--	0.512278	0.340603	6	5.28044	24
6	--	0.14489	0.165643	5	5.42533	25
5	--	0.539472	0.625534	4	5.9648	26
4	--	0.163619	0.136998	5	6.1018	27
5	--	0.407542	0.165572	6	6.26737	28
6	--	0.375077	0.317383	7	6.58475	29
7	--	0.584393	0.636575	6	7.16914	30
6	--	0.45435	0.309366	7	7.47851	31
7	--	0.406363	0.44096	6	7.88487	32
6	--	0.42172	0.560155	5	8.30659	33
5	--	0.150113	0.108466	6	8.41506	34
6	--	0.244656	0.451777	5	8.65972	35
5	--	0.214305	0.10203	6	8.76175	36
6	--	0.48303	0.473313	7	9.23506	37
7	--	0.584292	0.375037	8	9.6101	38
8	--	0.163949	0.182163	7	9.77405	39
7	--	0.113132	0.357859	6	9.88718	40
6	--	0.302551	0.480144	5	10.18973	41
5	--	0.178788	0.475727	4	10.36852	42
4	--	0.107369	0.485163	3	10.47589	43
3	--	0.63672	0.361115	4	10.83701	44
4	--	0.096773	0.188716	3	10.93378	45
3	--	0.387335	0.649209	2	11.32112	46
2	--	0.581168	0.472244	3	11.79336	47
3	--	0.312801	0.765919	2	12.10616	48
2	--	0.5956	0.618329	1	12.70176	49
1	--	1.332399	0.677762	2	13.37952	50
2	--	0.243331	0.985446	1	13.62285	51
1	--	0.260465	0.390069	0	13.88331	52

test #88
6	--	0.353855	0.376774	5	0.35386	1
5	--	0.533048	0.585399	4	0.88691	2
4	--	0.451485	0.192066	5	1.07898	3
5	--	0.379004	0.354977	6	1.43396	4
6	--	0.367578	0.274063	7	1.70802	5
7	--	0.13717	0.134204	8	1.84222	6
8	--	0.185687	0.205705	7	2.02791	7
7	--	0.617795	0.472383	8	2.50029	8
8	--	0.795034	0.342597	9	2.84289	9
9	--	0.93828	0.452191	10	3.29508	10

test #89
6	--	0.501626	0.12138	7	0.12138	1
7	--	0.478854	0.378135	8	0.49952	2
8	--	0.848684	0.735569	9	1.23509	3
9	--	0.466657	0.655694	8	1.70175	4
8	--	0.439282	0.420442	9	2.12219	5
9	--	0.705029	1.085139	8	2.82722	6
8	--	0.191213	0.490865	7	3.01843	7
7	--	0.302473	0.34144	6	3.3209	8
6	--	0.284441	0.104472	7	3.42537	9
7	--	0.303886	0.144472	8	3.56984	10
8	--	0.285421	0.979168	7	3.85526	11
7	--	0.170734	0.365597	6	4.02599	12
6	--	0.546085	0.142512	7	4.1685	13
7	--	0.426638	0.623177	6	4.59514	14
6	--	0.344921	0.425658	5	4.94006	15
5	--	0.303393	0.152322	6	5.09238	16
6	--	0.26171	0.542787	5	5.35409	17
5	--	0.134773	0.348627	4	5.48886	18
4	--	0.311029	0.376286	3	5.79989	19
3	--	0.464405	0.338936	4	6.13883	20
4	--	0.209559	0.164942	5	6.30377	21
5	--	0.406273	0.610355	4	6.71004	22
4	--	0.103004	0.45119	3	6.81304	23
3	--	0.554098	0.218395	4	7.03144	24
4	--	0.654215	0.482208	5	7.51365	25
5	--	0.098144	0.224817	4	7.61179	26
4	--	0.098666	0.290029	3	7.71046	27
3	--	0.271818	0.227869	4	7.93833	28
4	--	0.195729	0.289982	3	8.13406	29
3	--	0.177482	0.538918	2	8.31154	30
2	--	0.227255	0.812194	1	8.5388	31
1	--	0.320242	0.972001	0	8.85904	32

test #90
6	--	0.431665	0.317498	7	0.3175	1
7	--	0.525698	0.170489	8	0.48799	2
8	--	0.415869	0.645138	7	0.90386	3
7	--	0.14606	0.440029	6	1.04992	4
6	--	0.582133	0.586949	5	1.63205	5
5	--	0.517792	0.234236	6	1.86629	6
6	--	0.214732	0.153838	7	2.02013	7
7	--	0.604955	0.262617	8	2.28275	8
8	--	0.672846	0.43304	9	2.71579	9
9	--	1.079313	0.419336	10	3.13513	10

test #91
6	--	0.148469	0.496315	5	0.14847	1
5	--	0.105132	0.15169	4	0.2536	2
4	--	0.613122	0.330248	5	0.58385	3
5	--	0.094667	0.107398	4	0.67852	4
4	--	0.277936	0.505733	3	0.95646	5
3	--	0.744895	0.241633	4	1.19809	6
4	--	0.507873	0.359418	5	1.55751	7
5	--	0.294273	0.142806	6	1.70032	8
6	--	0.145481	0.208677	5	1.8458	9
5	--	0.091301	0.090797	6	1.9366	10
6	--	0.330833	0.259714	7	2.19631	11
7	--	0.257306	0.170374	8	2.36668	12
8	--	0.743288	0.879588	7	3.10997	13
7	--	0.743742	0.113739	8	3.22371	14
8	--	0.704002	0.675019	9	3.89873	15
9	--	1.186922	1.488174	8	5.08565	16
8	--	0.553214	0.918627	7	5.63886	17
7	--	0.329158	0.533949	6	5.96802	18
6	--	0.119528	0.661775	5	6.08755	19
5	--	0.571729	0.343973	6	6.43152	20
6	--	0.264419	0.097416	7	6.52894	21
7	--	0.241582	0.228628	8	6.75757	22
8	--	0.81962	0.308699	9	7.06627	23
9	--	0.968879	0.802673	10	7.86894	24

test #92
6	--	0.270355	0.263987	7	0.26399	1
7	--	0.110692	0.286909	6	0.37468	2
6	--	0.631944	0.657467	5	1.00662	3
5	--	0.163509	0.63574	4	1.17013	4
4	--	0.237087	0.549501	3	1.40722	5
3	--	0.193779	0.451141	2	1.601	6
2	--	0.273125	0.902069	1	1.87412	7
1	--	1.209159	0.722211	2	2.59633	8
2	--	0.15164	0.486611	1	2.74797	9
1	--	1.458502	1.655403	0	4.20647	10

test #93
6	--	0.122771	0.123672	5	0.12277	1
5	--	0.500676	0.119454	6	0.24222	2
6	--	0.11263	0.649599	5	0.35485	3
5	--	0.267795	0.436682	4	0.62265	4
4	--	0.209886	0.213923	3	0.83254	5
3	--	0.116384	0.246896	2	0.94892	6
2	--	0.6317	0.527191	3	1.47611	7
3	--	0.614917	0.414797	4	1.89091	8
4	--	0.130595	0.451306	3	2.0215	9
3	--	0.197176	0.128007	4	2.14951	10
4	--	0.228629	0.322608	3	2.37814	11
3	--	0.631348	0.575872	4	2.95401	12
4	--	0.342702	0.473285	3	3.29671	13
3	--	0.351815	0.22038	4	3.51709	14
4	--	0.157339	0.300748	3	3.67443	15
3	--	0.655179	0.139296	4	3.81373	16
4	--	0.122522	0.253181	3	3.93625	17
3	--	0.681767	0.182365	4	4.11861	18
4	--	0.133621	0.236686	3	4.25223	19
3	--	0.557665	0.116117	4	4.36835	20
4	--	0.497412	0.120983	5	4.48933	21
5	--	0.396747	0.391102	6	4.88043	22
6	--	0.093836	0.537006	5	4.97427	23
5	--	0.208105	0.518821	4	5.18237	24
4	--	0.162326	0.582087	3	5.3447	25
3	--	0.134372	0.249334	2	5.47907	26
2	--	0.964829	0.612625	3	6.09169	27
3	--	0.264096	0.315731	2	6.35579	28
2	--	0.377316	0.237041	3	6.59283	29
3	--	0.371046	0.296215	4	6.88905	30
4	--	0.466914	0.152486	5	7.04154	31
5	--	0.476495	0.267885	6	7.30942	32
6	--	0.229095	0.568565	5	7.53852	33
5	--	0.274735	0.171594	6	7.71011	34
6	--	0.231541	0.191283	7	7.90139	35
7	--	0.469129	0.360258	8	8.26165	36
8	--	0.58817	0.688615	7	8.84982	37
7	--	0.306445	0.232766	8	9.08259	38
8	--	0.808483	0.515471	9	9.59806	39
9	--	0.964336	1.73632	8	10.5624	40
8	--	0.829873	0.521016	9	11.08342	41
9	--	0.59434	0.276288	10	11.35971	42

test #94
6	--	0.099448	0.237748	5	0.09945	1
5	--	0.108583	0.2678	4	0.20803	2
4	--	0.144942	0.314775	3	0.35297	3
3	--	0.382462	0.314395	4	0.66736	4
4	--	0.322499	0.629224	3	0.98986	5
3	--	0.599511	0.180688	4	1.17055	6
4	--	0.177159	0.378971	3	1.34771	7
3	--	0.410628	0.712056	2	1.75834	8
2	--	0.368311	0.907064	1	2.12665	9
1	--	0.940408	1.479392	0	3.06706	10

test #95
6	--	0.588792	0.211606	7	0.21161	1
7	--	0.301599	0.572464	6	0.51321	2
6	--	0.624839	0.412591	7	0.9258	3
7	--	0.141907	0.35693	6	1.06771	4
6	--	0.125299	0.319013	5	1.19301	5
5	--	0.525457	0.392811	6	1.58582	6
6	--	0.54024	0.317993	7	1.90381	7
7	--	0.241425	0.109326	8	2.01314	8
8	--	0.308676	0.228732	9	2.24187	9
9	--	0.816569	1.659308	8	3.05844	10
8	--	0.793354	0.823312	7	3.85179	11
7	--	0.564974	0.760096	6	4.41676	12
6	--	0.344417	0.307401	7	4.72416	13
7	--	0.31323	0.748581	6	5.03739	14
6	--	0.473412	0.181649	7	5.21904	15
7	--	0.34394	0.145813	8	5.36485	16
8	--	0.179278	0.76727	7	5.54413	17
7	--	0.329025	0.28337	8	5.8275	18
8	--	0.446988	0.2742	9	6.1017	19
9	--	0.330781	0.487022	8	6.43248	20
8	--	0.17185	0.520242	7	6.60433	21
7	--	0.411779	0.263357	8	6.86769	22
8	--	0.149691	0.965124	7	7.01738	23
7	--	0.518629	0.140028	8	7.15741	24
8	--	0.692143	0.192709	9	7.35012	25
9	--	0.839559	1.750367	8	8.18968	26
8	--	0.603726	0.25029	9	8.43997	27
9	--	0.782164	0.794746	8	9.22213	28
8	--	0.87001	0.223324	9	9.44545	29
9	--	0.550668	1.052216	8	9.99612	30
8	--	0.589922	0.232143	9	10.22826	31
9	--	0.946138	0.827181	10	11.05544	32

test #96
6	--	0.132221	0.256073	5	0.13222	1
5	--	0.515423	0.50646	6	0.63868	2
6	--	0.364765	0.095404	7	0.73408	3
7	--	0.436521	0.423258	8	1.15734	4
8	--	0.332248	0.239245	9	1.39658	5
9	--	0.615395	0.286041	10	1.68262	6

test #97
6	--	0.427712	0.619957	5	0.42771	1
5	--	0.185248	0.619247	4	0.61296	2
4	--	0.595984	0.53828	5	1.15124	3
5	--	0.140945	0.110615	6	1.26186	4
6	--	0.094394	0.17483	5	1.35625	5
5	--	0.171088	0.321142	4	1.52734	6
4	--	0.248998	0.312643	3	1.77634	7
3	--	0.219717	0.580374	2	1.99606	8
2	--	0.195595	0.555486	1	2.19166	9
1	--	0.573218	0.66179	0	2.76488	10

test #98
6	--	0.417479	0.332344	7	0.33234	1
7	--	0.243862	0.158433	8	0.49077	2
8	--	0.259723	0.319806	7	0.75049	3
7	--	0.64133	0.387167	8	1.13766	4
8	--	0.367387	0.410699	7	1.50505	5
7	--	0.420679	0.295099	8	1.80015	6
8	--	0.199897	0.608567	7	2.00005	7
7	--	0.344485	0.280728	8	2.28078	8
8	--	0.812745	0.592474	9	2.87325	9
9	--	0.997618	0.665119	10	3.53837	10

test #99
6	--	0.519488	0.372888	7	0.37289	1
7	--	0.363782	0.204757	8	0.57765	2
8	--	0.151871	0.320123	7	0.72952	3
7	--	0.523786	0.751887	6	1.25331	4
6	--	0.175766	0.309246	5	1.42908	5
5	--	0.538986	0.268028	6	1.69711	6
6	--	0.33566	0.379421	5	2.03277	7
5	--	0.262528	0.360467	4	2.2953	8
4	--	0.212275	0.193763	5	2.48906	9
5	--	0.12696	0.29433	4	2.61602	10
4	--	0.313819	0.191393	5	2.80741	11
5	--	0.486092	0.145467	6	2.95288	12
6	--	0.571688	0.350693	7	3.30357	13
7	--	0.513224	0.723918	6	3.81679	14
6	--	0.295754	0.664131	5	4.11254	15
5	--	0.115516	0.374097	4	4.22806	16
4	--	0.492687	0.337712	5	4.56577	17
5	--	0.252874	0.190757	6	4.75653	18
6	--	0.668642	0.271329	7	5.02786	19
7	--	0.283999	0.210772	8	5.23863	20
8	--	0.432338	0.403874	9	5.6425	21
9	--	1.424805	0.684987	10	6.32749	22
