start i C()	t_left		t_right 	New i	Total time generation

test #0
2	--	0.226849	0.3024	1	0.22685	1
1	--	0.930192	0.455369	2	0.68222	2
2	--	0.63325	0.762203	1	1.31547	3
1	--	0.494533	0.9931	0	1.81	4

test #1
2	--	0.165641	0.702459	1	0.16564	1
1	--	0.63898	1.138054	0	0.80462	2

test #2
2	--	0.175696	0.200184	1	0.1757	1
1	--	0.807749	0.550723	2	0.72642	2
2	--	0.346581	0.144382	3	0.8708	3
3	--	0.44699	0.508782	2	1.31779	4
2	--	0.340386	0.652527	1	1.65818	5
1	--	0.635788	0.375656	2	2.03384	6
2	--	0.507984	0.187544	3	2.22138	7
3	--	0.309932	0.235295	4	2.45668	8
4	--	0.324547	0.304161	5	2.76084	9
5	--	0.168673	0.125048	6	2.88589	10
6	--	0.459577	0.319964	7	3.20585	11
7	--	0.588762	0.350601	8	3.55645	12
8	--	0.320077	0.685763	7	3.87653	13
7	--	0.714688	0.299891	8	4.17642	14
8	--	0.557262	0.364725	9	4.54114	15
9	--	0.995573	0.368973	10	4.91011	16

test #3
2	--	0.851321	0.250503	3	0.2505	1
3	--	0.145501	0.474605	2	0.396	2
2	--	0.252483	0.446638	1	0.64848	3
1	--	1.486566	0.485039	2	1.13352	4
2	--	0.881383	0.282228	3	1.41575	5
3	--	0.48855	0.296597	4	1.71235	6
4	--	0.661347	0.629546	5	2.3419	7
5	--	0.342319	0.110729	6	2.45263	8
6	--	0.614258	0.132965	7	2.58559	9
7	--	0.458435	0.249105	8	2.83469	10
8	--	0.488147	0.224051	9	3.05874	11
9	--	1.298381	0.691664	10	3.7504	12

test #4
2	--	0.734793	0.182998	3	0.183	1
3	--	0.532694	0.161799	4	0.3448	2
4	--	0.274496	0.562852	3	0.6193	3
3	--	0.223872	0.328829	2	0.84317	4
2	--	0.37518	0.82626	1	1.21835	5
1	--	0.283623	1.463238	0	1.50197	6

test #5
2	--	0.198165	0.580761	1	0.19816	1
1	--	1.109614	0.372122	2	0.57028	2
2	--	0.835742	0.875636	1	1.40602	3
1	--	0.497583	1.555634	0	1.9036	4

test #6
2	--	0.607014	0.348842	3	0.34884	1
3	--	0.667542	0.398108	4	0.74695	2
4	--	0.142852	0.315515	3	0.8898	3
3	--	0.160473	0.577714	2	1.05027	4
2	--	0.697748	0.191587	3	1.24186	5
3	--	0.321124	0.170115	4	1.41198	6
4	--	0.252405	0.12993	5	1.54191	7
5	--	0.127226	0.108866	6	1.65078	8
6	--	0.117818	0.417813	5	1.7686	9
5	--	0.641481	0.463679	6	2.23228	10
6	--	0.37641	0.158009	7	2.39029	11
7	--	0.370408	0.304374	8	2.69466	12
8	--	0.522596	0.211772	9	2.90643	13
9	--	0.543208	0.835588	8	3.44964	14
8	--	0.172452	0.336729	7	3.62209	15
7	--	0.591912	0.144109	8	3.7662	16
8	--	0.491362	0.60376	7	4.25756	17
7	--	0.449997	0.532414	6	4.70756	18
6	--	0.156108	0.103542	7	4.8111	19
7	--	0.126523	0.297418	6	4.93762	20
6	--	0.44082	0.181112	7	5.11873	21
7	--	0.263552	0.659897	6	5.38228	22
6	--	0.35651	0.665795	5	5.73879	23
5	--	0.283716	0.10993	6	5.84872	24
6	--	0.226212	0.352637	5	6.07493	25
5	--	0.223752	0.374654	4	6.29868	26
4	--	0.202346	0.270852	3	6.50103	27
3	--	0.346226	0.609663	2	6.84726	28
2	--	0.91371	0.554186	3	7.40145	29
3	--	0.223096	0.236367	2	7.62455	30
2	--	0.140099	0.62361	1	7.76465	31
1	--	0.905234	0.397688	2	8.16234	32
2	--	0.198892	0.20715	1	8.36123	33
1	--	0.388789	0.368103	2	8.72933	34
2	--	0.178831	0.553	1	8.90816	35
1	--	1.083698	1.427807	0	9.99186	36

test #7
2	--	0.459283	0.575158	1	0.45928	1
1	--	0.719738	1.407967	0	1.17902	2

test #8
2	--	0.468947	0.647357	1	0.46895	1
1	--	0.322332	0.711249	0	0.79128	2

test #9
2	--	0.218634	0.265743	1	0.21863	1
1	--	0.64607	0.438559	2	0.65719	2
2	--	0.776625	0.389447	3	1.04664	3
3	--	0.131792	0.462857	2	1.17843	4
2	--	0.182194	0.322742	1	1.36062	5
1	--	1.658511	0.413671	2	1.77429	6
2	--	0.217036	0.22066	1	1.99133	7
1	--	0.581646	0.330115	2	2.32145	8
2	--	0.812062	0.209178	3	2.53063	9
3	--	0.664624	0.161642	4	2.69227	10
4	--	0.11979	0.480478	3	2.81206	11
3	--	0.642777	0.747353	2	3.45484	12
2	--	0.526356	0.202299	3	3.65714	13
3	--	0.113576	0.666046	2	3.77072	14
2	--	0.569737	0.426526	3	4.19725	15
3	--	0.598643	0.471694	4	4.66894	16
4	--	0.276132	0.152651	5	4.82159	17
5	--	0.089395	0.204218	4	4.91099	18
4	--	0.10786	0.13321	3	5.01885	19
3	--	0.494995	0.355001	4	5.37385	20
4	--	0.306436	0.648424	3	5.68029	21
3	--	0.174519	0.345271	2	5.85481	22
2	--	0.256009	0.508667	1	6.11082	23
1	--	0.501614	0.352213	2	6.46303	24
2	--	0.789686	0.648109	3	7.11114	25
3	--	0.380605	0.171248	4	7.28239	26
4	--	0.520244	0.16794	5	7.45033	27
5	--	0.326937	0.223617	6	7.67395	28
6	--	0.482578	0.646699	5	8.15653	29
5	--	0.312224	0.214281	6	8.37081	30
6	--	0.13048	0.378809	5	8.50129	31
5	--	0.099721	0.123591	4	8.60101	32
4	--	0.270105	0.152404	5	8.75341	33
5	--	0.453862	0.242142	6	8.99555	34
6	--	0.353335	0.198967	7	9.19452	35
7	--	0.669773	0.257761	8	9.45228	36
8	--	0.297461	0.149937	9	9.60222	37
9	--	1.708147	0.871537	10	10.47376	38

test #10
2	--	0.36797	0.245585	3	0.24558	1
3	--	0.437063	0.55788	2	0.68264	2
2	--	0.364986	0.641254	1	1.04763	3
1	--	0.640824	0.631558	2	1.67919	4
2	--	0.236314	0.705805	1	1.9155	5
1	--	1.326852	0.601289	2	2.51679	6
2	--	0.735307	0.426156	3	2.94295	7
3	--	0.250389	0.435194	2	3.19334	8
2	--	0.348135	0.48585	1	3.54148	9
1	--	0.740128	0.355818	2	3.8973	10
2	--	0.916675	0.211669	3	4.10897	11
3	--	0.179867	0.499126	2	4.28884	12
2	--	0.557588	0.453651	3	4.74249	13
3	--	0.293769	0.476218	2	5.03626	14
2	--	0.143844	0.603978	1	5.1801	15
1	--	1.637712	1.149366	2	6.32947	16
2	--	0.810554	0.36155	3	6.69102	17
3	--	0.196804	0.635425	2	6.88782	18
2	--	0.243075	0.594872	1	7.1309	19
1	--	0.659224	0.874456	0	7.79012	20

test #11
2	--	0.595288	0.259222	3	0.25922	1
3	--	0.406852	0.143596	4	0.40282	2
4	--	0.611278	0.176445	5	0.57926	3
5	--	0.350838	0.358503	4	0.9301	4
4	--	0.270858	0.249143	5	1.17924	5
5	--	0.282607	0.353065	4	1.46185	6
4	--	0.45811	0.09758	5	1.55943	7
5	--	0.384498	0.426111	4	1.94393	8
4	--	0.162207	0.147224	5	2.09115	9
5	--	0.21949	0.231044	4	2.31064	10
4	--	0.141394	0.220901	3	2.45203	11
3	--	0.366503	0.13398	4	2.58601	12
4	--	0.286122	0.248523	5	2.83453	13
5	--	0.13851	0.50635	4	2.97304	14
4	--	0.575748	0.503353	5	3.47639	15
5	--	0.366129	0.291465	6	3.76785	16
6	--	0.348394	0.292382	7	4.06023	17
7	--	0.293437	0.264059	8	4.32429	18
8	--	0.740081	0.682357	9	5.00665	19
9	--	0.390184	1.65417	8	5.39683	20
8	--	0.150542	0.610922	7	5.54737	21
7	--	0.468228	0.291762	8	5.83913	22
8	--	0.225539	0.321177	7	6.06467	23
7	--	0.331808	0.150324	8	6.21499	24
8	--	0.291387	0.993939	7	6.50638	25
7	--	0.585005	0.59139	6	7.09138	26
6	--	0.400083	0.203099	7	7.29448	27
7	--	0.286306	0.279854	8	7.57433	28
8	--	0.427698	0.694438	7	8.00203	29
7	--	0.70949	0.138017	8	8.14005	30
8	--	0.250393	0.507963	7	8.39044	31
7	--	0.35532	0.424417	6	8.74576	32
6	--	0.314951	0.306483	7	9.05224	33
7	--	0.331481	0.738086	6	9.38372	34
6	--	0.10138	0.497578	5	9.4851	35
5	--	0.204806	0.29699	4	9.68991	36
4	--	0.44625	0.307211	5	9.99712	37
5	--	0.18768	0.498403	4	10.1848	38
4	--	0.330553	0.099403	5	10.2842	39
5	--	0.438554	0.26152	6	10.54572	40
6	--	0.153558	0.636502	5	10.69928	41
5	--	0.114904	0.091451	6	10.79073	42
6	--	0.285924	0.110982	7	10.90171	43
7	--	0.710601	0.306063	8	11.20777	44
8	--	0.753063	0.240074	9	11.44784	45
9	--	0.655268	0.697189	8	12.10311	46
8	--	0.306462	0.541449	7	12.40957	47
7	--	0.126934	0.452083	6	12.5365	48
6	--	0.110279	0.143678	5	12.64678	49
5	--	0.389901	0.525277	4	13.03668	50
4	--	0.113064	0.641727	3	13.14974	51
3	--	0.665607	0.659523	4	13.80926	52
4	--	0.280474	0.131216	5	13.94048	53
5	--	0.136716	0.348043	4	14.0772	54
4	--	0.10909	0.191735	3	14.18629	55
3	--	0.297379	0.353871	2	14.48367	56
2	--	0.40426	0.236269	3	14.71994	57
3	--	0.164344	0.209341	2	14.88428	58
2	--	0.516256	0.756721	1	15.40054	59
1	--	0.587338	0.528205	2	15.92874	60
2	--	0.362904	0.681162	1	16.29164	61
1	--	0.821996	0.786151	2	17.07779	62
2	--	0.313556	0.775504	1	17.39135	63
1	--	1.440492	1.265281	2	18.65663	64
2	--	0.232106	0.459959	1	18.88874	65
1	--	1.354261	1.633748	0	20.243	66

test #12
2	--	0.323673	0.140219	3	0.14022	1
3	--	0.701978	0.501491	4	0.64171	2
4	--	0.22519	0.120295	5	0.76201	3
5	--	0.328817	0.33274	4	1.09083	4
4	--	0.361045	0.363842	3	1.45187	5
3	--	0.115482	0.207441	2	1.56735	6
2	--	0.560832	0.413573	3	1.98092	7
3	--	0.12353	0.236003	2	2.10445	8
2	--	0.454497	0.543907	1	2.55895	9
1	--	0.268859	1.273721	0	2.82781	10

test #13
2	--	0.70698	0.488748	3	0.48875	1
3	--	0.207164	0.468085	2	0.69591	2
2	--	0.34854	0.380704	1	1.04445	3
1	--	1.047338	0.390312	2	1.43476	4
2	--	0.329198	0.410084	1	1.76396	5
1	--	0.341915	0.351244	0	2.10588	6

test #14
2	--	0.678172	0.388409	3	0.38841	1
3	--	0.135065	0.264324	2	0.52347	2
2	--	0.526351	0.731163	1	1.04982	3
1	--	0.777205	1.19683	0	1.82702	4

test #15
2	--	0.792431	0.448674	3	0.44867	1
3	--	0.108327	0.178469	2	0.557	2
2	--	0.36828	0.613725	1	0.92528	3
1	--	0.50021	1.04941	0	1.42549	4

test #16
2	--	0.369474	0.331	3	0.331	1
3	--	0.264886	0.159137	4	0.49014	2
4	--	0.095495	0.197185	3	0.58564	3
3	--	0.277109	0.370956	2	0.86275	4
2	--	0.158833	0.593472	1	1.02158	5
1	--	0.971382	1.48198	0	1.99296	6

test #17
2	--	0.41474	0.693323	1	0.41474	1
1	--	0.387073	0.839859	0	0.80181	2

test #18
2	--	0.479978	0.672025	1	0.47998	1
1	--	0.4858	1.158214	0	0.96578	2

test #19
2	--	0.259633	0.407268	1	0.25963	1
1	--	0.629582	0.887256	0	0.88921	2

test #20
2	--	0.253235	0.340232	1	0.25324	1
1	--	0.293341	0.614115	0	0.54658	2

test #21
2	--	0.521566	0.308113	3	0.30811	1
3	--	0.159199	0.109304	4	0.41741	2
4	--	0.568646	0.194186	5	0.6116	3
5	--	0.509832	0.487429	6	1.09903	4
6	--	0.257427	0.115845	7	1.21487	5
7	--	0.22605	0.250398	6	1.44092	6
6	--	0.202763	0.569007	5	1.64368	7
5	--	0.154642	0.496686	4	1.79832	8
4	--	0.133229	0.110489	5	1.90881	9
5	--	0.256665	0.112519	6	2.02133	10
6	--	0.534009	0.288185	7	2.30952	11
7	--	0.137662	0.31705	6	2.44718	12
6	--	0.342438	0.109518	7	2.5567	13
7	--	0.283088	0.155491	8	2.71219	14
8	--	0.202231	0.927603	7	2.91442	15
7	--	0.315118	0.280721	8	3.19514	16
8	--	0.381099	0.42807	7	3.57624	17
7	--	0.269672	0.45041	6	3.84591	18
6	--	0.119889	0.423869	5	3.9658	19
5	--	0.491247	0.473755	6	4.43956	20
6	--	0.506089	0.563806	5	4.94565	21
5	--	0.398612	0.47018	4	5.34426	22
4	--	0.186252	0.105913	5	5.45017	23
5	--	0.308109	0.411193	4	5.75828	24
4	--	0.494224	0.66364	3	6.2525	25
3	--	0.747902	0.326015	4	6.57852	26
4	--	0.585285	0.34773	5	6.92625	27
5	--	0.09962	0.214218	4	7.02587	28
4	--	0.227251	0.193683	5	7.21955	29
5	--	0.255973	0.359217	4	7.47552	30
4	--	0.405739	0.660148	3	7.88126	31
3	--	0.228286	0.343817	2	8.10955	32
2	--	0.94403	0.61974	3	8.72929	33
3	--	0.72525	0.29027	4	9.01956	34
4	--	0.376204	0.172357	5	9.19192	35
5	--	0.123765	0.117006	6	9.30893	36
6	--	0.384045	0.209323	7	9.51825	37
7	--	0.534388	0.37512	8	9.89337	38
8	--	0.298968	0.190816	9	10.08419	39
9	--	0.633734	0.537764	10	10.62195	40

test #22
2	--	0.773298	0.275351	3	0.27535	1
3	--	0.263085	0.591983	2	0.53843	2
2	--	0.996153	0.239234	3	0.77766	3
3	--	0.407228	0.682042	2	1.18489	4
2	--	0.655437	0.513352	3	1.69824	5
3	--	0.361098	0.379856	2	2.05934	6
2	--	0.378906	0.772006	1	2.43825	7
1	--	0.990794	1.01969	0	3.42904	8

test #23
2	--	0.226239	0.804649	1	0.22624	1
1	--	0.413217	1.41079	0	0.63946	2

test #24
2	--	0.571004	0.272472	3	0.27247	1
3	--	0.14526	0.134353	4	0.40682	2
4	--	0.659372	0.470828	5	0.87765	3
5	--	0.15957	0.202142	4	1.03722	4
4	--	0.234382	0.270588	3	1.2716	5
3	--	0.362794	0.263404	4	1.535	6
4	--	0.204184	0.094879	5	1.62988	7
5	--	0.436664	0.283816	6	1.9137	8
6	--	0.640424	0.209698	7	2.1234	9
7	--	0.215568	0.361421	6	2.33897	10
6	--	0.173949	0.099109	7	2.43808	11
7	--	0.518873	0.247507	8	2.68559	12
8	--	0.162213	0.247386	7	2.8478	13
7	--	0.251933	0.352815	6	3.09973	14
6	--	0.233872	0.66999	5	3.3336	15
5	--	0.094966	0.096783	4	3.42857	16
4	--	0.648277	0.130863	5	3.55943	17
5	--	0.096052	0.630028	4	3.65548	18
4	--	0.583048	0.363288	5	4.01877	19
5	--	0.179842	0.427987	4	4.19861	20
4	--	0.1682	0.513211	3	4.36681	21
3	--	0.172654	0.31311	2	4.53946	22
2	--	0.157129	0.178585	1	4.69659	23
1	--	1.470534	0.468844	2	5.16543	24
2	--	0.35629	0.43269	1	5.52172	25
1	--	0.300008	1.659295	0	5.82173	26

test #25
2	--	0.767435	0.983304	1	0.76744	1
1	--	0.911381	0.569736	2	1.33718	2
2	--	0.422614	0.313466	3	1.65065	3
3	--	0.160196	0.272227	2	1.81085	4
2	--	0.35159	0.52108	1	2.16244	5
1	--	0.900351	0.876992	2	3.03943	6
2	--	0.725547	0.141803	3	3.18123	7
3	--	0.108465	0.362917	2	3.28969	8
2	--	0.681355	0.358504	3	3.64819	9
3	--	0.113219	0.532225	2	3.76141	10
2	--	0.17783	0.323979	1	3.93924	11
1	--	0.907992	1.270807	0	4.84723	12

test #26
2	--	0.685013	0.920962	1	0.68501	1
1	--	0.367345	0.840602	0	1.05235	2

test #27
2	--	0.960848	0.206131	3	0.20613	1
3	--	0.119723	0.221764	2	0.32585	2
2	--	0.16582	0.666849	1	0.49167	3
1	--	0.606965	1.478503	0	1.09863	4

test #28
2	--	0.284929	0.255221	3	0.25522	1
3	--	0.122623	0.757427	2	0.37784	2
2	--	0.677153	0.407769	3	0.78561	3
3	--	0.541059	0.546242	2	1.32667	4
2	--	0.553962	0.347388	3	1.67406	5
3	--	0.24739	0.211549	4	1.88561	6
4	--	0.102963	0.123333	3	1.98857	7
3	--	0.272317	0.245331	4	2.2339	8
4	--	0.490259	0.290072	5	2.52397	9
5	--	0.446557	0.375313	6	2.89928	10
6	--	0.342788	0.332523	7	3.2318	11
7	--	0.30786	0.685549	6	3.53966	12
6	--	0.668824	0.154801	7	3.69446	13
7	--	0.520609	0.310534	8	4.00499	14
8	--	0.621015	0.289238	9	4.29423	15
9	--	0.671885	0.352126	10	4.64636	16

test #29
2	--	0.392016	0.899001	1	0.39202	1
1	--	1.186357	1.344077	0	1.57838	2

test #30
2	--	0.501979	0.518096	1	0.50198	1
1	--	1.444951	0.628904	2	1.13088	2
2	--	0.784301	0.707788	3	1.83867	3
3	--	0.584747	0.432518	4	2.27119	4
4	--	0.147145	0.340578	3	2.41833	5
3	--	0.66651	0.138319	4	2.55665	6
4	--	0.133248	0.663563	3	2.6899	7
3	--	0.125382	0.448514	2	2.81528	8
2	--	0.605061	0.295545	3	3.11082	9
3	--	0.238415	0.745418	2	3.34924	10
2	--	0.445549	0.367486	3	3.71673	11
3	--	0.694718	0.672871	4	4.3896	12
4	--	0.238784	0.178511	5	4.56811	13
5	--	0.334975	0.257038	6	4.82515	14
6	--	0.273789	0.488492	5	5.09894	15
5	--	0.33292	0.17684	6	5.27578	16
6	--	0.113983	0.30906	5	5.38976	17
5	--	0.282368	0.198441	6	5.5882	18
6	--	0.176056	0.152712	7	5.74091	19
7	--	0.60406	0.170546	8	5.91146	20
8	--	0.855001	0.223431	9	6.13489	21
9	--	1.736249	0.60424	10	6.73913	22

test #31
2	--	0.929663	0.747799	3	0.7478	1
3	--	0.107062	0.532152	2	0.85486	2
2	--	0.220317	0.665457	1	1.07518	3
1	--	1.747762	1.245254	2	2.32043	4
2	--	0.521823	0.507856	3	2.82829	5
3	--	0.320552	0.106889	4	2.93518	6
4	--	0.44275	0.222386	5	3.15757	7
5	--	0.397561	0.387222	6	3.54479	8
6	--	0.326433	0.231735	7	3.77653	9
7	--	0.44857	0.639568	6	4.2251	10
6	--	0.411096	0.433793	5	4.6362	11
5	--	0.276404	0.260399	6	4.8966	12
6	--	0.362183	0.196727	7	5.09333	13
7	--	0.351761	0.159785	8	5.25312	14
8	--	0.715566	0.529298	9	5.78242	15
9	--	0.952128	1.422671	8	6.73455	16
8	--	0.231987	0.19258	9	6.92713	17
9	--	0.548658	0.38668	10	7.31381	18

test #32
2	--	0.148921	0.344357	1	0.14892	1
1	--	1.53414	1.16245	2	1.31137	2
2	--	0.844663	0.308908	3	1.62028	3
3	--	0.593879	0.331285	4	1.95156	4
4	--	0.289167	0.239968	5	2.19153	5
5	--	0.130497	0.642762	4	2.32203	6
4	--	0.336303	0.152022	5	2.47405	7
5	--	0.143908	0.224995	4	2.61796	8
4	--	0.298972	0.171859	5	2.78982	9
5	--	0.14079	0.134652	6	2.92447	10
6	--	0.116642	0.160092	5	3.04111	11
5	--	0.640685	0.344139	6	3.38525	12
6	--	0.141688	0.213191	5	3.52694	13
5	--	0.174553	0.174498	6	3.70144	14
6	--	0.151494	0.562703	5	3.85293	15
5	--	0.32391	0.289061	6	4.14199	16
6	--	0.210412	0.17438	7	4.31637	17
7	--	0.228286	0.274694	6	4.54466	18
6	--	0.322885	0.095871	7	4.64053	19
7	--	0.409981	0.159154	8	4.79968	20
8	--	0.954864	0.270978	9	5.07066	21
9	--	1.597882	0.562337	10	5.633	22

test #33
2	--	0.254608	0.928588	1	0.25461	1
1	--	0.963619	1.089826	0	1.21823	2

test #34
2	--	0.930783	0.939865	1	0.93078	1
1	--	0.411398	0.484837	0	1.34218	2

test #35
2	--	0.201124	0.733259	1	0.20112	1
1	--	1.654225	0.480696	2	0.68182	2
2	--	0.860505	0.407689	3	1.08951	3
3	--	0.210565	0.346063	2	1.30007	4
2	--	0.80233	0.289244	3	1.58931	5
3	--	0.176327	0.583597	2	1.76564	6
2	--	0.27938	0.808627	1	2.04502	7
1	--	0.982333	0.564851	2	2.60987	8
2	--	0.351071	0.141347	3	2.75122	9
3	--	0.152495	0.433398	2	2.90372	10
2	--	0.320234	0.218043	3	3.12176	11
3	--	0.401751	0.542489	2	3.52351	12
2	--	0.38521	0.210391	3	3.7339	13
3	--	0.153292	0.319172	2	3.88719	14
2	--	0.285104	0.626018	1	4.17229	15
1	--	1.313763	0.432997	2	4.60529	16
2	--	0.392733	0.660301	1	4.99802	17
1	--	1.492822	0.914678	2	5.9127	18
2	--	0.689267	0.987584	1	6.60197	19
1	--	0.82133	1.437681	0	7.4233	20

test #36
2	--	0.227798	0.553469	1	0.2278	1
1	--	1.091334	0.268606	2	0.49641	2
2	--	0.335452	0.468268	1	0.83186	3
1	--	1.144884	1.359378	0	1.97674	4

test #37
2	--	0.227096	0.992221	1	0.2271	1
1	--	0.276524	1.041385	0	0.50362	2

test #38
2	--	0.822859	0.202002	3	0.202	1
3	--	0.260488	0.651501	2	0.46249	2
2	--	0.16046	0.397696	1	0.62295	3
1	--	1.439545	1.463176	0	2.06249	4

test #39
2	--	0.825734	0.444285	3	0.44428	1
3	--	0.423957	0.591139	2	0.86824	2
2	--	0.9482	0.519476	3	1.38772	3
3	--	0.275139	0.41925	2	1.66286	4
2	--	0.341142	0.182269	3	1.84513	5
3	--	0.578981	0.622321	2	2.42411	6
2	--	0.729581	0.141994	3	2.5661	7
3	--	0.507205	0.113356	4	2.67946	8
4	--	0.228585	0.295141	3	2.90804	9
3	--	0.238066	0.439245	2	3.14611	10
2	--	0.533461	0.377053	3	3.52316	11
3	--	0.589266	0.268418	4	3.79158	12
4	--	0.213814	0.308685	3	4.00539	13
3	--	0.312295	0.196663	4	4.20205	14
4	--	0.581128	0.475785	5	4.67783	15
5	--	0.523649	0.122959	6	4.80079	16
6	--	0.420501	0.415364	7	5.21615	17
7	--	0.147098	0.342243	6	5.36325	18
6	--	0.242301	0.358859	5	5.60555	19
5	--	0.382476	0.231374	6	5.83692	20
6	--	0.17779	0.538348	5	6.01471	21
5	--	0.434042	0.324204	6	6.33891	22
6	--	0.368069	0.16073	7	6.49964	23
7	--	0.191096	0.557529	6	6.69074	24
6	--	0.201527	0.318607	5	6.89227	25
5	--	0.222768	0.360326	4	7.11504	26
4	--	0.096679	0.183725	3	7.21172	27
3	--	0.170625	0.738836	2	7.38234	28
2	--	0.66751	0.240652	3	7.62299	29
3	--	0.515319	0.257573	4	7.88056	30
4	--	0.35476	0.41866	3	8.23532	31
3	--	0.121051	0.681643	2	8.35637	32
2	--	0.23808	0.399394	1	8.59445	33
1	--	0.273969	0.336311	0	8.86842	34

test #40
2	--	0.199284	0.457139	1	0.19928	1
1	--	1.735971	0.846006	2	1.04529	2
2	--	0.673155	0.454125	3	1.49941	3
3	--	0.268374	0.486949	2	1.76778	4
2	--	0.182163	0.21075	1	1.94994	5
1	--	1.328058	0.264438	2	2.21438	6
2	--	0.903844	0.275127	3	2.48951	7
3	--	0.222963	0.682015	2	2.71247	8
2	--	0.404731	0.877854	1	3.1172	9
1	--	0.663864	1.491371	0	3.78106	10

test #41
2	--	0.305799	0.38568	1	0.3058	1
1	--	1.692429	0.775272	2	1.08107	2
2	--	0.515826	0.154835	3	1.23591	3
3	--	0.122763	0.193906	2	1.35867	4
2	--	0.274602	0.66548	1	1.63327	5
1	--	1.348585	0.880397	2	2.51367	6
2	--	0.239706	0.606262	1	2.75338	7
1	--	0.562173	1.490661	0	3.31555	8

test #42
2	--	0.748775	0.239657	3	0.23966	1
3	--	0.160326	0.140842	4	0.3805	2
4	--	0.387051	0.13357	5	0.51407	3
5	--	0.328662	0.264655	6	0.77872	4
6	--	0.459297	0.159049	7	0.93777	5
7	--	0.563247	0.186567	8	1.12434	6
8	--	0.147382	0.511995	7	1.27172	7
7	--	0.745569	0.126352	8	1.39807	8
8	--	0.764068	0.390904	9	1.78897	9
9	--	0.446621	0.976448	8	2.23559	10
8	--	0.423928	0.877927	7	2.65952	11
7	--	0.500716	0.223037	8	2.88256	12
8	--	0.245132	0.957918	7	3.12769	13
7	--	0.147358	0.20775	6	3.27505	14
6	--	0.107255	0.189762	5	3.38231	15
5	--	0.19707	0.477106	4	3.57938	16
4	--	0.0999	0.58709	3	3.67928	17
3	--	0.368983	0.244091	4	3.92337	18
4	--	0.104515	0.217018	3	4.02789	19
3	--	0.61353	0.403736	4	4.43163	20
4	--	0.459601	0.609881	3	4.89123	21
3	--	0.51898	0.171305	4	5.06253	22
4	--	0.221467	0.136488	5	5.19902	23
5	--	0.246468	0.399661	4	5.44549	24
4	--	0.455161	0.101515	5	5.54701	25
5	--	0.588929	0.107664	6	5.65467	26
6	--	0.101866	0.383169	5	5.75654	27
5	--	0.347378	0.217868	6	5.97441	28
6	--	0.387898	0.106177	7	6.08059	29
7	--	0.175153	0.199205	6	6.25574	30
6	--	0.321179	0.266929	7	6.52267	31
7	--	0.613913	0.475926	8	6.9986	32
8	--	0.314588	0.705785	7	7.31319	33
7	--	0.174465	0.39232	6	7.48765	34
6	--	0.175742	0.145034	7	7.63268	35
7	--	0.713747	0.717694	6	8.34643	36
6	--	0.29446	0.391536	5	8.64089	37
5	--	0.254077	0.600324	4	8.89497	38
4	--	0.516151	0.203653	5	9.09862	39
5	--	0.234009	0.439515	4	9.33263	40
4	--	0.227233	0.212076	5	9.54471	41
5	--	0.092729	0.351356	4	9.63744	42
4	--	0.292883	0.230911	5	9.86835	43
5	--	0.453802	0.201063	6	10.06941	44
6	--	0.492961	0.626762	5	10.56237	45
5	--	0.17662	0.158793	6	10.72116	46
6	--	0.361653	0.162082	7	10.88324	47
7	--	0.213307	0.133211	8	11.01645	48
8	--	0.188726	0.59432	7	11.20518	49
7	--	0.326466	0.212299	8	11.41748	50
8	--	0.222004	0.415984	7	11.63948	51
7	--	0.154262	0.27043	6	11.79374	52
6	--	0.553287	0.115233	7	11.90897	53
7	--	0.301989	0.294063	8	12.20303	54
8	--	0.309026	0.306843	9	12.50987	55
9	--	0.276219	0.342068	8	12.78609	56
8	--	0.181476	0.507449	7	12.96757	57
7	--	0.378758	0.546455	6	13.34633	58
6	--	0.154324	0.147848	7	13.49418	59
7	--	0.402718	0.120386	8	13.61457	60
8	--	0.439768	0.540686	7	14.05434	61
7	--	0.294524	0.151666	8	14.20601	62
8	--	0.653979	0.149233	9	14.35524	63
9	--	0.392406	0.48659	8	14.74765	64
8	--	0.325614	0.29188	9	15.03953	65
9	--	0.760554	0.761577	8	15.80008	66
8	--	0.363413	0.519704	7	16.16349	67
7	--	0.597771	0.13913	8	16.30262	68
8	--	0.998467	0.660773	9	16.96339	69
9	--	0.464469	0.540084	8	17.42786	70
8	--	0.321948	0.869567	7	17.74981	71
7	--	0.19265	0.401672	6	17.94246	72
6	--	0.260961	0.370928	5	18.20342	73
5	--	0.208126	0.336309	4	18.41155	74
4	--	0.547842	0.201323	5	18.61287	75
5	--	0.114136	0.110278	6	18.72315	76
6	--	0.360472	0.269531	7	18.99268	77
7	--	0.27283	0.187541	8	19.18022	78
8	--	0.252437	0.347915	7	19.43266	79
7	--	0.690655	0.332082	8	19.76474	80
8	--	0.896227	0.298714	9	20.06345	81
9	--	0.585783	1.046365	8	20.64923	82
8	--	0.341819	1.005488	7	20.99105	83
7	--	0.710285	0.428957	8	21.42001	84
8	--	0.68441	0.317164	9	21.73717	85
9	--	0.658974	0.58895	10	22.32612	86

test #43
2	--	0.482929	0.336978	3	0.33698	1
3	--	0.454506	0.746774	2	0.79149	2
2	--	0.966628	0.324145	3	1.11563	3
3	--	0.126134	0.130525	2	1.24176	4
2	--	0.656026	0.659651	1	1.89779	5
1	--	0.378592	0.861787	0	2.27638	6

test #44
2	--	0.334554	0.200621	3	0.20062	1
3	--	0.297963	0.256804	4	0.45742	2
4	--	0.288252	0.50079	3	0.74567	3
3	--	0.56794	0.211396	4	0.95707	4
4	--	0.413015	0.442254	3	1.37009	5
3	--	0.532927	0.246432	4	1.61652	6
4	--	0.18447	0.580457	3	1.80099	7
3	--	0.475684	0.177548	4	1.97854	8
4	--	0.604609	0.533848	5	2.51239	9
5	--	0.098663	0.127416	4	2.61105	10
4	--	0.212335	0.610446	3	2.82339	11
3	--	0.214249	0.269479	2	3.03764	12
2	--	0.475504	0.336514	3	3.37415	13
3	--	0.643978	0.366131	4	3.74028	14
4	--	0.214258	0.287693	3	3.95454	15
3	--	0.617523	0.203073	4	4.15761	16
4	--	0.216905	0.643587	3	4.37451	17
3	--	0.237937	0.238652	2	4.61245	18
2	--	0.202421	0.417373	1	4.81487	19
1	--	0.578167	0.667881	0	5.39304	20

test #45
2	--	0.192916	0.803368	1	0.19292	1
1	--	0.304089	1.459521	0	0.49701	2

test #46
2	--	0.208663	0.40352	1	0.20866	1
1	--	0.920237	1.124669	0	1.1289	2

test #47
2	--	0.168535	0.306449	1	0.16854	1
1	--	0.668263	1.106561	0	0.8368	2

test #48
2	--	0.657034	0.267094	3	0.26709	1
3	--	0.580337	0.203086	4	0.47018	2
4	--	0.254561	0.108302	5	0.57848	3
5	--	0.451158	0.294527	6	0.87301	4
6	--	0.104707	0.333701	5	0.97772	5
5	--	0.268257	0.323875	4	1.24598	6
4	--	0.34255	0.168268	5	1.41425	7
5	--	0.439402	0.399601	6	1.81385	8
6	--	0.619403	0.357621	7	2.17147	9
7	--	0.267432	0.217329	8	2.3888	10
8	--	0.392018	0.32915	9	2.71795	11
9	--	0.252947	1.231683	8	2.9709	12
8	--	0.775245	0.836083	7	3.74614	13
7	--	0.365701	0.417342	6	4.11184	14
6	--	0.28701	0.434258	5	4.39885	15
5	--	0.333944	0.352063	4	4.73279	16
4	--	0.349636	0.266275	5	4.99907	17
5	--	0.3929	0.115461	6	5.11453	18
6	--	0.305387	0.117044	7	5.23157	19
7	--	0.222267	0.113384	8	5.34495	20
8	--	0.294011	0.158297	9	5.50325	21
9	--	1.089712	0.463329	10	5.96658	22

test #49
2	--	0.158991	0.427241	1	0.15899	1
1	--	0.77378	0.464227	2	0.62322	2
2	--	0.687817	0.25712	3	0.88034	3
3	--	0.715922	0.266112	4	1.14645	4
4	--	0.249028	0.414201	3	1.39548	5
3	--	0.173277	0.348993	2	1.56876	6
2	--	0.332653	0.991604	1	1.90141	7
1	--	0.893318	1.787394	0	2.79473	8

test #50
2	--	0.53107	0.254466	3	0.25447	1
3	--	0.213545	0.158026	4	0.4125	2
4	--	0.245431	0.567504	3	0.65793	3
3	--	0.291054	0.195157	4	0.85309	4
4	--	0.388402	0.272213	5	1.1253	5
5	--	0.135969	0.536716	4	1.26127	6
4	--	0.201332	0.213662	3	1.4626	7
3	--	0.258777	0.127442	4	1.59004	8
4	--	0.239128	0.554614	3	1.82917	9
3	--	0.43079	0.189229	4	2.0184	10
4	--	0.348926	0.212129	5	2.23053	11
5	--	0.18836	0.544502	4	2.41889	12
4	--	0.394694	0.473469	3	2.81358	13
3	--	0.129175	0.520207	2	2.94276	14
2	--	0.213758	0.988705	1	3.15652	15
1	--	0.27875	0.841648	0	3.43527	16

test #51
2	--	0.65575	0.281113	3	0.28111	1
3	--	0.202496	0.6392	2	0.48361	2
2	--	0.3899	0.158485	3	0.64209	3
3	--	0.14613	0.145183	4	0.78727	4
4	--	0.124803	0.616093	3	0.91207	5
3	--	0.225487	0.331686	2	1.13756	6
2	--	0.417929	0.196978	3	1.33454	7
3	--	0.137303	0.604122	2	1.47184	8
2	--	0.260637	0.385124	1	1.73248	9
1	--	0.447231	0.597235	0	2.17971	10

test #52
2	--	0.161552	0.405074	1	0.16155	1
1	--	0.881455	0.537049	2	0.6986	2
2	--	0.975086	0.869017	3	1.56762	3
3	--	0.471994	0.42077	4	1.98839	4
4	--	0.131599	0.499753	3	2.11999	5
3	--	0.142158	0.23158	2	2.26215	6
2	--	0.541771	0.655764	1	2.80392	7
1	--	0.327477	0.945913	0	3.1314	8

test #53
2	--	0.480608	0.697735	1	0.48061	1
1	--	0.647599	1.491329	0	1.12821	2

test #54
2	--	0.6013	0.741973	1	0.6013	1
1	--	0.789268	0.641011	2	1.24231	2
2	--	0.354771	0.385824	1	1.59708	3
1	--	0.455583	0.607132	0	2.05266	4

test #55
2	--	0.189495	0.226725	1	0.1895	1
1	--	0.935792	0.310346	2	0.49985	2
2	--	0.359343	0.54353	1	0.85919	3
1	--	1.358149	0.782727	2	1.64192	4
2	--	0.831678	0.293189	3	1.93511	5
3	--	0.402213	0.232052	4	2.16716	6
4	--	0.245289	0.138958	5	2.30612	7
5	--	0.17145	0.090374	6	2.39649	8
6	--	0.171305	0.105022	7	2.50151	9
7	--	0.586922	0.330411	8	2.83192	10
8	--	0.171023	0.314062	7	3.00294	11
7	--	0.691126	0.219777	8	3.22272	12
8	--	0.510488	0.347105	9	3.56982	13
9	--	0.330378	0.827396	8	3.9002	14
8	--	0.315383	0.441586	7	4.21558	15
7	--	0.681719	0.180423	8	4.396	16
8	--	0.194	0.556675	7	4.59	17
7	--	0.393075	0.19421	8	4.78421	18
8	--	0.230522	0.49284	7	5.01473	19
7	--	0.417357	0.194812	8	5.20954	20
8	--	0.785063	0.260815	9	5.47036	21
9	--	0.432873	0.283239	10	5.7536	22

test #56
2	--	0.169633	0.271238	1	0.16963	1
1	--	0.535484	0.256779	2	0.42641	2
2	--	0.648263	0.638342	3	1.06475	3
3	--	0.466285	0.319469	4	1.38422	4
4	--	0.136854	0.170684	3	1.52107	5
3	--	0.376632	0.583953	2	1.8977	6
2	--	0.43089	0.720368	1	2.32859	7
1	--	1.432675	0.751393	2	3.07998	8
2	--	0.426118	0.478093	1	3.5061	9
1	--	0.780176	0.823965	0	4.28628	10

test #57
2	--	0.27117	0.199435	3	0.19944	1
3	--	0.735161	0.407608	4	0.60705	2
4	--	0.25848	0.184544	5	0.79159	3
5	--	0.225308	0.189783	6	0.98137	4
6	--	0.246084	0.248948	5	1.22745	5
5	--	0.261712	0.309982	4	1.48916	6
4	--	0.126706	0.375924	3	1.61587	7
3	--	0.329098	0.454848	2	1.94497	8
2	--	0.231082	0.351368	1	2.17605	9
1	--	1.52287	1.204965	2	3.38101	10
2	--	0.240331	0.958916	1	3.62134	11
1	--	0.561258	0.533925	2	4.15526	12
2	--	0.187453	0.690041	1	4.34271	13
1	--	1.748783	0.364021	2	4.70673	14
2	--	0.314949	0.454005	1	5.02168	15
1	--	0.367241	0.662595	0	5.38892	16

test #58
2	--	0.18328	0.28207	1	0.18328	1
1	--	0.367418	0.489687	0	0.5507	2

test #59
2	--	0.894072	0.650931	3	0.65093	1
3	--	0.321726	0.457721	2	0.97266	2
2	--	0.148358	0.704127	1	1.12102	3
1	--	0.295968	1.394547	0	1.41699	4

test #60
2	--	0.196376	0.474155	1	0.19638	1
1	--	1.522487	1.358655	2	1.55504	2
2	--	0.268694	0.223	3	1.77804	3
3	--	0.661114	0.474991	4	2.25303	4
4	--	0.347048	0.325508	5	2.57854	5
5	--	0.215514	0.098915	6	2.67746	6
6	--	0.128395	0.094842	7	2.7723	7
7	--	0.25201	0.108516	8	2.88082	8
8	--	0.248701	0.313547	7	3.12952	9
7	--	0.45057	0.328956	8	3.45848	10
8	--	0.458704	0.691778	7	3.91718	11
7	--	0.689043	0.191155	8	4.10834	12
8	--	0.152373	1.005202	7	4.26071	13
7	--	0.315078	0.222195	8	4.48291	14
8	--	0.898348	0.440047	9	4.92296	15
9	--	0.841628	0.971728	8	5.76459	16
8	--	0.189757	0.251154	7	5.95435	17
7	--	0.507018	0.179496	8	6.13385	18
8	--	0.705077	0.265826	9	6.39968	19
9	--	0.690826	0.449283	10	6.84896	20

test #61
2	--	0.245397	0.354271	1	0.2454	1
1	--	0.515234	0.492921	2	0.73832	2
2	--	0.518901	0.845389	1	1.25722	3
1	--	0.435552	0.780417	0	1.69277	4

test #62
2	--	0.777941	0.260334	3	0.26033	1
3	--	0.197589	0.337645	2	0.45792	2
2	--	0.260352	0.328383	1	0.71827	3
1	--	0.919208	0.853745	2	1.57201	4
2	--	0.239291	0.143197	3	1.71521	5
3	--	0.28867	0.334535	2	2.00388	6
2	--	0.778133	0.575768	3	2.57965	7
3	--	0.415274	0.546778	2	2.99492	8
2	--	0.729118	0.968553	1	3.72404	9
1	--	0.564482	1.150454	0	4.28852	10

test #63
2	--	0.420149	0.142215	3	0.14222	1
3	--	0.752069	0.707045	4	0.84926	2
4	--	0.195694	0.472148	3	1.04495	3
3	--	0.163438	0.292174	2	1.20839	4
2	--	0.611046	0.896944	1	1.81944	5
1	--	0.333403	1.339463	0	2.15284	6

test #64
2	--	0.164109	0.459781	1	0.16411	1
1	--	1.489437	0.516044	2	0.68015	2
2	--	0.187164	0.719749	1	0.86731	3
1	--	1.14495	0.642641	2	1.50995	4
2	--	0.380002	0.298519	3	1.80847	5
3	--	0.372517	0.272406	4	2.08088	6
4	--	0.291771	0.237871	5	2.31875	7
5	--	0.642822	0.288041	6	2.60679	8
6	--	0.339147	0.614234	5	2.94594	9
5	--	0.157986	0.11636	6	3.0623	10
6	--	0.149306	0.588097	5	3.21161	11
5	--	0.210079	0.294668	4	3.42169	12
4	--	0.543904	0.114894	5	3.53658	13
5	--	0.317053	0.46165	4	3.85363	14
4	--	0.15645	0.506607	3	4.01008	15
3	--	0.524937	0.448248	4	4.45833	16
4	--	0.28434	0.255512	5	4.71384	17
5	--	0.129286	0.278018	4	4.84313	18
4	--	0.222445	0.163222	5	5.00635	19
5	--	0.545887	0.179901	6	5.18625	20
6	--	0.113822	0.27898	5	5.30007	21
5	--	0.154951	0.397834	4	5.45502	22
4	--	0.356412	0.42318	3	5.81143	23
3	--	0.297015	0.123015	4	5.93445	24
4	--	0.119498	0.307476	3	6.05395	25
3	--	0.602876	0.200918	4	6.25487	26
4	--	0.272528	0.35605	3	6.5274	27
3	--	0.325976	0.219547	4	6.74695	28
4	--	0.308148	0.2225	5	6.96945	29
5	--	0.404495	0.347459	6	7.31691	30
6	--	0.104618	0.104421	7	7.42133	31
7	--	0.636738	0.338968	8	7.7603	32
8	--	0.669226	0.222622	9	7.98292	33
9	--	0.62372	1.203254	8	8.60664	34
8	--	0.62305	0.347889	9	8.95453	35
9	--	0.818399	0.984622	8	9.77293	36
8	--	0.329308	0.350541	7	10.10224	37
7	--	0.448123	0.150495	8	10.25273	38
8	--	0.328222	0.88202	7	10.58095	39
7	--	0.551904	0.742554	6	11.13285	40
6	--	0.194791	0.140693	7	11.27354	41
7	--	0.193296	0.116524	8	11.39006	42
8	--	0.406014	0.786907	7	11.79607	43
7	--	0.475726	0.146403	8	11.94247	44
8	--	0.507025	0.170473	9	12.11294	45
9	--	0.291403	0.501152	8	12.40434	46
8	--	0.774538	0.547429	9	12.95177	47
9	--	0.639926	0.498729	10	13.4505	48

test #65
2	--	0.50816	0.85154	1	0.50816	1
1	--	0.374359	0.279342	2	0.7875	2
2	--	0.911823	0.309705	3	1.0972	3
3	--	0.133286	0.502307	2	1.23049	4
2	--	0.639665	0.462753	3	1.69324	5
3	--	0.237184	0.489285	2	1.93042	6
2	--	0.416659	0.537703	1	2.34708	7
1	--	1.385984	0.615176	2	2.96226	8
2	--	0.180258	0.638284	1	3.14252	9
1	--	0.434952	0.681722	0	3.57747	10

test #66
2	--	0.452825	0.231784	3	0.23178	1
3	--	0.12871	0.34215	2	0.36049	2
2	--	0.178789	0.997868	1	0.53928	3
1	--	1.298661	0.481387	2	1.02067	4
2	--	0.368743	0.177385	3	1.19805	5
3	--	0.145707	0.537985	2	1.34376	6
2	--	0.215316	0.273032	1	1.55908	7
1	--	0.542339	0.72547	0	2.10142	8

test #67
2	--	0.430421	0.399912	3	0.39991	1
3	--	0.411078	0.222393	4	0.6223	2
4	--	0.282549	0.251211	5	0.87351	3
5	--	0.570709	0.26491	6	1.13842	4
6	--	0.220334	0.18494	7	1.32336	5
7	--	0.262052	0.499943	6	1.58541	6
6	--	0.213966	0.421531	5	1.79938	7
5	--	0.136581	0.223646	4	1.93596	8
4	--	0.249506	0.549868	3	2.18547	9
3	--	0.118662	0.130794	2	2.30413	10
2	--	0.622403	0.852445	1	2.92653	11
1	--	1.340834	0.531971	2	3.4585	12
2	--	0.381121	0.278702	3	3.7372	13
3	--	0.335841	0.464424	2	4.07304	14
2	--	0.659898	0.320568	3	4.39361	15
3	--	0.244544	0.194176	4	4.58779	16
4	--	0.131014	0.602279	3	4.7188	17
3	--	0.281291	0.261709	4	4.98051	18
4	--	0.481412	0.290319	5	5.27083	19
5	--	0.41736	0.126004	6	5.39683	20
6	--	0.30333	0.647467	5	5.70016	21
5	--	0.251295	0.598496	4	5.95146	22
4	--	0.376408	0.651551	3	6.32787	23
3	--	0.316169	0.199293	4	6.52716	24
4	--	0.149914	0.42524	3	6.67707	25
3	--	0.154983	0.554582	2	6.83205	26
2	--	0.805149	0.540538	3	7.37259	27
3	--	0.175349	0.429775	2	7.54794	28
2	--	0.169958	0.842626	1	7.7179	29
1	--	0.532756	0.913564	0	8.25066	30

test #68
2	--	0.450136	0.474169	1	0.45014	1
1	--	0.943376	1.384941	0	1.39352	2

test #69
2	--	0.690277	0.29661	3	0.29661	1
3	--	0.271383	0.690921	2	0.56799	2
2	--	0.659004	0.510237	3	1.07823	3
3	--	0.19073	0.245587	2	1.26896	4
2	--	0.379024	0.159409	3	1.42837	5
3	--	0.694501	0.216286	4	1.64466	6
4	--	0.177979	0.29876	3	1.82264	7
3	--	0.364012	0.474829	2	2.18665	8
2	--	0.472756	0.312483	3	2.49913	9
3	--	0.169835	0.20404	2	2.66897	10
2	--	0.624689	0.391215	3	3.06019	11
3	--	0.33756	0.223283	4	3.28347	12
4	--	0.132119	0.378869	3	3.41559	13
3	--	0.340524	0.283031	4	3.69862	14
4	--	0.176933	0.276114	3	3.87555	15
3	--	0.268457	0.19487	4	4.07042	16
4	--	0.443423	0.184976	5	4.2554	17
5	--	0.457202	0.135979	6	4.39138	18
6	--	0.509427	0.108331	7	4.49971	19
7	--	0.698255	0.276386	8	4.7761	20
8	--	0.2323	0.15465	9	4.93075	21
9	--	1.769111	0.560019	10	5.49077	22

test #70
2	--	0.544876	0.719269	1	0.54488	1
1	--	0.387768	1.151595	0	0.93265	2

test #71
2	--	0.201146	0.841902	1	0.20115	1
1	--	0.832053	0.409843	2	0.61099	2
2	--	0.445123	0.996333	1	1.05611	3
1	--	1.240216	1.745333	0	2.29633	4

test #72
2	--	0.323648	0.362955	1	0.32365	1
1	--	1.497416	0.635955	2	0.95961	2
2	--	0.505852	0.656583	1	1.46546	3
1	--	0.328104	1.37664	0	1.79356	4

test #73
2	--	0.73297	0.226713	3	0.22671	1
3	--	0.337165	0.322722	4	0.54943	2
4	--	0.098483	0.209141	3	0.64791	3
3	--	0.576877	0.169123	4	0.81703	4
4	--	0.326058	0.289634	5	1.10666	5
5	--	0.551386	0.294013	6	1.40067	6
6	--	0.197814	0.286057	5	1.59848	7
5	--	0.21042	0.414805	4	1.8089	8
4	--	0.304126	0.209799	5	2.0187	9
5	--	0.54829	0.369342	6	2.38804	10
6	--	0.160224	0.119573	7	2.50761	11
7	--	0.697182	0.2016	8	2.70921	12
8	--	0.884288	0.547694	9	3.2569	13
9	--	0.254658	0.831903	8	3.51156	14
8	--	0.827568	0.249492	9	3.76105	15
9	--	1.007839	1.017953	8	4.76889	16
8	--	0.606724	0.176473	9	4.94536	17
9	--	0.574619	0.416516	10	5.36188	18

test #74
2	--	0.906972	0.678666	3	0.67867	1
3	--	0.458131	0.314307	4	0.99298	2
4	--	0.136549	0.194235	3	1.12953	3
3	--	0.159199	0.181423	2	1.28873	4
2	--	0.307954	0.288469	3	1.5772	5
3	--	0.538834	0.222042	4	1.79924	6
4	--	0.30114	0.129819	5	1.92906	7
5	--	0.281487	0.265311	6	2.19437	8
6	--	0.512506	0.181325	7	2.37569	9
7	--	0.601418	0.172761	8	2.54845	10
8	--	0.366631	0.17226	9	2.72071	11
9	--	0.978606	0.842406	10	3.56312	12

test #75
2	--	0.553529	0.354397	3	0.3544	1
3	--	0.139057	0.327097	2	0.49346	2
2	--	0.201821	0.272526	1	0.69528	3
1	--	0.642807	0.539369	2	1.23465	4
2	--	0.88934	0.551244	3	1.78589	5
3	--	0.108391	0.228775	2	1.89428	6
2	--	0.293268	0.592843	1	2.18755	7
1	--	1.060341	0.437937	2	2.62549	8
2	--	0.196783	0.787378	1	2.82227	9
1	--	1.467545	0.875701	2	3.69797	10
2	--	0.299951	0.561396	1	3.99792	11
1	--	1.370653	0.772594	2	4.77051	12
2	--	0.386976	0.474005	1	5.15749	13
1	--	0.716753	1.071763	0	5.87424	14

test #76
2	--	0.391863	0.415359	1	0.39186	1
1	--	0.534358	0.941539	0	0.92622	2

test #77
2	--	0.850991	0.651326	3	0.65133	1
3	--	0.123329	0.568097	2	0.77466	2
2	--	0.919433	0.61872	3	1.39338	3
3	--	0.395733	0.124486	4	1.51787	4
4	--	0.498441	0.401233	5	1.9191	5
5	--	0.120252	0.125995	4	2.03935	6
4	--	0.395418	0.250672	5	2.29002	7
5	--	0.249216	0.616195	4	2.53924	8
4	--	0.138771	0.588845	3	2.67801	9
3	--	0.231085	0.306882	2	2.90909	10
2	--	0.903821	0.533861	3	3.44295	11
3	--	0.110834	0.272734	2	3.55378	12
2	--	0.718005	0.30694	3	3.86072	13
3	--	0.68157	0.496746	4	4.35747	14
4	--	0.2955	0.433486	3	4.65297	15
3	--	0.61367	0.202359	4	4.85533	16
4	--	0.372961	0.42419	3	5.22829	17
3	--	0.234354	0.276052	2	5.46264	18
2	--	0.812683	0.783745	3	6.24638	19
3	--	0.249468	0.548515	2	6.49585	20
2	--	0.226875	0.473213	1	6.72273	21
1	--	1.668527	0.821166	2	7.5439	22
2	--	0.534102	0.711843	1	8.078	23
1	--	1.072185	0.372779	2	8.45078	24
2	--	0.313271	0.198788	3	8.64957	25
3	--	0.117331	0.69299	2	8.7669	26
2	--	0.444312	0.631813	1	9.21121	27
1	--	0.78664	1.520903	0	9.99785	28

test #78
2	--	0.396303	0.835948	1	0.3963	1
1	--	1.159983	0.468825	2	0.86512	2
2	--	0.460765	0.199312	3	1.06443	3
3	--	0.369298	0.62564	2	1.43373	4
2	--	0.336693	0.712699	1	1.77042	5
1	--	0.945835	1.291661	0	2.71626	6

test #79
2	--	0.964155	0.636671	3	0.63667	1
3	--	0.669337	0.30116	4	0.93783	2
4	--	0.408913	0.160004	5	1.09783	3
5	--	0.24554	0.131519	6	1.22935	4
6	--	0.185681	0.435243	5	1.41503	5
5	--	0.398055	0.096524	6	1.51155	6
6	--	0.554537	0.240466	7	1.75202	7
7	--	0.309266	0.545822	6	2.06129	8
6	--	0.295224	0.301893	5	2.35651	9
5	--	0.219188	0.207052	6	2.56356	10
6	--	0.216484	0.593103	5	2.78004	11
5	--	0.128614	0.112372	6	2.89241	12
6	--	0.12868	0.367798	5	3.02109	13
5	--	0.289949	0.250917	6	3.27201	14
6	--	0.469246	0.344827	7	3.61684	15
7	--	0.264579	0.164553	8	3.78139	16
8	--	0.35076	0.373661	7	4.13215	17
7	--	0.259806	0.174863	8	4.30701	18
8	--	0.587262	0.242181	9	4.54919	19
9	--	0.629214	1.409542	8	5.1784	20
8	--	0.719903	0.832694	7	5.8983	21
7	--	0.445363	0.665899	6	6.34366	22
6	--	0.265441	0.43738	5	6.6091	23
5	--	0.259663	0.551315	4	6.86876	24
4	--	0.366079	0.14211	5	7.01087	25
5	--	0.163089	0.307301	4	7.17396	26
4	--	0.314267	0.208093	5	7.38205	27
5	--	0.261696	0.185335	6	7.56739	28
6	--	0.121186	0.204438	5	7.68858	29
5	--	0.544422	0.164766	6	7.85335	30
6	--	0.223944	0.561215	5	8.07729	31
5	--	0.594486	0.539684	6	8.61697	32
6	--	0.322908	0.113695	7	8.73067	33
7	--	0.484444	0.288583	8	9.01925	34
8	--	0.40302	0.285245	9	9.3045	35
9	--	1.038022	1.142757	8	10.34252	36
8	--	0.942183	0.536537	9	10.87906	37
9	--	0.462375	0.834942	8	11.34144	38
8	--	0.471753	0.279933	9	11.62137	39
9	--	1.405079	0.651533	10	12.2729	40

test #80
2	--	0.43085	0.37033	3	0.37033	1
3	--	0.478018	0.240031	4	0.61036	2
4	--	0.314304	0.323084	3	0.92466	3
3	--	0.487197	0.450936	4	1.3756	4
4	--	0.330772	0.5694	3	1.70637	5
3	--	0.612013	0.172402	4	1.87877	6
4	--	0.16239	0.165279	3	2.04116	7
3	--	0.435777	0.630402	2	2.47694	8
2	--	0.601681	0.16134	3	2.63828	9
3	--	0.453584	0.135993	4	2.77427	10
4	--	0.197808	0.215563	3	2.97208	11
3	--	0.24078	0.315461	2	3.21286	12
2	--	0.184626	0.370991	1	3.39749	13
1	--	1.036689	0.630518	2	4.02801	14
2	--	0.347358	0.961769	1	4.37537	15
1	--	0.339743	0.629117	0	4.71511	16

test #81
2	--	0.209403	0.585311	1	0.2094	1
1	--	0.733032	1.578638	0	0.94243	2

test #82
2	--	0.515291	0.750611	1	0.51529	1
1	--	0.811961	0.475767	2	0.99106	2
2	--	0.261311	0.711166	1	1.25237	3
1	--	0.507868	0.613385	0	1.76024	4

test #83
2	--	0.525732	0.659594	1	0.52573	1
1	--	0.670156	0.881458	0	1.19589	2

test #84
2	--	0.148686	0.219037	1	0.14869	1
1	--	0.86272	0.821481	2	0.97017	2
2	--	0.834723	0.718216	3	1.68839	3
3	--	0.466063	0.206835	4	1.89523	4
4	--	0.18597	0.470375	3	2.0812	5
3	--	0.164686	0.277663	2	2.24589	6
2	--	0.201506	0.224835	1	2.4474	7
1	--	0.801935	0.663351	2	3.11075	8
2	--	0.566339	0.248758	3	3.35951	9
3	--	0.212033	0.388155	2	3.57154	10
2	--	0.441538	0.480253	1	4.01308	11
1	--	0.385409	1.471734	0	4.39849	12

test #85
2	--	0.192058	0.290609	1	0.19206	1
1	--	1.121276	0.858894	2	1.05095	2
2	--	0.791901	0.652006	3	1.70296	3
3	--	0.358848	0.725811	2	2.06181	4
2	--	0.468839	0.924115	1	2.53065	5
1	--	0.490858	0.255927	2	2.78658	6
2	--	0.561404	0.808362	1	3.34798	7
1	--	0.332193	0.9735	0	3.68017	8

test #86
2	--	0.636068	0.49465	3	0.49465	1
3	--	0.199271	0.226202	2	0.69392	2
2	--	0.514413	0.954351	1	1.20833	3
1	--	0.771377	1.776382	0	1.97971	4

test #87
2	--	0.353121	0.709563	1	0.35312	1
1	--	0.663564	0.494974	2	0.84809	2
2	--	0.61071	0.196956	3	1.04505	3
3	--	0.275542	0.559753	2	1.32059	4
2	--	0.952504	0.718527	3	2.03912	5
3	--	0.114219	0.368229	2	2.15334	6
2	--	0.278049	0.30731	1	2.43139	7
1	--	0.447116	0.567104	0	2.87851	8

test #88
2	--	0.372159	0.432059	1	0.37216	1
1	--	0.644704	0.396763	2	0.76892	2
2	--	0.467651	0.216603	3	0.98552	3
3	--	0.491337	0.171958	4	1.15748	4
4	--	0.10896	0.347301	3	1.26644	5
3	--	0.529715	0.400665	4	1.6671	6
4	--	0.13897	0.111135	5	1.77824	7
5	--	0.558717	0.226016	6	2.00426	8
6	--	0.522998	0.134077	7	2.13834	9
7	--	0.423173	0.351874	8	2.49021	10
8	--	0.923561	0.787544	9	3.27775	11
9	--	0.900509	1.225864	8	4.17826	12
8	--	0.180021	0.221596	7	4.35828	13
7	--	0.233442	0.524238	6	4.59172	14
6	--	0.331564	0.595211	5	4.92328	15
5	--	0.24957	0.200056	6	5.12334	16
6	--	0.669211	0.355094	7	5.47843	17
7	--	0.506965	0.162528	8	5.64096	18
8	--	0.575377	0.17632	9	5.81728	19
9	--	1.761529	1.221275	10	7.03856	20

test #89
2	--	0.385827	0.439571	1	0.38583	1
1	--	1.15532	1.608462	0	1.54115	2

test #90
2	--	0.356692	0.259868	3	0.25987	1
3	--	0.191399	0.436353	2	0.45127	2
2	--	0.717581	0.88849	1	1.16885	3
1	--	0.482555	0.441566	2	1.61042	4
2	--	0.177301	0.686993	1	1.78772	5
1	--	0.344506	0.62601	0	2.13223	6

test #91
2	--	0.902257	0.16334	3	0.16334	1
3	--	0.563302	0.148147	4	0.31149	2
4	--	0.320246	0.194781	5	0.50627	3
5	--	0.194856	0.269422	4	0.70113	4
4	--	0.316127	0.322157	3	1.01726	5
3	--	0.750008	0.741152	4	1.75841	6
4	--	0.156474	0.622474	3	1.91488	7
3	--	0.308898	0.653792	2	2.22378	8
2	--	0.794206	0.301823	3	2.5256	9
3	--	0.613409	0.247373	4	2.77297	10
4	--	0.13344	0.122213	5	2.89518	11
5	--	0.552405	0.154284	6	3.04946	12
6	--	0.246734	0.631482	5	3.29619	13
5	--	0.122692	0.37305	4	3.41888	14
4	--	0.108051	0.123076	3	3.52693	15
3	--	0.216197	0.278889	2	3.74313	16
2	--	0.555884	0.733541	1	4.29901	17
1	--	0.325237	0.335836	0	4.62425	18

test #92
2	--	0.460091	0.556711	1	0.46009	1
1	--	0.662347	0.7834	0	1.12244	2

test #93
2	--	0.706415	0.477275	3	0.47728	1
3	--	0.230844	0.496378	2	0.70812	2
2	--	0.381899	0.859989	1	1.09002	3
1	--	0.297276	0.65719	0	1.3873	4

test #94
2	--	0.559579	0.37585	3	0.37585	1
3	--	0.672686	0.210979	4	0.58683	2
4	--	0.372071	0.560967	3	0.9589	3
3	--	0.143452	0.133009	4	1.09191	4
4	--	0.107619	0.421665	3	1.19953	5
3	--	0.552616	0.193291	4	1.39282	6
4	--	0.601458	0.152119	5	1.54494	7
5	--	0.37349	0.606339	4	1.91843	8
4	--	0.158405	0.238958	3	2.07683	9
3	--	0.381965	0.139263	4	2.21609	10
4	--	0.420479	0.529492	3	2.63657	11
3	--	0.700107	0.161396	4	2.79797	12
4	--	0.133108	0.123011	5	2.92098	13
5	--	0.168201	0.159082	6	3.08006	14
6	--	0.107492	0.597645	5	3.18755	15
5	--	0.501639	0.627005	4	3.68919	16
4	--	0.573077	0.437635	5	4.12683	17
5	--	0.179631	0.191167	4	4.30646	18
4	--	0.382522	0.483251	3	4.68898	19
3	--	0.433878	0.264058	4	4.95304	20
4	--	0.324883	0.248051	5	5.20109	21
5	--	0.310956	0.133236	6	5.33433	22
6	--	0.142591	0.378081	5	5.47692	23
5	--	0.297637	0.530305	4	5.77456	24
4	--	0.376867	0.423746	3	6.15143	25
3	--	0.470738	0.532572	2	6.62217	26
2	--	0.199576	0.80216	1	6.82175	27
1	--	0.34502	1.765976	0	7.16677	28

test #95
2	--	0.327675	0.417177	1	0.32768	1
1	--	0.893667	0.373494	2	0.70117	2
2	--	0.18174	0.6512	1	0.88291	3
1	--	1.058814	0.3279	2	1.21081	4
2	--	0.154119	0.270206	1	1.36493	5
1	--	1.425704	1.050638	2	2.41557	6
2	--	0.488952	0.402972	3	2.81854	7
3	--	0.287152	0.447329	2	3.10569	8
2	--	0.81538	0.801501	3	3.90719	9
3	--	0.227348	0.17224	4	4.07943	10
4	--	0.309362	0.209987	5	4.28942	11
5	--	0.11283	0.431147	4	4.40225	12
4	--	0.586376	0.454478	5	4.85673	13
5	--	0.275864	0.209596	6	5.06633	14
6	--	0.292023	0.189347	7	5.25568	15
7	--	0.519857	0.751695	6	5.77554	16
6	--	0.294027	0.360108	5	6.06957	17
5	--	0.125868	0.317773	4	6.19544	18
4	--	0.213788	0.148297	5	6.34374	19
5	--	0.227081	0.422545	4	6.57082	20
4	--	0.348978	0.468576	3	6.9198	21
3	--	0.749991	0.507877	4	7.42768	22
4	--	0.629175	0.207447	5	7.63513	23
5	--	0.513548	0.233823	6	7.86895	24
6	--	0.636214	0.468245	7	8.33719	25
7	--	0.399082	0.227507	8	8.5647	26
8	--	0.575594	0.956689	7	9.14029	27
7	--	0.517129	0.400372	8	9.54066	28
8	--	0.591384	0.604141	7	10.13204	29
7	--	0.665939	0.689942	6	10.79798	30
6	--	0.100647	0.118946	5	10.89863	31
5	--	0.493854	0.506615	4	11.39248	32
4	--	0.60059	0.348227	5	11.74071	33
5	--	0.593972	0.160909	6	11.90162	34
6	--	0.415793	0.210361	7	12.11198	35
7	--	0.117569	0.139294	6	12.22955	36
6	--	0.298394	0.32985	5	12.52794	37
5	--	0.185274	0.293682	4	12.71321	38
4	--	0.285579	0.408868	3	12.99879	39
3	--	0.585254	0.394963	4	13.39375	40
4	--	0.360667	0.348803	5	13.74255	41
5	--	0.431019	0.310602	6	14.05315	42
6	--	0.244751	0.424095	5	14.2979	43
5	--	0.129795	0.242511	4	14.4277	44
4	--	0.244831	0.145412	5	14.57311	45
5	--	0.181367	0.384711	4	14.75448	46
4	--	0.397309	0.415563	3	15.15179	47
3	--	0.158101	0.562878	2	15.30989	48
2	--	0.415071	0.671676	1	15.72496	49
1	--	0.961174	0.815395	2	16.54036	50
2	--	0.524594	0.76847	1	17.06495	51
1	--	0.266971	0.58103	0	17.33192	52

test #96
2	--	0.143693	0.98552	1	0.14369	1
1	--	1.383901	1.136699	2	1.28039	2
2	--	0.339664	0.38961	1	1.62005	3
1	--	0.496202	0.454416	2	2.07447	4
2	--	0.567396	0.667664	1	2.64187	5
1	--	1.660387	1.415806	2	4.05768	6
2	--	0.165486	0.36976	1	4.22317	7
1	--	1.296634	0.448834	2	4.672	8
2	--	0.396727	0.660157	1	5.06873	9
1	--	0.611712	0.49901	2	5.56774	10
2	--	0.719203	0.442295	3	6.01004	11
3	--	0.536667	0.158562	4	6.1686	12
4	--	0.176394	0.656856	3	6.34499	13
3	--	0.538407	0.499849	4	6.84484	14
4	--	0.418421	0.194615	5	7.03946	15
5	--	0.499595	0.439409	6	7.47887	16
6	--	0.239872	0.267769	5	7.71874	17
5	--	0.450794	0.136084	6	7.85482	18
6	--	0.235558	0.606878	5	8.09038	19
5	--	0.258976	0.435809	4	8.34936	20
4	--	0.380819	0.191999	5	8.54136	21
5	--	0.227426	0.294409	4	8.76879	22
4	--	0.381884	0.155883	5	8.92467	23
5	--	0.633645	0.18026	6	9.10493	24
6	--	0.659133	0.391007	7	9.49594	25
7	--	0.158975	0.426816	6	9.65492	26
6	--	0.509134	0.324887	7	9.97981	27
7	--	0.55174	0.495067	8	10.47488	28
8	--	0.893623	0.68605	9	11.16093	29
9	--	1.033136	0.466302	10	11.62723	30

test #97
2	--	0.461348	0.804864	1	0.46135	1
1	--	0.46704	0.567944	0	0.92839	2

test #98
2	--	0.21689	0.836098	1	0.21689	1
1	--	1.690574	1.17525	2	1.39214	2
2	--	0.192952	0.16838	3	1.56052	3
3	--	0.395334	0.362883	4	1.9234	4
4	--	0.183283	0.31122	3	2.10668	5
3	--	0.731283	0.605603	4	2.71228	6
4	--	0.432123	0.213961	5	2.92624	7
5	--	0.413367	0.378269	6	3.30451	8
6	--	0.383231	0.553383	5	3.68774	9
5	--	0.126015	0.489533	4	3.81375	10
4	--	0.366069	0.306062	5	4.11981	11
5	--	0.380717	0.09569	6	4.2155	12
6	--	0.21618	0.607276	5	4.43168	13
5	--	0.143167	0.241217	4	4.57485	14
4	--	0.266077	0.155855	5	4.73071	15
5	--	0.232297	0.56193	4	4.96301	16
4	--	0.373825	0.169232	5	5.13224	17
5	--	0.284947	0.10298	6	5.23522	18
6	--	0.358268	0.235207	7	5.47043	19
7	--	0.169042	0.165094	8	5.63552	20
8	--	0.623522	0.421579	9	6.0571	21
9	--	0.595949	0.285233	10	6.34233	22

test #99
2	--	0.151346	0.867188	1	0.15135	1
1	--	0.544422	1.680604	0	0.69577	2
