start i C()	t_left		t_right 	New i	Total time generation

test #0
4	--	0.297677	0.462426	3	0.29768	1
3	--	0.759268	0.121041	4	0.41872	2
4	--	0.389633	0.19417	5	0.61289	3
5	--	0.431651	0.460857	4	1.04454	4
4	--	0.608318	0.305192	5	1.34973	5
5	--	0.401238	0.56349	4	1.75097	6
4	--	0.167987	0.132473	5	1.88344	7
5	--	0.352992	0.1031	6	1.98654	8
6	--	0.390193	0.257454	7	2.24399	9
7	--	0.196586	0.223942	6	2.44058	10
6	--	0.106167	0.355799	5	2.54675	11
5	--	0.23465	0.231223	6	2.77797	12
6	--	0.562651	0.375313	7	3.15328	13
7	--	0.513345	0.503916	8	3.6572	14
8	--	0.356662	0.172373	9	3.82957	15
9	--	1.231539	1.735265	8	5.06111	16
8	--	0.534467	0.350827	9	5.41194	17
9	--	1.769563	0.962697	10	6.37464	18

test #1
4	--	0.159981	0.640454	3	0.15998	1
3	--	0.271619	0.171393	4	0.33137	2
4	--	0.138562	0.423466	3	0.46993	3
3	--	0.687491	0.267798	4	0.73773	4
4	--	0.577959	0.100976	5	0.83871	5
5	--	0.182995	0.225791	4	1.02171	6
4	--	0.269141	0.398095	3	1.29085	7
3	--	0.22898	0.328601	2	1.51983	8
2	--	0.883158	0.554583	3	2.07441	9
3	--	0.257866	0.749305	2	2.33228	10
2	--	0.528941	0.149802	3	2.48208	11
3	--	0.304625	0.181752	4	2.66383	12
4	--	0.296671	0.280145	5	2.94397	13
5	--	0.366855	0.347096	6	3.29107	14
6	--	0.118322	0.646353	5	3.40939	15
5	--	0.16019	0.213845	4	3.56958	16
4	--	0.45173	0.143927	5	3.71351	17
5	--	0.42628	0.111148	6	3.82466	18
6	--	0.311498	0.214618	7	4.03928	19
7	--	0.317919	0.451702	6	4.3572	20
6	--	0.465987	0.155079	7	4.51228	21
7	--	0.633714	0.549903	8	5.06218	22
8	--	0.154306	0.684579	7	5.21649	23
7	--	0.225524	0.440384	6	5.44201	24
6	--	0.276268	0.35497	5	5.71828	25
5	--	0.520271	0.448291	6	6.16657	26
6	--	0.192434	0.576247	5	6.359	27
5	--	0.093426	0.392955	4	6.45243	28
4	--	0.190074	0.608065	3	6.6425	29
3	--	0.163932	0.34822	2	6.80643	30
2	--	0.971687	0.788168	3	7.5946	31
3	--	0.665169	0.226345	4	7.82094	32
4	--	0.096564	0.093391	5	7.91433	33
5	--	0.564105	0.144493	6	8.05882	34
6	--	0.208032	0.206844	7	8.26566	35
7	--	0.125648	0.279984	6	8.39131	36
6	--	0.3163	0.168388	7	8.5597	37
7	--	0.245953	0.113651	8	8.67335	38
8	--	0.393509	0.27194	9	8.94529	39
9	--	1.21964	0.88615	10	9.83144	40

test #2
4	--	0.093773	0.658566	3	0.09377	1
3	--	0.373131	0.127075	4	0.22085	2
4	--	0.47599	0.655752	3	0.69684	3
3	--	0.360742	0.200727	4	0.89757	4
4	--	0.354844	0.31363	5	1.2112	5
5	--	0.193458	0.196112	4	1.40466	6
4	--	0.226713	0.441532	3	1.63137	7
3	--	0.598616	0.148816	4	1.78019	8
4	--	0.503592	0.273541	5	2.05373	9
5	--	0.394127	0.225149	6	2.27888	10
6	--	0.121857	0.550278	5	2.40074	11
5	--	0.177579	0.632161	4	2.57832	12
4	--	0.363436	0.1768	5	2.75512	13
5	--	0.130497	0.224813	4	2.88562	14
4	--	0.239048	0.411783	3	3.12467	15
3	--	0.201023	0.677625	2	3.32569	16
2	--	0.749458	0.309738	3	3.63543	17
3	--	0.209296	0.152277	4	3.78771	18
4	--	0.248824	0.193879	5	3.98159	19
5	--	0.413672	0.099466	6	4.08106	20
6	--	0.474651	0.564225	5	4.55571	21
5	--	0.251586	0.604099	4	4.8073	22
4	--	0.133744	0.630611	3	4.94104	23
3	--	0.422038	0.349142	4	5.29018	24
4	--	0.20006	0.499581	3	5.49024	25
3	--	0.425193	0.17366	4	5.6639	26
4	--	0.527931	0.097846	5	5.76175	27
5	--	0.416219	0.139044	6	5.90079	28
6	--	0.112937	0.384199	5	6.01373	29
5	--	0.404497	0.32334	6	6.33707	30
6	--	0.147157	0.363404	5	6.48423	31
5	--	0.102518	0.245256	4	6.58675	32
4	--	0.368189	0.661676	3	6.95494	33
3	--	0.335358	0.13696	4	7.0919	34
4	--	0.186762	0.545258	3	7.27866	35
3	--	0.163098	0.468035	2	7.44176	36
2	--	0.196291	0.694293	1	7.63805	37
1	--	0.447251	0.490443	0	8.0853	38

test #3
4	--	0.341171	0.235265	5	0.23526	1
5	--	0.161318	0.214781	4	0.39658	2
4	--	0.149637	0.555169	3	0.54622	3
3	--	0.118999	0.536159	2	0.66522	4
2	--	0.967431	0.367266	3	1.03249	5
3	--	0.326327	0.211178	4	1.24367	6
4	--	0.106671	0.599205	3	1.35034	7
3	--	0.410409	0.598454	2	1.76075	8
2	--	0.620442	0.664033	1	2.38119	9
1	--	1.336672	0.556217	2	2.93741	10
2	--	0.429905	0.311355	3	3.24877	11
3	--	0.164828	0.250869	2	3.4136	12
2	--	0.327423	0.79249	1	3.74102	13
1	--	0.351743	0.68384	0	4.09276	14

test #4
4	--	0.265063	0.195403	5	0.1954	1
5	--	0.15506	0.242503	4	0.35046	2
4	--	0.458876	0.217515	5	0.56798	3
5	--	0.119523	0.293169	4	0.6875	4
4	--	0.264407	0.323485	3	0.95191	5
3	--	0.675803	0.170526	4	1.12244	6
4	--	0.197011	0.52261	3	1.31945	7
3	--	0.215067	0.231922	2	1.53452	8
2	--	0.436943	0.371045	3	1.90556	9
3	--	0.185495	0.115521	4	2.02108	10
4	--	0.64136	0.342745	5	2.36382	11
5	--	0.586951	0.407365	6	2.77118	12
6	--	0.244348	0.26207	5	3.01553	13
5	--	0.325798	0.250275	6	3.26581	14
6	--	0.453534	0.261605	7	3.52741	15
7	--	0.283069	0.48053	6	3.81048	16
6	--	0.503944	0.29989	7	4.11037	17
7	--	0.190412	0.527732	6	4.30078	18
6	--	0.206263	0.3833	5	4.50704	19
5	--	0.183941	0.211016	4	4.69098	20
4	--	0.633999	0.411209	5	5.10219	21
5	--	0.639658	0.183508	6	5.2857	22
6	--	0.110486	0.106075	7	5.39178	23
7	--	0.400104	0.142587	8	5.53437	24
8	--	0.202331	0.975523	7	5.7367	25
7	--	0.503905	0.120694	8	5.85739	26
8	--	0.668983	0.94631	7	6.52637	27
7	--	0.163412	0.253815	6	6.68978	28
6	--	0.279922	0.53313	5	6.9697	29
5	--	0.201829	0.210324	4	7.17153	30
4	--	0.256488	0.235884	5	7.40741	31
5	--	0.53429	0.414044	6	7.82145	32
6	--	0.213762	0.600739	5	8.03521	33
5	--	0.137436	0.28068	4	8.17265	34
4	--	0.209747	0.478724	3	8.3824	35
3	--	0.411153	0.142656	4	8.52506	36
4	--	0.113286	0.192158	3	8.63835	37
3	--	0.403038	0.410593	2	9.04139	38
2	--	0.852648	0.591601	3	9.63299	39
3	--	0.162309	0.135204	4	9.76819	40
4	--	0.565141	0.413201	5	10.18139	41
5	--	0.170609	0.222207	4	10.352	42
4	--	0.450353	0.603453	3	10.80235	43
3	--	0.335792	0.48781	2	11.13814	44
2	--	0.181165	0.633876	1	11.3193	45
1	--	0.471231	1.592077	0	11.79053	46

test #5
4	--	0.186142	0.38757	3	0.18614	1
3	--	0.573942	0.118168	4	0.30431	2
4	--	0.137567	0.406445	3	0.44188	3
3	--	0.10883	0.529697	2	0.55071	4
2	--	0.348137	0.54287	1	0.89885	5
1	--	0.458718	1.374596	0	1.35757	6

test #6
4	--	0.213114	0.201182	5	0.20118	1
5	--	0.317989	0.501036	4	0.51917	2
4	--	0.271142	0.399548	3	0.79031	3
3	--	0.148379	0.383122	2	0.93869	4
2	--	0.942823	0.364185	3	1.30287	5
3	--	0.122308	0.722494	2	1.42518	6
2	--	0.376188	0.148823	3	1.574	7
3	--	0.175665	0.38989	2	1.74966	8
2	--	0.196492	0.262663	1	1.94615	9
1	--	0.677435	0.391769	2	2.33792	10
2	--	0.153564	0.229563	1	2.49148	11
1	--	1.305391	0.500881	2	2.99236	12
2	--	0.625987	0.230907	3	3.22327	13
3	--	0.701732	0.382452	4	3.60572	14
4	--	0.473527	0.195791	5	3.80151	15
5	--	0.249057	0.572223	4	4.05057	16
4	--	0.150324	0.37256	3	4.20089	17
3	--	0.732214	0.263498	4	4.46439	18
4	--	0.318017	0.335804	3	4.78241	19
3	--	0.474081	0.150689	4	4.9331	20
4	--	0.141356	0.098398	5	5.0315	21
5	--	0.240944	0.427097	4	5.27244	22
4	--	0.442113	0.189765	5	5.4622	23
5	--	0.336843	0.412765	4	5.79904	24
4	--	0.530487	0.395013	5	6.19405	25
5	--	0.169413	0.183803	4	6.36346	26
4	--	0.563536	0.243189	5	6.60665	27
5	--	0.176787	0.186688	4	6.78344	28
4	--	0.567479	0.379288	5	7.16273	29
5	--	0.255672	0.324783	4	7.4184	30
4	--	0.471449	0.382233	5	7.80063	31
5	--	0.539903	0.153636	6	7.95427	32
6	--	0.158693	0.235069	5	8.11296	33
5	--	0.212979	0.5972	4	8.32594	34
4	--	0.351005	0.420113	3	8.67694	35
3	--	0.232067	0.360584	2	8.90901	36
2	--	0.295415	0.334605	1	9.20443	37
1	--	0.622455	1.471694	0	9.82689	38

test #7
4	--	0.428091	0.474975	3	0.42809	1
3	--	0.198153	0.605288	2	0.62624	2
2	--	0.987645	0.187028	3	0.81327	3
3	--	0.734992	0.25274	4	1.06601	4
4	--	0.373997	0.362538	5	1.42855	5
5	--	0.532198	0.127634	6	1.55618	6
6	--	0.093299	0.106805	5	1.64948	7
5	--	0.189426	0.347287	4	1.83891	8
4	--	0.128945	0.378604	3	1.96785	9
3	--	0.528283	0.377218	4	2.34507	10
4	--	0.352428	0.128516	5	2.47359	11
5	--	0.149086	0.094337	6	2.56793	12
6	--	0.443278	0.161034	7	2.72896	13
7	--	0.700715	0.607664	8	3.33662	14
8	--	0.81115	0.75907	9	4.09569	15
9	--	0.553276	0.686361	8	4.64897	16
8	--	0.605556	0.543256	9	5.19223	17
9	--	1.241191	0.434952	10	5.62718	18

test #8
4	--	0.580361	0.257819	5	0.25782	1
5	--	0.090818	0.109653	4	0.34864	2
4	--	0.289765	0.325629	3	0.6384	3
3	--	0.586421	0.416288	4	1.05469	4
4	--	0.346753	0.538889	3	1.40144	5
3	--	0.299678	0.365855	2	1.70112	6
2	--	0.199686	0.230734	1	1.90081	7
1	--	0.587562	0.487709	2	2.38852	8
2	--	0.563889	0.332332	3	2.72085	9
3	--	0.562003	0.263306	4	2.98416	10
4	--	0.194986	0.103167	5	3.08733	11
5	--	0.150749	0.140093	6	3.22742	12
6	--	0.156366	0.657928	5	3.38379	13
5	--	0.126911	0.175818	4	3.5107	14
4	--	0.103865	0.102249	5	3.61295	15
5	--	0.290879	0.221317	6	3.83427	16
6	--	0.277617	0.252131	7	4.0864	17
7	--	0.253521	0.32646	6	4.33992	18
6	--	0.468686	0.279848	7	4.61977	19
7	--	0.329237	0.730773	6	4.94901	20
6	--	0.180172	0.295017	5	5.12918	21
5	--	0.476976	0.43403	6	5.56321	22
6	--	0.464325	0.225666	7	5.78888	23
7	--	0.615634	0.211747	8	6.00063	24
8	--	0.168594	0.927924	7	6.16922	25
7	--	0.158705	0.735715	6	6.32793	26
6	--	0.339903	0.281757	7	6.60969	27
7	--	0.697022	0.230683	8	6.84037	28
8	--	0.32239	0.33042	7	7.16276	29
7	--	0.666792	0.177855	8	7.34062	30
8	--	0.85729	0.297551	9	7.63817	31
9	--	1.593715	0.500934	10	8.1391	32

test #9
4	--	0.179062	0.646357	3	0.17906	1
3	--	0.412974	0.536716	2	0.59203	2
2	--	0.735572	0.305452	3	0.89748	3
3	--	0.181813	0.476204	2	1.07929	4
2	--	0.686237	0.806481	1	1.76553	5
1	--	0.74279	0.719378	2	2.48491	6
2	--	0.942357	0.826599	3	3.31151	7
3	--	0.259895	0.154953	4	3.46646	8
4	--	0.095957	0.121342	3	3.56242	9
3	--	0.289213	0.201154	4	3.76357	10
4	--	0.148662	0.201912	3	3.91223	11
3	--	0.674823	0.122227	4	4.03446	12
4	--	0.161116	0.149558	5	4.18402	13
5	--	0.355022	0.357132	4	4.53904	14
4	--	0.416098	0.30534	5	4.84438	15
5	--	0.627008	0.117436	6	4.96182	16
6	--	0.481185	0.181022	7	5.14284	17
7	--	0.492228	0.188604	8	5.33144	18
8	--	0.194756	0.482387	7	5.5262	19
7	--	0.448035	0.644783	6	5.97424	20
6	--	0.110815	0.209809	5	6.08506	21
5	--	0.38673	0.126071	6	6.21113	22
6	--	0.197846	0.378008	5	6.40898	23
5	--	0.106852	0.096741	6	6.50572	24
6	--	0.388696	0.143328	7	6.64905	25
7	--	0.405146	0.112404	8	6.76145	26
8	--	0.262525	0.194036	9	6.95549	27
9	--	0.356334	0.322166	10	7.27766	28

test #10
4	--	0.492272	0.396585	5	0.39658	1
5	--	0.334653	0.224052	6	0.62063	2
6	--	0.663883	0.533787	7	1.15442	3
7	--	0.20832	0.232795	6	1.36274	4
6	--	0.272484	0.347737	5	1.63522	5
5	--	0.217288	0.520315	4	1.85251	6
4	--	0.200272	0.166377	5	2.01889	7
5	--	0.11856	0.209228	4	2.13745	8
4	--	0.197374	0.282043	3	2.33482	9
3	--	0.518994	0.301615	4	2.63644	10
4	--	0.2364	0.5203	3	2.87284	11
3	--	0.379153	0.195506	4	3.06835	12
4	--	0.491209	0.420705	5	3.48905	13
5	--	0.435097	0.334558	6	3.82361	14
6	--	0.354298	0.518401	5	4.17791	15
5	--	0.487454	0.476128	6	4.65404	16
6	--	0.459889	0.217424	7	4.87146	17
7	--	0.221268	0.368712	6	5.09273	18
6	--	0.195034	0.125586	7	5.21832	19
7	--	0.686147	0.176193	8	5.39451	20
8	--	0.230021	0.506212	7	5.62453	21
7	--	0.113052	0.137869	6	5.73758	22
6	--	0.208586	0.428624	5	5.94617	23
5	--	0.333986	0.220825	6	6.16699	24
6	--	0.547252	0.235692	7	6.40268	25
7	--	0.148786	0.270709	6	6.55147	26
6	--	0.284545	0.51224	5	6.83601	27
5	--	0.573543	0.438412	6	7.27442	28
6	--	0.530701	0.158882	7	7.4333	29
7	--	0.240822	0.439711	6	7.67412	30
6	--	0.513824	0.114742	7	7.78886	31
7	--	0.403863	0.435249	6	8.19272	32
6	--	0.19173	0.295553	5	8.38445	33
5	--	0.439264	0.625341	4	8.82371	34
4	--	0.28838	0.376999	3	9.11209	35
3	--	0.493128	0.281881	4	9.39397	36
4	--	0.352903	0.1468	5	9.54077	37
5	--	0.182858	0.107621	6	9.64839	38
6	--	0.430056	0.093061	7	9.74145	39
7	--	0.249905	0.387253	6	9.99135	40
6	--	0.26761	0.461033	5	10.25896	41
5	--	0.104965	0.162581	4	10.36392	42
4	--	0.307685	0.548025	3	10.6716	43
3	--	0.266946	0.256275	4	10.92787	44
4	--	0.114592	0.338963	3	11.04246	45
3	--	0.315594	0.23954	4	11.282	46
4	--	0.349569	0.167843	5	11.44984	47
5	--	0.102497	0.364859	4	11.55234	48
4	--	0.505369	0.392521	5	11.94486	49
5	--	0.152631	0.262325	4	12.09749	50
4	--	0.210949	0.612309	3	12.30844	51
3	--	0.459805	0.610352	2	12.76824	52
2	--	0.393452	0.751298	1	13.16169	53
1	--	1.249838	0.352262	2	13.51395	54
2	--	0.314429	0.587159	1	13.82838	55
1	--	0.322484	0.97258	0	14.15086	56

test #11
4	--	0.104099	0.628178	3	0.1041	1
3	--	0.20524	0.161138	4	0.26524	2
4	--	0.155137	0.405401	3	0.42038	3
3	--	0.674426	0.268808	4	0.68919	4
4	--	0.173797	0.156711	5	0.8459	5
5	--	0.521518	0.158199	6	1.0041	6
6	--	0.105442	0.386107	5	1.10954	7
5	--	0.409243	0.138632	6	1.24817	8
6	--	0.372671	0.448227	5	1.62084	9
5	--	0.406985	0.26168	6	1.88252	10
6	--	0.19041	0.1481	7	2.03062	11
7	--	0.3731	0.198941	8	2.22956	12
8	--	0.663597	0.483096	9	2.71266	13
9	--	1.548066	1.730028	8	4.26073	14
8	--	0.322327	0.653405	7	4.58306	15
7	--	0.626797	0.670265	6	5.20986	16
6	--	0.317842	0.473464	5	5.5277	17
5	--	0.388901	0.297737	6	5.82544	18
6	--	0.316398	0.566415	5	6.14184	19
5	--	0.526589	0.379972	6	6.52181	20
6	--	0.105015	0.217011	5	6.62683	21
5	--	0.230026	0.394424	4	6.85686	22
4	--	0.501739	0.461748	5	7.31861	23
5	--	0.326279	0.161924	6	7.48053	24
6	--	0.094283	0.255724	5	7.57481	25
5	--	0.313849	0.469342	4	7.88866	26
4	--	0.62012	0.443056	5	8.33172	27
5	--	0.59598	0.580682	6	8.9124	28
6	--	0.480017	0.376988	7	9.28939	29
7	--	0.139686	0.347694	6	9.42908	30
6	--	0.422235	0.208289	7	9.63737	31
7	--	0.422044	0.195948	8	9.83332	32
8	--	0.323123	0.279836	9	10.11316	33
9	--	0.35472	1.19291	8	10.46788	34
8	--	0.725491	0.318115	9	10.78599	35
9	--	0.404789	0.601844	8	11.19078	36
8	--	0.682347	0.787247	7	11.87313	37
7	--	0.302984	0.41511	6	12.17611	38
6	--	0.580975	0.302668	7	12.47878	39
7	--	0.415868	0.677347	6	12.89465	40
6	--	0.34799	0.631002	5	13.24264	41
5	--	0.383378	0.524492	4	13.62602	42
4	--	0.616752	0.158253	5	13.78427	43
5	--	0.578378	0.187348	6	13.97162	44
6	--	0.664978	0.40506	7	14.37668	45
7	--	0.439942	0.36243	8	14.73911	46
8	--	0.251124	0.183493	9	14.9226	47
9	--	1.223292	0.794314	10	15.71691	48

test #12
4	--	0.429877	0.415258	5	0.41526	1
5	--	0.521089	0.090657	6	0.50592	2
6	--	0.259003	0.47681	5	0.76492	3
5	--	0.530505	0.457369	6	1.22229	4
6	--	0.409765	0.531694	5	1.63205	5
5	--	0.624751	0.131039	6	1.76309	6
6	--	0.232188	0.423802	5	1.99528	7
5	--	0.128031	0.228847	4	2.12331	8
4	--	0.222412	0.579372	3	2.34572	9
3	--	0.176095	0.58953	2	2.52182	10
2	--	0.704204	0.57197	3	3.09379	11
3	--	0.565439	0.395989	4	3.48978	12
4	--	0.297749	0.111328	5	3.60111	13
5	--	0.411508	0.437133	4	4.01262	14
4	--	0.290915	0.414355	3	4.30353	15
3	--	0.407319	0.187612	4	4.49114	16
4	--	0.309884	0.230219	5	4.72136	17
5	--	0.094844	0.63345	4	4.8162	18
4	--	0.238892	0.508236	3	5.05509	19
3	--	0.532174	0.580094	2	5.58726	20
2	--	0.658407	0.183597	3	5.77086	21
3	--	0.152335	0.611295	2	5.9232	22
2	--	0.236661	0.788446	1	6.15986	23
1	--	0.329209	1.34243	0	6.48907	24

test #13
4	--	0.112943	0.181156	3	0.11294	1
3	--	0.15002	0.217729	2	0.26296	2
2	--	0.268576	0.738291	1	0.53154	3
1	--	0.691024	1.686439	0	1.22256	4

test #14
4	--	0.243784	0.369176	3	0.24378	1
3	--	0.231738	0.240191	2	0.47552	2
2	--	0.804093	0.694425	3	1.16994	3
3	--	0.337352	0.753468	2	1.50729	4
2	--	0.25794	0.163854	3	1.67114	5
3	--	0.177928	0.275006	2	1.84907	6
2	--	0.636274	0.145729	3	1.9948	7
3	--	0.727241	0.123456	4	2.11826	8
4	--	0.187056	0.432441	3	2.30532	9
3	--	0.140818	0.171522	2	2.44614	10
2	--	0.260333	0.423807	1	2.70647	11
1	--	1.557569	0.550965	2	3.25744	12
2	--	0.707463	0.203337	3	3.46078	13
3	--	0.522055	0.131937	4	3.59272	14
4	--	0.649253	0.131028	5	3.72375	15
5	--	0.39171	0.627064	4	4.11546	16
4	--	0.24335	0.142822	5	4.25828	17
5	--	0.249822	0.511834	4	4.5081	18
4	--	0.148802	0.328408	3	4.6569	19
3	--	0.37166	0.221579	4	4.87848	20
4	--	0.305454	0.425519	3	5.18393	21
3	--	0.163587	0.265371	2	5.34752	22
2	--	0.790897	0.794587	1	6.13842	23
1	--	0.433463	1.585592	0	6.57188	24

test #15
4	--	0.429664	0.094884	5	0.09488	1
5	--	0.254909	0.146015	6	0.2409	2
6	--	0.639019	0.53698	7	0.77788	3
7	--	0.558166	0.487335	8	1.26522	4
8	--	0.568558	0.346426	9	1.61165	5
9	--	1.71612	0.854399	10	2.46605	6

test #16
4	--	0.409178	0.105964	5	0.10596	1
5	--	0.316878	0.546749	4	0.42284	2
4	--	0.370826	0.163886	5	0.58673	3
5	--	0.136537	0.154092	4	0.72327	4
4	--	0.33597	0.512507	3	1.05924	5
3	--	0.167633	0.227921	2	1.22687	6
2	--	0.195902	0.471786	1	1.42277	7
1	--	1.383087	0.690251	2	2.11302	8
2	--	0.923711	0.228931	3	2.34195	9
3	--	0.284407	0.148384	4	2.49033	10
4	--	0.113227	0.598355	3	2.60356	11
3	--	0.288553	0.575505	2	2.89211	12
2	--	0.157489	0.491352	1	3.0496	13
1	--	0.277488	0.63764	0	3.32709	14

test #17
4	--	0.187091	0.631332	3	0.18709	1
3	--	0.315323	0.47224	2	0.50241	2
2	--	0.590938	0.446111	3	0.94852	3
3	--	0.17346	0.276538	2	1.12198	4
2	--	0.291096	0.282871	3	1.40485	5
3	--	0.310211	0.231407	4	1.63626	6
4	--	0.501406	0.340052	5	1.97631	7
5	--	0.304792	0.419817	4	2.2811	8
4	--	0.123076	0.134321	3	2.40418	9
3	--	0.160225	0.623446	2	2.5644	10
2	--	0.236876	0.375294	1	2.80128	11
1	--	1.629008	0.433909	2	3.23519	12
2	--	0.214306	0.329233	1	3.4495	13
1	--	1.158106	1.100553	2	4.55005	14
2	--	0.3762	0.922616	1	4.92625	15
1	--	0.531569	0.431657	2	5.35791	16
2	--	0.164698	0.164904	1	5.52261	17
1	--	1.495128	0.38949	2	5.9121	18
2	--	0.344859	0.534682	1	6.25696	19
1	--	0.771073	1.207796	0	7.02803	20

test #18
4	--	0.498942	0.472176	5	0.47218	1
5	--	0.328083	0.174517	6	0.6467	2
6	--	0.290287	0.164084	7	0.81078	3
7	--	0.425692	0.463652	6	1.23647	4
6	--	0.432384	0.52641	5	1.66885	5
5	--	0.214333	0.483023	4	1.88318	6
4	--	0.247057	0.120517	5	2.0037	7
5	--	0.206487	0.163533	6	2.16723	8
6	--	0.40032	0.270641	7	2.43787	9
7	--	0.23043	0.210131	8	2.648	10
8	--	0.186885	0.689064	7	2.83488	11
7	--	0.467165	0.359265	8	3.19414	12
8	--	0.232825	0.812029	7	3.42696	13
7	--	0.507359	0.164684	8	3.59164	14
8	--	0.561711	0.488138	9	4.07978	15
9	--	1.12686	0.749947	10	4.82973	16

test #19
4	--	0.150167	0.206495	3	0.15017	1
3	--	0.545114	0.343919	4	0.49409	2
4	--	0.186114	0.300787	3	0.6802	3
3	--	0.206804	0.186989	4	0.86719	4
4	--	0.205782	0.316089	3	1.07297	5
3	--	0.623502	0.24414	4	1.31711	6
4	--	0.207361	0.494089	3	1.52447	7
3	--	0.239669	0.249083	2	1.76414	8
2	--	0.718216	0.69906	3	2.4632	9
3	--	0.146944	0.691741	2	2.61014	10
2	--	0.28514	0.325215	1	2.89528	11
1	--	0.521832	0.558503	0	3.41711	12

test #20
4	--	0.552416	0.192461	5	0.19246	1
5	--	0.251363	0.331877	4	0.44382	2
4	--	0.304189	0.426711	3	0.74801	3
3	--	0.649662	0.135124	4	0.88313	4
4	--	0.364679	0.246869	5	1.13	5
5	--	0.265217	0.431304	4	1.39522	6
4	--	0.427793	0.485048	3	1.82301	7
3	--	0.439871	0.180662	4	2.00367	8
4	--	0.500171	0.578152	3	2.50384	9
3	--	0.695131	0.393826	4	2.89767	10
4	--	0.329384	0.343329	3	3.22705	11
3	--	0.230543	0.220248	4	3.4473	12
4	--	0.409381	0.197027	5	3.64433	13
5	--	0.548487	0.34649	6	3.99082	14
6	--	0.105698	0.094723	7	4.08554	15
7	--	0.185796	0.764517	6	4.27134	16
6	--	0.135245	0.159466	5	4.40658	17
5	--	0.420326	0.540441	4	4.82691	18
4	--	0.164016	0.225138	3	4.99093	19
3	--	0.122529	0.224757	2	5.11346	20
2	--	0.922229	0.393511	3	5.50697	21
3	--	0.192032	0.706381	2	5.699	22
2	--	0.769628	0.357252	3	6.05625	23
3	--	0.304933	0.200764	4	6.25701	24
4	--	0.198921	0.186313	5	6.44332	25
5	--	0.218883	0.28686	4	6.6622	26
4	--	0.384795	0.237371	5	6.89957	27
5	--	0.19214	0.402422	4	7.09171	28
4	--	0.23338	0.325875	3	7.32509	29
3	--	0.186069	0.212205	2	7.51116	30
2	--	0.223845	0.671133	1	7.735	31
1	--	0.356641	0.401174	0	8.09164	32

test #21
4	--	0.639846	0.133491	5	0.13349	1
5	--	0.608211	0.220797	6	0.35429	2
6	--	0.571127	0.665776	5	0.92542	3
5	--	0.091625	0.100582	4	1.01704	4
4	--	0.541261	0.546881	3	1.5583	5
3	--	0.128453	0.543257	2	1.68675	6
2	--	0.271891	0.258627	3	1.94538	7
3	--	0.300172	0.281382	4	2.22676	8
4	--	0.375675	0.120678	5	2.34744	9
5	--	0.303467	0.527874	4	2.65091	10
4	--	0.45226	0.508683	3	3.10317	11
3	--	0.204649	0.596969	2	3.30782	12
2	--	0.236184	0.398336	1	3.544	13
1	--	0.360934	0.447705	0	3.90493	14

test #22
4	--	0.312821	0.236091	5	0.23609	1
5	--	0.150295	0.285295	4	0.38639	2
4	--	0.286086	0.344407	3	0.67248	3
3	--	0.133742	0.455102	2	0.80622	4
2	--	0.93165	0.476654	3	1.28287	5
3	--	0.437993	0.630852	2	1.72086	6
2	--	0.253004	0.61705	1	1.97386	7
1	--	0.414252	0.607897	0	2.38811	8

test #23
4	--	0.648565	0.509579	5	0.50958	1
5	--	0.381704	0.20752	6	0.7171	2
6	--	0.09475	0.145971	5	0.81185	3
5	--	0.3126	0.114773	6	0.92662	4
6	--	0.523832	0.110591	7	1.03721	5
7	--	0.155	0.343695	6	1.19221	6
6	--	0.1835	0.286561	5	1.37571	7
5	--	0.221393	0.385637	4	1.5971	8
4	--	0.406244	0.194804	5	1.7919	9
5	--	0.580393	0.45523	6	2.24713	10
6	--	0.116184	0.497384	5	2.36331	11
5	--	0.289931	0.43658	4	2.65324	12
4	--	0.408048	0.09782	5	2.75106	13
5	--	0.211943	0.251077	4	2.963	14
4	--	0.252491	0.50235	3	3.21549	15
3	--	0.747764	0.172535	4	3.38803	16
4	--	0.41553	0.14959	5	3.53762	17
5	--	0.603722	0.138183	6	3.6758	18
6	--	0.42062	0.425473	5	4.09642	19
5	--	0.112221	0.450471	4	4.20864	20
4	--	0.302094	0.282266	5	4.49091	21
5	--	0.540246	0.185973	6	4.67688	22
6	--	0.219739	0.626173	5	4.89662	23
5	--	0.102808	0.513691	4	4.99943	24
4	--	0.179706	0.43846	3	5.17914	25
3	--	0.285952	0.344992	2	5.46509	26
2	--	0.42478	0.50202	1	5.88987	27
1	--	0.255882	1.616832	0	6.14575	28

test #24
4	--	0.434786	0.35175	5	0.35175	1
5	--	0.155901	0.194024	4	0.50765	2
4	--	0.279246	0.53403	3	0.7869	3
3	--	0.611118	0.660848	2	1.39802	4
2	--	0.332366	0.892945	1	1.73039	5
1	--	0.370644	1.204265	0	2.10103	6

test #25
4	--	0.219988	0.659191	3	0.21999	1
3	--	0.690058	0.110842	4	0.33083	2
4	--	0.099041	0.216871	3	0.42987	3
3	--	0.566095	0.189295	4	0.61917	4
4	--	0.140408	0.162473	3	0.75958	5
3	--	0.20346	0.676642	2	0.96304	6
2	--	0.337936	0.169046	3	1.13209	7
3	--	0.48886	0.28291	4	1.415	8
4	--	0.384003	0.200644	5	1.61564	9
5	--	0.328874	0.615102	4	1.94451	10
4	--	0.214714	0.372987	3	2.15922	11
3	--	0.22384	0.10886	4	2.26808	12
4	--	0.575192	0.178379	5	2.44646	13
5	--	0.310123	0.238975	6	2.68544	14
6	--	0.337052	0.206542	7	2.89198	15
7	--	0.314312	0.247124	8	3.1391	16
8	--	0.621791	0.188563	9	3.32766	17
9	--	0.432112	0.81042	8	3.75977	18
8	--	0.685395	0.353094	9	4.11286	19
9	--	0.703061	0.988758	8	4.81592	20
8	--	0.255357	0.623337	7	5.07128	21
7	--	0.693414	0.413289	8	5.48457	22
8	--	0.379644	0.368273	9	5.85284	23
9	--	0.781744	0.521815	10	6.37466	24

test #26
4	--	0.315407	0.202465	5	0.20246	1
5	--	0.245439	0.172358	6	0.37482	2
6	--	0.196557	0.615885	5	0.57138	3
5	--	0.328052	0.091946	6	0.66333	4
6	--	0.146607	0.211691	5	0.80994	5
5	--	0.213419	0.27044	4	1.02336	6
4	--	0.181449	0.153581	5	1.17694	7
5	--	0.368288	0.323643	6	1.50058	8
6	--	0.318212	0.094131	7	1.59471	9
7	--	0.406486	0.417652	6	2.0012	10
6	--	0.511807	0.308163	7	2.30936	11
7	--	0.109022	0.216474	6	2.41838	12
6	--	0.381722	0.146577	7	2.56496	13
7	--	0.173198	0.636793	6	2.73816	14
6	--	0.196388	0.10863	7	2.84679	15
7	--	0.409127	0.252084	8	3.09887	16
8	--	0.47895	0.76881	7	3.57782	17
7	--	0.302224	0.310418	6	3.88004	18
6	--	0.105245	0.226154	5	3.98528	19
5	--	0.093331	0.381405	4	4.07861	20
4	--	0.304019	0.192323	5	4.27093	21
5	--	0.493622	0.292812	6	4.56374	22
6	--	0.245934	0.233451	7	4.79719	23
7	--	0.182504	0.134551	8	4.93174	24
8	--	0.185451	0.254891	7	5.11719	25
7	--	0.164535	0.344151	6	5.28173	26
6	--	0.415839	0.316034	7	5.59776	27
7	--	0.213661	0.132907	8	5.73067	28
8	--	0.286412	0.863109	7	6.01708	29
7	--	0.639523	0.211516	8	6.2286	30
8	--	1.003702	0.223838	9	6.45244	31
9	--	1.325304	0.590638	10	7.04308	32

test #27
4	--	0.292512	0.54352	3	0.29251	1
3	--	0.49741	0.197327	4	0.48984	2
4	--	0.597935	0.232765	5	0.7226	3
5	--	0.294875	0.106716	6	0.82932	4
6	--	0.431228	0.133697	7	0.96302	5
7	--	0.260605	0.1681	8	1.13112	6
8	--	0.715667	0.404398	9	1.53552	7
9	--	1.410831	0.673429	10	2.20895	8

test #28
4	--	0.412405	0.167499	5	0.1675	1
5	--	0.294912	0.183495	6	0.351	2
6	--	0.239453	0.172888	7	0.52389	3
7	--	0.2071	0.740604	6	0.73099	4
6	--	0.492041	0.550073	5	1.22303	5
5	--	0.502395	0.455631	6	1.67866	6
6	--	0.116993	0.2627	5	1.79565	7
5	--	0.370525	0.309392	6	2.10504	8
6	--	0.211039	0.597686	5	2.31608	9
5	--	0.108057	0.330511	4	2.42414	10
4	--	0.202137	0.596349	3	2.62628	11
3	--	0.396722	0.354729	4	2.98101	12
4	--	0.10024	0.333078	3	3.08125	13
3	--	0.247778	0.337452	2	3.32903	14
2	--	0.204387	0.832986	1	3.53342	15
1	--	1.155439	0.302051	2	3.83547	16
2	--	0.240607	0.332787	1	4.07608	17
1	--	0.480357	0.537955	0	4.55644	18

test #29
4	--	0.174314	0.35119	3	0.17431	1
3	--	0.170299	0.410005	2	0.34461	2
2	--	0.558431	0.255856	3	0.60047	3
3	--	0.226673	0.467638	2	0.82714	4
2	--	0.3549	0.23658	3	1.06372	5
3	--	0.722029	0.122878	4	1.1866	6
4	--	0.148477	0.607551	3	1.33508	7
3	--	0.251244	0.322637	2	1.58632	8
2	--	0.542829	0.474822	3	2.06114	9
3	--	0.113474	0.200445	2	2.17461	10
2	--	0.915339	0.377485	3	2.55209	11
3	--	0.448689	0.132223	4	2.68431	12
4	--	0.635688	0.106743	5	2.79105	13
5	--	0.572011	0.134743	6	2.92579	14
6	--	0.218582	0.538653	5	3.14437	15
5	--	0.581817	0.228817	6	3.37319	16
6	--	0.534445	0.191401	7	3.56459	17
7	--	0.26374	0.126956	8	3.69155	18
8	--	0.140427	0.20704	7	3.83198	19
7	--	0.405481	0.223225	8	4.0552	20
8	--	0.353492	0.246417	9	4.30162	21
9	--	1.609057	0.949575	10	5.2512	22

test #30
4	--	0.362418	0.240966	5	0.24097	1
5	--	0.298183	0.121397	6	0.36237	2
6	--	0.187041	0.618299	5	0.54941	3
5	--	0.354388	0.177623	6	0.72703	4
6	--	0.229752	0.136827	7	0.86386	5
7	--	0.556997	0.626284	6	1.42086	6
6	--	0.469222	0.117262	7	1.53812	7
7	--	0.431065	0.158424	8	1.69654	8
8	--	0.175074	0.156372	9	1.85291	9
9	--	0.415303	0.386319	10	2.23923	10

test #31
4	--	0.204059	0.269405	3	0.20406	1
3	--	0.508606	0.259481	4	0.46354	2
4	--	0.318064	0.188891	5	0.65243	3
5	--	0.279086	0.22583	6	0.87826	4
6	--	0.125721	0.325823	5	1.00398	5
5	--	0.10626	0.152804	4	1.11024	6
4	--	0.20433	0.483131	3	1.31457	7
3	--	0.722106	0.117973	4	1.43254	8
4	--	0.29857	0.639084	3	1.73111	9
3	--	0.667381	0.417612	4	2.14872	10
4	--	0.371046	0.253211	5	2.40193	11
5	--	0.119326	0.418962	4	2.52126	12
4	--	0.199538	0.113159	5	2.63442	13
5	--	0.090353	0.200575	4	2.72477	14
4	--	0.239971	0.278901	3	2.96474	15
3	--	0.541142	0.1912	4	3.15594	16
4	--	0.269332	0.402887	3	3.42527	17
3	--	0.30353	0.336544	2	3.7288	18
2	--	0.644424	0.205436	3	3.93424	19
3	--	0.158131	0.276083	2	4.09237	20
2	--	0.560177	0.876952	1	4.65255	21
1	--	0.264793	0.63006	0	4.91734	22

test #32
4	--	0.25128	0.382038	3	0.25128	1
3	--	0.233114	0.239534	2	0.48439	2
2	--	0.619657	0.219342	3	0.70373	3
3	--	0.21385	0.330558	2	0.91758	4
2	--	0.910675	0.219263	3	1.13684	5
3	--	0.3318	0.536899	2	1.46864	6
2	--	0.144963	0.951126	1	1.6136	7
1	--	1.751039	0.657274	2	2.27087	8
2	--	0.402708	0.286287	3	2.55716	9
3	--	0.169298	0.106346	4	2.66351	10
4	--	0.132613	0.463206	3	2.79612	11
3	--	0.632698	0.528867	4	3.32499	12
4	--	0.418733	0.210061	5	3.53505	13
5	--	0.295908	0.385894	4	3.83096	14
4	--	0.375397	0.298621	5	4.12958	15
5	--	0.434813	0.380693	6	4.51027	16
6	--	0.474576	0.504776	5	4.98485	17
5	--	0.169298	0.106945	6	5.09179	18
6	--	0.115159	0.447403	5	5.20695	19
5	--	0.200685	0.417229	4	5.40763	20
4	--	0.294038	0.248915	5	5.65655	21
5	--	0.528218	0.624117	4	6.18477	22
4	--	0.440955	0.516107	3	6.62573	23
3	--	0.234645	0.135294	4	6.76102	24
4	--	0.163782	0.195848	3	6.9248	25
3	--	0.638479	0.488351	4	7.41315	26
4	--	0.555856	0.494111	5	7.90726	27
5	--	0.144107	0.225573	4	8.05137	28
4	--	0.295088	0.265403	5	8.31677	29
5	--	0.613703	0.322105	6	8.63887	30
6	--	0.232786	0.258255	5	8.87166	31
5	--	0.260822	0.119541	6	8.9912	32
6	--	0.266934	0.393348	5	9.25813	33
5	--	0.091429	0.115109	4	9.34956	34
4	--	0.648094	0.3239	5	9.67346	35
5	--	0.256494	0.35622	4	9.92995	36
4	--	0.39945	0.118494	5	10.04844	37
5	--	0.154956	0.145654	6	10.19409	38
6	--	0.146099	0.202691	5	10.34019	39
5	--	0.285123	0.54266	4	10.62531	40
4	--	0.384363	0.513383	3	11.00967	41
3	--	0.600259	0.730084	2	11.60993	42
2	--	0.259683	0.139588	3	11.74952	43
3	--	0.678902	0.5087	4	12.25822	44
4	--	0.327892	0.512985	3	12.58611	45
3	--	0.364639	0.185013	4	12.77112	46
4	--	0.24483	0.507352	3	13.01595	47
3	--	0.358789	0.217086	4	13.23304	48
4	--	0.334002	0.477325	3	13.56704	49
3	--	0.253728	0.193321	4	13.76036	50
4	--	0.244596	0.286187	3	14.00496	51
3	--	0.545585	0.54451	4	14.54947	52
4	--	0.225723	0.414929	3	14.77519	53
3	--	0.487429	0.576669	2	15.26262	54
2	--	0.56776	0.783791	1	15.83038	55
1	--	0.771746	1.239119	0	16.60213	56

test #33
4	--	0.178266	0.263548	3	0.17827	1
3	--	0.133829	0.388487	2	0.3121	2
2	--	0.562513	0.160236	3	0.47234	3
3	--	0.262311	0.43851	2	0.73465	4
2	--	0.316657	0.231159	3	0.96581	5
3	--	0.596782	0.221418	4	1.18723	6
4	--	0.23615	0.609861	3	1.42338	7
3	--	0.575361	0.305019	4	1.7284	8
4	--	0.312745	0.517237	3	2.04114	9
3	--	0.583851	0.132744	4	2.17388	10
4	--	0.104374	0.585843	3	2.27825	11
3	--	0.177219	0.436026	2	2.45547	12
2	--	0.465452	0.677867	1	2.92092	13
1	--	1.404439	1.774949	0	4.32536	14

test #34
4	--	0.253533	0.127855	5	0.12786	1
5	--	0.145842	0.338228	4	0.2737	2
4	--	0.146581	0.340102	3	0.42028	3
3	--	0.488253	0.289038	4	0.70932	4
4	--	0.666972	0.161234	5	0.87055	5
5	--	0.232571	0.556321	4	1.10312	6
4	--	0.179324	0.179461	3	1.28244	7
3	--	0.120818	0.127546	2	1.40326	8
2	--	0.150905	0.500339	1	1.55417	9
1	--	1.286706	1.625775	0	2.84088	10

test #35
4	--	0.316097	0.095674	5	0.09567	1
5	--	0.305803	0.308251	4	0.40147	2
4	--	0.581181	0.186442	5	0.58791	3
5	--	0.219904	0.265083	4	0.80781	4
4	--	0.343523	0.31751	5	1.12532	5
5	--	0.121962	0.110081	6	1.2354	6
6	--	0.09762	0.269701	5	1.33302	7
5	--	0.305419	0.301047	6	1.63407	8
6	--	0.462547	0.187103	7	1.82117	9
7	--	0.502878	0.320199	8	2.14137	10
8	--	0.223425	0.541757	7	2.36479	11
7	--	0.164247	0.114957	8	2.47975	12
8	--	0.330594	0.292114	9	2.77186	13
9	--	1.465021	0.539266	10	3.31113	14

test #36
4	--	0.360003	0.194344	5	0.19434	1
5	--	0.164304	0.146068	6	0.34041	2
6	--	0.125788	0.15495	5	0.4662	3
5	--	0.473844	0.14749	6	0.61369	4
6	--	0.495851	0.597815	5	1.10954	5
5	--	0.598219	0.295447	6	1.40499	6
6	--	0.610592	0.236739	7	1.64173	7
7	--	0.428654	0.513748	6	2.07038	8
6	--	0.476307	0.615357	5	2.54669	9
5	--	0.181769	0.197284	4	2.72846	10
4	--	0.294688	0.488725	3	3.02315	11
3	--	0.603058	0.247058	4	3.27021	12
4	--	0.119881	0.116281	5	3.38649	13
5	--	0.453482	0.159525	6	3.54601	14
6	--	0.18708	0.356809	5	3.73309	15
5	--	0.428768	0.354414	6	4.0875	16
6	--	0.373316	0.426903	5	4.46082	17
5	--	0.091535	0.184541	4	4.55236	18
4	--	0.377479	0.146355	5	4.69872	19
5	--	0.111699	0.139149	4	4.81042	20
4	--	0.116189	0.41811	3	4.92661	21
3	--	0.627791	0.648431	2	5.5544	22
2	--	0.925402	0.172459	3	5.72686	23
3	--	0.532755	0.739928	2	6.25962	24
2	--	0.506205	0.784247	1	6.76582	25
1	--	0.367783	1.128137	0	7.1336	26

test #37
4	--	0.13585	0.307641	3	0.13585	1
3	--	0.299777	0.116235	4	0.25209	2
4	--	0.521483	0.164951	5	0.41704	3
5	--	0.560752	0.443904	6	0.86094	4
6	--	0.506073	0.144741	7	1.00568	5
7	--	0.679721	0.294901	8	1.30058	6
8	--	0.233155	0.665072	7	1.53374	7
7	--	0.459549	0.356486	8	1.89023	8
8	--	0.563228	0.630116	7	2.45346	9
7	--	0.431329	0.13453	8	2.58799	10
8	--	0.685078	0.704751	7	3.27307	11
7	--	0.373757	0.6257	6	3.64683	12
6	--	0.63632	0.186269	7	3.8331	13
7	--	0.549102	0.199049	8	4.03215	14
8	--	0.931619	0.312877	9	4.34503	15
9	--	0.856574	0.672922	10	5.01795	16

test #38
4	--	0.108893	0.234828	3	0.10889	1
3	--	0.248592	0.142221	4	0.25111	2
4	--	0.098235	0.108273	3	0.34935	3
3	--	0.299121	0.502828	2	0.64847	4
2	--	0.175293	0.277507	1	0.82376	5
1	--	0.457989	1.16979	0	1.28175	6

test #39
4	--	0.101455	0.174421	3	0.10146	1
3	--	0.31649	0.350468	2	0.41795	2
2	--	0.139557	0.214046	1	0.55751	3
1	--	1.134312	0.969161	2	1.52667	4
2	--	0.512078	0.272836	3	1.79951	5
3	--	0.527648	0.481519	4	2.28103	6
4	--	0.367727	0.198462	5	2.47949	7
5	--	0.292661	0.40126	4	2.77215	8
4	--	0.14614	0.317995	3	2.91829	9
3	--	0.129474	0.428906	2	3.04776	10
2	--	0.867182	0.817113	3	3.86487	11
3	--	0.479029	0.608275	2	4.3439	12
2	--	0.656193	0.335576	3	4.67948	13
3	--	0.192072	0.379062	2	4.87155	14
2	--	0.169309	0.199824	1	5.04086	15
1	--	0.487991	1.002292	0	5.52885	16

test #40
4	--	0.345303	0.12087	5	0.12087	1
5	--	0.59196	0.114052	6	0.23492	2
6	--	0.154202	0.431269	5	0.38912	3
5	--	0.317107	0.152588	6	0.54171	4
6	--	0.252864	0.552942	5	0.79457	5
5	--	0.12006	0.104437	6	0.89901	6
6	--	0.189576	0.093207	7	0.99222	7
7	--	0.327822	0.232602	8	1.22482	8
8	--	0.818511	0.677318	9	1.90214	9
9	--	1.109459	1.084412	10	2.98655	10

test #41
4	--	0.158905	0.157363	5	0.15736	1
5	--	0.511717	0.550263	4	0.66908	2
4	--	0.297625	0.36589	3	0.9667	3
3	--	0.294604	0.315795	2	1.2613	4
2	--	0.55008	0.214239	3	1.47554	5
3	--	0.150504	0.151554	2	1.62604	6
2	--	0.150392	0.737955	1	1.77643	7
1	--	0.281859	0.709459	0	2.05829	8

test #42
4	--	0.47102	0.327468	5	0.32747	1
5	--	0.099291	0.595686	4	0.42676	2
4	--	0.270346	0.423141	3	0.69711	3
3	--	0.426512	0.243972	4	0.94108	4
4	--	0.550645	0.11555	5	1.05663	5
5	--	0.582535	0.231415	6	1.28805	6
6	--	0.213751	0.172975	7	1.46103	7
7	--	0.198023	0.134449	8	1.59548	8
8	--	0.780788	0.201385	9	1.79686	9
9	--	0.469323	0.27525	10	2.07211	10

test #43
4	--	0.556153	0.300261	5	0.30026	1
5	--	0.541475	0.578279	4	0.84174	2
4	--	0.330209	0.16541	5	1.00715	3
5	--	0.624789	0.148529	6	1.15568	4
6	--	0.290864	0.317569	5	1.44654	5
5	--	0.284057	0.124782	6	1.57132	6
6	--	0.234679	0.47698	5	1.806	7
5	--	0.205147	0.314081	4	2.01115	8
4	--	0.290508	0.110094	5	2.12124	9
5	--	0.107543	0.129913	4	2.22878	10
4	--	0.108902	0.10201	5	2.33079	11
5	--	0.165841	0.360894	4	2.49663	12
4	--	0.303204	0.132672	5	2.6293	13
5	--	0.196605	0.636613	4	2.8259	14
4	--	0.463768	0.107814	5	2.93371	15
5	--	0.168994	0.389575	4	3.1027	16
4	--	0.26361	0.202055	5	3.30476	17
5	--	0.426405	0.191645	6	3.4964	18
6	--	0.432478	0.478129	5	3.92888	19
5	--	0.345071	0.165798	6	4.09468	20
6	--	0.144052	0.134771	7	4.22945	21
7	--	0.680075	0.283995	8	4.51345	22
8	--	0.2361	0.921536	7	4.74955	23
7	--	0.263444	0.501809	6	5.01299	24
6	--	0.530685	0.280416	7	5.29341	25
7	--	0.198415	0.238528	6	5.49183	26
6	--	0.300781	0.60717	5	5.79261	27
5	--	0.186062	0.397902	4	5.97867	28
4	--	0.209064	0.503	3	6.18773	29
3	--	0.137758	0.528279	2	6.32549	30
2	--	0.142157	0.594694	1	6.46765	31
1	--	1.360541	0.690752	2	7.1584	32
2	--	0.142374	0.900701	1	7.30077	33
1	--	1.155084	0.655124	2	7.95589	34
2	--	0.521638	0.57999	1	8.47753	35
1	--	1.407742	0.274496	2	8.75203	36
2	--	0.741062	0.334669	3	9.0867	37
3	--	0.277109	0.561972	2	9.36381	38
2	--	0.430527	0.617153	1	9.79434	39
1	--	0.960717	0.947395	2	10.74174	40
2	--	0.342047	0.296743	3	11.03848	41
3	--	0.170163	0.126313	4	11.16479	42
4	--	0.184698	0.35051	3	11.34949	43
3	--	0.726954	0.177374	4	11.52686	44
4	--	0.328694	0.196237	5	11.7231	45
5	--	0.212026	0.551413	4	11.93513	46
4	--	0.275121	0.144971	5	12.0801	47
5	--	0.537914	0.120937	6	12.20104	48
6	--	0.118724	0.271122	5	12.31976	49
5	--	0.314207	0.09869	6	12.41845	50
6	--	0.246409	0.248792	5	12.66486	51
5	--	0.365033	0.329978	6	12.99484	52
6	--	0.331798	0.23775	7	13.23259	53
7	--	0.110863	0.764545	6	13.34345	54
6	--	0.217074	0.410076	5	13.56052	55
5	--	0.342398	0.298686	6	13.85921	56
6	--	0.106218	0.122587	5	13.96543	57
5	--	0.511988	0.22853	6	14.19396	58
6	--	0.173047	0.183595	5	14.36701	59
5	--	0.175679	0.151693	6	14.5187	60
6	--	0.197963	0.208049	5	14.71666	61
5	--	0.319155	0.197738	6	14.9144	62
6	--	0.187594	0.350839	5	15.10199	63
5	--	0.40739	0.576741	4	15.50938	64
4	--	0.342165	0.151871	5	15.66125	65
5	--	0.169523	0.519647	4	15.83077	66
4	--	0.336123	0.333936	5	16.16471	67
5	--	0.189898	0.422205	4	16.35461	68
4	--	0.131104	0.416254	3	16.48571	69
3	--	0.152803	0.446324	2	16.63851	70
2	--	0.636502	0.417296	3	17.05581	71
3	--	0.108925	0.516553	2	17.16473	72
2	--	0.269058	0.812648	1	17.43379	73
1	--	1.731268	1.009234	2	18.44302	74
2	--	0.763667	0.206542	3	18.64956	75
3	--	0.500967	0.323636	4	18.9732	76
4	--	0.163773	0.529793	3	19.13697	77
3	--	0.183457	0.188458	2	19.32043	78
2	--	0.161861	0.928615	1	19.48229	79
1	--	1.065034	1.559142	0	20.54732	80

test #44
4	--	0.118524	0.270766	3	0.11852	1
3	--	0.158574	0.210351	2	0.27709	2
2	--	0.205705	0.574553	1	0.48279	3
1	--	0.343759	0.774488	0	0.82655	4

test #45
4	--	0.443668	0.638875	3	0.44367	1
3	--	0.334942	0.168459	4	0.61213	2
4	--	0.558683	0.262781	5	0.87491	3
5	--	0.135989	0.426739	4	1.0109	4
4	--	0.108234	0.434486	3	1.11913	5
3	--	0.686796	0.255426	4	1.37456	6
4	--	0.165857	0.219877	3	1.54042	7
3	--	0.284696	0.527173	2	1.82512	8
2	--	0.158039	0.265064	1	1.98316	9
1	--	0.498889	0.877451	0	2.48205	10

test #46
4	--	0.11702	0.601954	3	0.11702	1
3	--	0.304061	0.272435	4	0.38946	2
4	--	0.223235	0.563681	3	0.6127	3
3	--	0.546749	0.418903	4	1.0316	4
4	--	0.137131	0.121894	5	1.15349	5
5	--	0.093404	0.143066	4	1.24689	6
4	--	0.253418	0.265266	3	1.50031	7
3	--	0.593839	0.391433	4	1.89174	8
4	--	0.518409	0.359403	5	2.25114	9
5	--	0.366574	0.429511	4	2.61771	10
4	--	0.393158	0.114491	5	2.7322	11
5	--	0.113763	0.456413	4	2.84596	12
4	--	0.227301	0.473664	3	3.07326	13
3	--	0.200644	0.270499	2	3.2739	14
2	--	0.898054	0.574799	3	3.8487	15
3	--	0.16959	0.183145	2	4.01829	16
2	--	0.313484	0.376486	1	4.33177	17
1	--	0.484327	1.030147	0	4.8161	18

test #47
4	--	0.316953	0.231916	5	0.23192	1
5	--	0.43212	0.475099	4	0.66404	2
4	--	0.491983	0.312693	5	0.97673	3
5	--	0.285568	0.289899	4	1.2623	4
4	--	0.308502	0.142338	5	1.40464	5
5	--	0.190213	0.215315	4	1.59485	6
4	--	0.265021	0.214567	5	1.80942	7
5	--	0.138443	0.444055	4	1.94786	8
4	--	0.484672	0.155557	5	2.10342	9
5	--	0.214865	0.312493	4	2.31828	10
4	--	0.620077	0.45465	5	2.77293	11
5	--	0.183605	0.379636	4	2.95653	12
4	--	0.426259	0.148605	5	3.10513	13
5	--	0.145579	0.456874	4	3.25071	14
4	--	0.21216	0.299819	3	3.46287	15
3	--	0.305982	0.513173	2	3.76885	16
2	--	0.597639	0.388017	3	4.15687	17
3	--	0.155937	0.440319	2	4.31281	18
2	--	0.560437	0.316872	3	4.62968	19
3	--	0.584572	0.136889	4	4.76657	20
4	--	0.152922	0.473773	3	4.91949	21
3	--	0.179902	0.321382	2	5.09939	22
2	--	0.477161	0.189094	3	5.28848	23
3	--	0.511145	0.496889	4	5.78537	24
4	--	0.590084	0.105289	5	5.89066	25
5	--	0.31093	0.264979	6	6.15564	26
6	--	0.45254	0.155419	7	6.31106	27
7	--	0.274204	0.214753	8	6.52581	28
8	--	0.986138	0.202005	9	6.72781	29
9	--	0.881943	0.601948	10	7.32976	30

test #48
4	--	0.345965	0.237281	5	0.23728	1
5	--	0.546642	0.390059	6	0.62734	2
6	--	0.133468	0.59821	5	0.76081	3
5	--	0.240506	0.126782	6	0.88759	4
6	--	0.154624	0.470112	5	1.04221	5
5	--	0.122582	0.290534	4	1.16479	6
4	--	0.21929	0.202003	5	1.36679	7
5	--	0.390789	0.144534	6	1.51132	8
6	--	0.283223	0.625532	5	1.79454	9
5	--	0.530477	0.152712	6	1.94725	10
6	--	0.447233	0.441718	7	2.38897	11
7	--	0.388974	0.123588	8	2.51256	12
8	--	0.431675	0.222479	9	2.73504	13
9	--	1.305163	1.189571	10	3.92461	14

test #49
4	--	0.211429	0.179935	5	0.17994	1
5	--	0.15149	0.466807	4	0.33143	2
4	--	0.183646	0.375149	3	0.51508	3
3	--	0.703108	0.146783	4	0.66186	4
4	--	0.344263	0.514967	3	1.00612	5
3	--	0.501694	0.418391	4	1.42451	6
4	--	0.401885	0.145112	5	1.56962	7
5	--	0.180493	0.528895	4	1.75011	8
4	--	0.131877	0.11609	5	1.8662	9
5	--	0.29532	0.584906	4	2.16152	10
4	--	0.28449	0.167971	5	2.32949	11
5	--	0.187674	0.485296	4	2.51716	12
4	--	0.510806	0.144051	5	2.66121	13
5	--	0.176073	0.529421	4	2.83728	14
4	--	0.137577	0.342558	3	2.97486	15
3	--	0.408534	0.129282	4	3.10414	16
4	--	0.289046	0.392444	3	3.39319	17
3	--	0.126041	0.207051	2	3.51923	18
2	--	0.187361	0.596298	1	3.70659	19
1	--	0.762637	0.90973	0	4.46923	20

test #50
4	--	0.128148	0.268872	3	0.12815	1
3	--	0.368627	0.344313	4	0.47246	2
4	--	0.297499	0.632745	3	0.76996	3
3	--	0.229463	0.731487	2	0.99942	4
2	--	0.230225	0.162297	3	1.16172	5
3	--	0.195618	0.265623	2	1.35734	6
2	--	0.326183	0.20765	3	1.56499	7
3	--	0.715343	0.345541	4	1.91053	8
4	--	0.559314	0.124675	5	2.03521	9
5	--	0.152721	0.180851	4	2.18793	10
4	--	0.29289	0.156292	5	2.34422	11
5	--	0.402186	0.157738	6	2.50196	12
6	--	0.451514	0.437429	7	2.93939	13
7	--	0.186081	0.302468	6	3.12547	14
6	--	0.448321	0.655601	5	3.57379	15
5	--	0.258455	0.194586	6	3.76838	16
6	--	0.099413	0.380042	5	3.86779	17
5	--	0.142307	0.408357	4	4.0101	18
4	--	0.311532	0.176306	5	4.18641	19
5	--	0.403771	0.234227	6	4.42064	20
6	--	0.191722	0.183859	7	4.6045	21
7	--	0.619597	0.434432	8	5.03893	22
8	--	0.776568	0.657003	9	5.69593	23
9	--	0.316708	0.50039	8	6.01264	24
8	--	0.202177	0.8576	7	6.21482	25
7	--	0.323502	0.222698	8	6.43752	26
8	--	0.723227	0.519931	9	6.95745	27
9	--	1.726116	0.470948	10	7.4284	28

test #51
4	--	0.313313	0.55606	3	0.31331	1
3	--	0.639859	0.386422	4	0.69973	2
4	--	0.433236	0.500097	3	1.13297	3
3	--	0.271368	0.560647	2	1.40434	4
2	--	0.15429	0.98572	1	1.55863	5
1	--	0.302254	0.62087	0	1.86088	6

test #52
4	--	0.447455	0.367546	5	0.36755	1
5	--	0.363522	0.195502	6	0.56305	2
6	--	0.205994	0.408005	5	0.76904	3
5	--	0.590968	0.462666	6	1.23171	4
6	--	0.564052	0.549071	7	1.78078	5
7	--	0.671161	0.336448	8	2.11723	6
8	--	0.23784	0.269669	7	2.35507	7
7	--	0.334437	0.69493	6	2.68951	8
6	--	0.28603	0.513421	5	2.97554	9
5	--	0.483372	0.396706	6	3.37225	10
6	--	0.122849	0.169594	5	3.4951	11
5	--	0.400354	0.107118	6	3.60222	12
6	--	0.235318	0.243566	5	3.83754	13
5	--	0.429497	0.294873	6	4.13241	14
6	--	0.372045	0.1737	7	4.30611	15
7	--	0.669131	0.529187	8	4.8353	16
8	--	0.45138	0.685619	7	5.28668	17
7	--	0.158888	0.186804	6	5.44557	18
6	--	0.271579	0.536267	5	5.71715	19
5	--	0.420006	0.186123	6	5.90327	20
6	--	0.247133	0.246436	7	6.14971	21
7	--	0.128622	0.333544	6	6.27833	22
6	--	0.413521	0.293758	7	6.57209	23
7	--	0.374452	0.18763	8	6.75972	24
8	--	0.168465	0.276615	7	6.92818	25
7	--	0.39242	0.213346	8	7.14153	26
8	--	0.582932	0.458677	9	7.60021	27
9	--	1.690504	1.135164	10	8.73537	28

test #53
4	--	0.250674	0.166023	5	0.16602	1
5	--	0.555255	0.141427	6	0.30745	2
6	--	0.218378	0.216705	7	0.52415	3
7	--	0.490037	0.383121	8	0.90727	4
8	--	0.394521	0.494162	7	1.30179	5
7	--	0.117948	0.266724	6	1.41974	6
6	--	0.62644	0.158373	7	1.57811	7
7	--	0.198076	0.187592	8	1.7657	8
8	--	0.354167	0.409207	7	2.11987	9
7	--	0.229988	0.167552	8	2.28742	10
8	--	0.825718	0.518837	9	2.80626	11
9	--	0.65412	1.617046	8	3.46038	12
8	--	0.652714	0.229226	9	3.68961	13
9	--	1.518967	0.704318	10	4.39393	14

test #54
4	--	0.611827	0.518821	5	0.51882	1
5	--	0.248214	0.489324	4	0.76703	2
4	--	0.129025	0.250616	3	0.89605	3
3	--	0.13287	0.439909	2	1.02892	4
2	--	0.834242	0.195836	3	1.22476	5
3	--	0.737723	0.727526	4	1.95229	6
4	--	0.2215	0.503995	3	2.17379	7
3	--	0.164873	0.581195	2	2.33866	8
2	--	0.348368	0.856237	1	2.68703	9
1	--	0.605676	0.384038	2	3.07107	10
2	--	0.913599	0.36416	3	3.43523	11
3	--	0.15498	0.431159	2	3.59021	12
2	--	0.481566	0.171713	3	3.76192	13
3	--	0.190353	0.516399	2	3.95227	14
2	--	0.149781	0.553231	1	4.10205	15
1	--	1.309784	0.585126	2	4.68718	16
2	--	0.300369	0.241019	3	4.9282	17
3	--	0.213963	0.54014	2	5.14216	18
2	--	0.183041	0.796939	1	5.3252	19
1	--	0.688146	0.502406	2	5.82761	20
2	--	0.249499	0.491354	1	6.07711	21
1	--	1.051355	0.30263	2	6.37974	22
2	--	0.626417	0.153852	3	6.53359	23
3	--	0.544844	0.150536	4	6.68413	24
4	--	0.293755	0.310317	3	6.97789	25
3	--	0.483836	0.115093	4	7.09298	26
4	--	0.373892	0.590541	3	7.46687	27
3	--	0.504912	0.527133	2	7.97178	28
2	--	0.630483	0.419053	3	8.39083	29
3	--	0.48056	0.475962	4	8.86679	30
4	--	0.476824	0.249724	5	9.11651	31
5	--	0.231465	0.171228	6	9.28774	32
6	--	0.199412	0.555628	5	9.48715	33
5	--	0.179809	0.277906	4	9.66696	34
4	--	0.142056	0.302773	3	9.80902	35
3	--	0.270613	0.177443	4	9.98646	36
4	--	0.387496	0.464064	3	10.37396	37
3	--	0.496259	0.172312	4	10.54627	38
4	--	0.360606	0.626756	3	10.90688	39
3	--	0.19037	0.578467	2	11.09725	40
2	--	0.61498	0.497582	3	11.59483	41
3	--	0.696012	0.16155	4	11.75638	42
4	--	0.312156	0.5194	3	12.06854	43
3	--	0.689597	0.261202	4	12.32974	44
4	--	0.600004	0.226719	5	12.55646	45
5	--	0.257862	0.185686	6	12.74215	46
6	--	0.150711	0.36569	5	12.89286	47
5	--	0.182308	0.154979	6	13.04784	48
6	--	0.264173	0.325483	5	13.31201	49
5	--	0.466526	0.189349	6	13.50136	50
6	--	0.487311	0.206531	7	13.70789	51
7	--	0.187699	0.252473	6	13.89559	52
6	--	0.113209	0.324125	5	14.0088	53
5	--	0.265909	0.104345	6	14.11314	54
6	--	0.386538	0.443401	5	14.49968	55
5	--	0.511106	0.632429	4	15.01079	56
4	--	0.465177	0.309621	5	15.32041	57
5	--	0.093421	0.335211	4	15.41383	58
4	--	0.498073	0.320459	5	15.73429	59
5	--	0.2121	0.141781	6	15.87607	60
6	--	0.64913	0.263588	7	16.13966	61
7	--	0.727256	0.108491	8	16.24815	62
8	--	0.217988	0.823686	7	16.46614	63
7	--	0.469767	0.316484	8	16.78262	64
8	--	0.758177	0.650996	9	17.43362	65
9	--	0.705951	0.292065	10	17.72569	66

test #55
4	--	0.143093	0.481339	3	0.14309	1
3	--	0.49295	0.643709	2	0.63604	2
2	--	0.545456	0.683999	1	1.1815	3
1	--	1.296256	1.688651	0	2.47776	4

test #56
4	--	0.255423	0.270069	3	0.25542	1
3	--	0.336996	0.739414	2	0.59242	2
2	--	0.660877	0.565182	3	1.1576	3
3	--	0.642005	0.441632	4	1.59923	4
4	--	0.269674	0.222978	5	1.82221	5
5	--	0.402184	0.102339	6	1.92455	6
6	--	0.122112	0.295926	5	2.04666	7
5	--	0.158298	0.252009	4	2.20496	8
4	--	0.557604	0.104181	5	2.30914	9
5	--	0.52777	0.488476	6	2.79762	10
6	--	0.23235	0.655562	5	3.02997	11
5	--	0.253022	0.295992	4	3.28299	12
4	--	0.6341	0.207216	5	3.49021	13
5	--	0.142757	0.135982	6	3.62619	14
6	--	0.140877	0.283474	5	3.76707	15
5	--	0.147833	0.251786	4	3.9149	16
4	--	0.109494	0.486815	3	4.02439	17
3	--	0.613497	0.263939	4	4.28833	18
4	--	0.110816	0.280249	3	4.39915	19
3	--	0.712302	0.705875	4	5.10503	20
4	--	0.133743	0.622057	3	5.23877	21
3	--	0.121264	0.530268	2	5.36003	22
2	--	0.365449	0.637318	1	5.72548	23
1	--	0.450083	0.74786	0	6.17556	24

test #57
4	--	0.583174	0.098693	5	0.09869	1
5	--	0.45101	0.196203	6	0.29489	2
6	--	0.151251	0.622755	5	0.44614	3
5	--	0.143299	0.510333	4	0.58944	4
4	--	0.186249	0.094829	5	0.68427	5
5	--	0.323751	0.322546	6	1.00682	6
6	--	0.292893	0.34011	5	1.29971	7
5	--	0.281891	0.259974	6	1.55968	8
6	--	0.199932	0.517777	5	1.75961	9
5	--	0.353027	0.181037	6	1.94065	10
6	--	0.317148	0.157628	7	2.09828	11
7	--	0.550908	0.708826	6	2.64919	12
6	--	0.163124	0.317474	5	2.81231	13
5	--	0.423308	0.090909	6	2.90322	14
6	--	0.636945	0.147014	7	3.05023	15
7	--	0.244256	0.15255	8	3.20278	16
8	--	0.881031	0.532196	9	3.73498	17
9	--	1.386401	1.341719	10	5.0767	18

test #58
4	--	0.132778	0.390822	3	0.13278	1
3	--	0.192617	0.555611	2	0.3254	2
2	--	0.731527	0.216644	3	0.54204	3
3	--	0.222571	0.162715	4	0.70476	4
4	--	0.484095	0.354265	5	1.05902	5
5	--	0.28991	0.571121	4	1.34893	6
4	--	0.219801	0.161078	5	1.51001	7
5	--	0.104935	0.15696	4	1.61495	8
4	--	0.095216	0.608976	3	1.71017	9
3	--	0.657303	0.332562	4	2.04273	10
4	--	0.336861	0.333556	5	2.37629	11
5	--	0.207716	0.257916	4	2.58401	12
4	--	0.273077	0.212089	5	2.7961	13
5	--	0.15799	0.22587	4	2.95409	14
4	--	0.222658	0.252162	3	3.17675	15
3	--	0.239073	0.164648	4	3.3414	16
4	--	0.095749	0.112739	3	3.43715	17
3	--	0.501901	0.741996	2	3.93905	18
2	--	0.169175	0.234932	1	4.10823	19
1	--	0.271676	1.131055	0	4.37991	20

test #59
4	--	0.146178	0.12954	5	0.12954	1
5	--	0.121835	0.348669	4	0.25138	2
4	--	0.136572	0.316627	3	0.38795	3
3	--	0.572721	0.334194	4	0.72214	4
4	--	0.120342	0.348354	3	0.84248	5
3	--	0.139653	0.35421	2	0.98213	6
2	--	0.716113	0.188181	3	1.17031	7
3	--	0.200134	0.250783	2	1.37044	8
2	--	0.42131	0.312966	3	1.68341	9
3	--	0.717955	0.683266	4	2.36668	10
4	--	0.626068	0.546042	5	2.91272	11
5	--	0.140665	0.330743	4	3.05339	12
4	--	0.443452	0.235596	5	3.28899	13
5	--	0.460161	0.586299	4	3.74915	14
4	--	0.403531	0.144309	5	3.89346	15
5	--	0.387293	0.474697	4	4.28075	16
4	--	0.433459	0.13995	5	4.4207	17
5	--	0.186501	0.181789	6	4.60249	18
6	--	0.299451	0.22923	7	4.83172	19
7	--	0.41543	0.548146	6	5.24715	20
6	--	0.410246	0.392649	7	5.6398	21
7	--	0.181065	0.578077	6	5.82086	22
6	--	0.263104	0.287769	5	6.08396	23
5	--	0.220355	0.575624	4	6.30432	24
4	--	0.158143	0.14349	5	6.44781	25
5	--	0.209881	0.120342	6	6.56815	26
6	--	0.097589	0.51251	5	6.66574	27
5	--	0.218525	0.100889	6	6.76663	28
6	--	0.633316	0.393089	7	7.15972	29
7	--	0.158582	0.239976	6	7.3183	30
6	--	0.548966	0.604006	5	7.86727	31
5	--	0.529412	0.295457	6	8.16273	32
6	--	0.110665	0.143326	5	8.27339	33
5	--	0.18032	0.293131	4	8.45371	34
4	--	0.624587	0.238163	5	8.69187	35
5	--	0.122627	0.459193	4	8.8145	36
4	--	0.258234	0.117872	5	8.93237	37
5	--	0.293573	0.622498	4	9.22594	38
4	--	0.140818	0.262651	3	9.36676	39
3	--	0.592851	0.394435	4	9.7612	40
4	--	0.103036	0.254549	3	9.86424	41
3	--	0.255444	0.106806	4	9.97105	42
4	--	0.291447	0.142195	5	10.11324	43
5	--	0.442415	0.20672	6	10.31996	44
6	--	0.332312	0.121146	7	10.44111	45
7	--	0.388728	0.163296	8	10.60441	46
8	--	0.307582	0.676918	7	10.91199	47
7	--	0.29724	0.298086	6	11.20923	48
6	--	0.481109	0.238486	7	11.44772	49
7	--	0.40693	0.330374	8	11.77809	50
8	--	0.263394	0.211206	9	11.9893	51
9	--	1.438589	0.439481	10	12.42878	52

test #60
4	--	0.593246	0.17107	5	0.17107	1
5	--	0.407162	0.096962	6	0.26803	2
6	--	0.115784	0.613792	5	0.38381	3
5	--	0.104182	0.435098	4	0.48799	4
4	--	0.268029	0.379566	3	0.75602	5
3	--	0.18146	0.146488	4	0.90251	6
4	--	0.305229	0.29946	5	1.20197	7
5	--	0.638242	0.091293	6	1.29326	8
6	--	0.227498	0.391078	5	1.52076	9
5	--	0.108963	0.574267	4	1.62972	10
4	--	0.121354	0.259868	3	1.75107	11
3	--	0.451766	0.701942	2	2.20284	12
2	--	0.42086	0.481273	1	2.6237	13
1	--	0.277769	0.896845	0	2.90147	14

test #61
4	--	0.32107	0.406338	3	0.32107	1
3	--	0.574148	0.30581	4	0.62688	2
4	--	0.589405	0.164738	5	0.79162	3
5	--	0.255812	0.41892	4	1.04743	4
4	--	0.110706	0.581929	3	1.15814	5
3	--	0.305334	0.364444	2	1.46347	6
2	--	0.589221	0.837591	1	2.05269	7
1	--	0.695612	0.536209	2	2.5889	8
2	--	0.385745	0.19683	3	2.78573	9
3	--	0.307811	0.492431	2	3.09354	10
2	--	0.861518	0.54769	3	3.64123	11
3	--	0.545439	0.664318	2	4.18667	12
2	--	0.71428	0.484018	3	4.67069	13
3	--	0.187428	0.389348	2	4.85812	14
2	--	0.357738	0.898194	1	5.21586	15
1	--	0.631757	0.693707	0	5.84762	16

test #62
4	--	0.200788	0.12737	5	0.12737	1
5	--	0.322105	0.304472	6	0.43184	2
6	--	0.180925	0.365443	5	0.61276	3
5	--	0.215129	0.626771	4	0.82789	4
4	--	0.333464	0.47206	3	1.16135	5
3	--	0.471801	0.447067	4	1.60842	6
4	--	0.156989	0.136969	5	1.74539	7
5	--	0.095249	0.358155	4	1.84064	8
4	--	0.306753	0.268586	5	2.10923	9
5	--	0.603168	0.49479	6	2.60402	10
6	--	0.427346	0.291903	7	2.89592	11
7	--	0.29145	0.483295	6	3.18737	12
6	--	0.109378	0.171153	5	3.29675	13
5	--	0.3865	0.405204	4	3.68325	14
4	--	0.13327	0.233508	3	3.81652	15
3	--	0.239237	0.388313	2	4.05576	16
2	--	0.251586	0.508909	1	4.30735	17
1	--	0.309606	0.525968	0	4.61696	18

test #63
4	--	0.341736	0.152514	5	0.15251	1
5	--	0.124507	0.580073	4	0.27702	2
4	--	0.100127	0.588954	3	0.37715	3
3	--	0.446837	0.345328	4	0.72248	4
4	--	0.343144	0.322575	5	1.04506	5
5	--	0.11037	0.17472	4	1.15543	6
4	--	0.16389	0.351215	3	1.31932	7
3	--	0.579394	0.744379	2	1.89871	8
2	--	0.8754	0.224767	3	2.12348	9
3	--	0.20535	0.161727	4	2.28521	10
4	--	0.183414	0.199685	3	2.46862	11
3	--	0.399013	0.124963	4	2.59358	12
4	--	0.173398	0.363661	3	2.76698	13
3	--	0.241049	0.562791	2	3.00803	14
2	--	0.910932	0.242183	3	3.25021	15
3	--	0.531682	0.343592	4	3.5938	16
4	--	0.358713	0.149447	5	3.74325	17
5	--	0.143759	0.195969	4	3.88701	18
4	--	0.145689	0.389344	3	4.0327	19
3	--	0.161144	0.725722	2	4.19384	20
2	--	0.318149	0.781923	1	4.51199	21
1	--	1.292512	1.014736	2	5.52673	22
2	--	0.249629	0.323443	1	5.77636	23
1	--	0.577417	1.54391	0	6.35378	24

test #64
4	--	0.40207	0.147722	5	0.14772	1
5	--	0.315249	0.249234	6	0.39695	2
6	--	0.112264	0.210073	5	0.50921	3
5	--	0.131834	0.642731	4	0.64104	4
4	--	0.350355	0.253708	5	0.89475	5
5	--	0.089337	0.516254	4	0.98409	6
4	--	0.157378	0.20102	3	1.14147	7
3	--	0.489548	0.340516	4	1.48199	8
4	--	0.193394	0.201778	3	1.67538	9
3	--	0.581033	0.252351	4	1.92773	10
4	--	0.130945	0.150561	3	2.05867	11
3	--	0.141716	0.22787	2	2.20039	12
2	--	0.295634	0.380016	1	2.49602	13
1	--	0.535232	0.358022	2	2.85404	14
2	--	0.452622	0.729564	1	3.30666	15
1	--	0.565793	0.445971	2	3.75263	16
2	--	0.32553	0.480388	1	4.07816	17
1	--	1.455387	0.252618	2	4.33078	18
2	--	0.527359	0.779823	1	4.85814	19
1	--	1.470205	1.496554	0	6.32834	20

test #65
4	--	0.666091	0.398919	5	0.39892	1
5	--	0.587711	0.253862	6	0.65278	2
6	--	0.624669	0.222846	7	0.87563	3
7	--	0.67437	0.219858	8	1.09549	4
8	--	0.384747	0.474235	7	1.48024	5
7	--	0.151614	0.313168	6	1.63185	6
6	--	0.509607	0.652557	5	2.14146	7
5	--	0.415315	0.287958	6	2.42942	8
6	--	0.372487	0.266473	7	2.69589	9
7	--	0.337913	0.420521	6	3.0338	10
6	--	0.119143	0.255208	5	3.15294	11
5	--	0.322291	0.161134	6	3.31407	12
6	--	0.240277	0.204812	7	3.51888	13
7	--	0.503963	0.203497	8	3.72238	14
8	--	0.943355	0.366366	9	4.08875	15
9	--	0.548133	1.256442	8	4.63688	16
8	--	0.170715	0.570002	7	4.8076	17
7	--	0.161199	0.25522	6	4.9688	18
6	--	0.184121	0.141279	7	5.11008	19
7	--	0.219658	0.484128	6	5.32974	20
6	--	0.140381	0.387388	5	5.47012	21
5	--	0.271424	0.124624	6	5.59474	22
6	--	0.12454	0.333824	5	5.71928	23
5	--	0.278099	0.501529	4	5.99738	24
4	--	0.370122	0.65036	3	6.3675	25
3	--	0.148827	0.430359	2	6.51633	26
2	--	0.585464	0.424366	3	6.9407	27
3	--	0.587238	0.576426	4	7.51713	28
4	--	0.119061	0.218418	3	7.63619	29
3	--	0.264184	0.119249	4	7.75544	30
4	--	0.263587	0.132632	5	7.88807	31
5	--	0.157096	0.121155	6	8.00923	32
6	--	0.228067	0.557084	5	8.2373	33
5	--	0.356014	0.454019	4	8.59331	34
4	--	0.435916	0.433856	5	9.02717	35
5	--	0.455822	0.114545	6	9.14171	36
6	--	0.403858	0.523966	5	9.54557	37
5	--	0.223551	0.102776	6	9.64835	38
6	--	0.301898	0.226669	7	9.87502	39
7	--	0.406514	0.288223	8	10.16324	40
8	--	0.536922	0.348982	9	10.51222	41
9	--	1.285383	1.465327	8	11.7976	42
8	--	0.907828	0.753906	9	12.55151	43
9	--	1.160218	1.511753	8	13.71173	44
8	--	0.319789	0.464875	7	14.03152	45
7	--	0.533909	0.182091	8	14.21361	46
8	--	0.178113	0.532188	7	14.39172	47
7	--	0.616604	0.276779	8	14.6685	48
8	--	0.347098	0.287151	9	14.95565	49
9	--	0.381712	0.49283	8	15.33736	50
8	--	0.181935	0.732478	7	15.5193	51
7	--	0.145072	0.246769	6	15.66437	52
6	--	0.400407	0.639263	5	16.06478	53
5	--	0.521507	0.201068	6	16.26585	54
6	--	0.592545	0.213436	7	16.47929	55
7	--	0.404114	0.279098	8	16.75839	56
8	--	0.786081	0.346797	9	17.10519	57
9	--	1.594177	0.331144	10	17.43633	58

test #66
4	--	0.612714	0.159454	5	0.15945	1
5	--	0.257859	0.106869	6	0.26632	2
6	--	0.447852	0.147711	7	0.41403	3
7	--	0.480613	0.165306	8	0.57934	4
8	--	0.972531	0.899249	9	1.47859	5
9	--	1.701945	0.395187	10	1.87378	6

test #67
4	--	0.469065	0.422331	5	0.42233	1
5	--	0.335067	0.364273	4	0.7574	2
4	--	0.556357	0.298479	5	1.05588	3
5	--	0.303291	0.524135	4	1.35917	4
4	--	0.639622	0.146554	5	1.50572	5
5	--	0.349227	0.331788	6	1.83751	6
6	--	0.146286	0.591697	5	1.9838	7
5	--	0.137644	0.509536	4	2.12144	8
4	--	0.198367	0.104677	5	2.22612	9
5	--	0.105673	0.377215	4	2.33179	10
4	--	0.133584	0.43548	3	2.46537	11
3	--	0.191006	0.413652	2	2.65638	12
2	--	0.530104	0.950668	1	3.18648	13
1	--	0.935136	0.303886	2	3.49037	14
2	--	0.20106	0.543824	1	3.69143	15
1	--	0.304884	1.292672	0	3.99631	16

test #68
4	--	0.365665	0.194786	5	0.19479	1
5	--	0.542846	0.489047	6	0.68384	2
6	--	0.245274	0.3077	5	0.92911	3
5	--	0.199706	0.393753	4	1.12882	4
4	--	0.208162	0.333248	3	1.33698	5
3	--	0.474037	0.683502	2	1.81102	6
2	--	0.593238	0.408745	3	2.21976	7
3	--	0.574364	0.588687	2	2.79412	8
2	--	0.405021	0.648044	1	3.19914	9
1	--	0.856209	1.463093	0	4.05535	10

test #69
4	--	0.210262	0.248325	3	0.21026	1
3	--	0.515601	0.220335	4	0.4306	2
4	--	0.318359	0.66931	3	0.74896	3
3	--	0.247082	0.117833	4	0.86679	4
4	--	0.126356	0.232967	3	0.99315	5
3	--	0.610027	0.41565	4	1.4088	6
4	--	0.169314	0.28792	3	1.57811	7
3	--	0.202344	0.121838	4	1.69995	8
4	--	0.553077	0.310117	5	2.01007	9
5	--	0.556075	0.585865	4	2.56615	10
4	--	0.59421	0.568907	5	3.13506	11
5	--	0.209358	0.448412	4	3.34442	12
4	--	0.11151	0.366212	3	3.45593	13
3	--	0.670126	0.644167	4	4.1001	14
4	--	0.286556	0.179069	5	4.27917	15
5	--	0.451115	0.334886	6	4.61406	16
6	--	0.458967	0.223661	7	4.83772	17
7	--	0.17763	0.174815	8	5.01254	18
8	--	0.695437	0.484639	9	5.49718	19
9	--	0.345516	1.179097	8	5.8427	20
8	--	0.293726	0.192758	9	6.03546	21
9	--	0.299616	0.377759	8	6.33508	22
8	--	0.286085	0.265155	9	6.60023	23
9	--	1.411697	1.211464	10	7.81169	24

test #70
4	--	0.272388	0.296365	3	0.27239	1
3	--	0.145383	0.127391	4	0.39978	2
4	--	0.21637	0.38655	3	0.61615	3
3	--	0.639961	0.165745	4	0.78189	4
4	--	0.492403	0.113617	5	0.89551	5
5	--	0.449165	0.132356	6	1.02787	6
6	--	0.14509	0.126768	7	1.15464	7
7	--	0.187669	0.265986	6	1.34231	8
6	--	0.109338	0.361678	5	1.45165	9
5	--	0.595593	0.123542	6	1.57519	10
6	--	0.368596	0.419458	5	1.94379	11
5	--	0.287586	0.447931	4	2.23138	12
4	--	0.639863	0.336114	5	2.56749	13
5	--	0.193557	0.49567	4	2.76105	14
4	--	0.222272	0.386938	3	2.98332	15
3	--	0.190336	0.28894	2	3.17366	16
2	--	0.721462	0.51441	3	3.68807	17
3	--	0.253155	0.321404	2	3.94123	18
2	--	0.599868	0.877199	1	4.5411	19
1	--	0.591659	0.535612	2	5.07671	20
2	--	0.51422	0.601279	1	5.59093	21
1	--	1.417351	0.428398	2	6.01933	22
2	--	0.151936	0.173874	1	6.17127	23
1	--	1.654863	0.328749	2	6.50002	24
2	--	0.639544	0.194492	3	6.69451	25
3	--	0.209329	0.668773	2	6.90384	26
2	--	0.15803	0.643968	1	7.06187	27
1	--	1.590926	0.538569	2	7.60044	28
2	--	0.303814	0.326089	1	7.90425	29
1	--	1.395123	1.047209	2	8.95146	30
2	--	0.357749	0.673735	1	9.30921	31
1	--	1.008784	0.468987	2	9.7782	32
2	--	0.62988	0.231328	3	10.00953	33
3	--	0.694735	0.111551	4	10.12108	34
4	--	0.255467	0.277621	3	10.37655	35
3	--	0.494689	0.373495	4	10.75005	36
4	--	0.176001	0.108414	5	10.85846	37
5	--	0.110354	0.122736	4	10.96881	38
4	--	0.093163	0.511332	3	11.06197	39
3	--	0.191723	0.224739	2	11.25369	40
2	--	0.312632	0.338786	1	11.56632	41
1	--	0.312713	0.68556	0	11.87903	42

test #71
4	--	0.186086	0.193467	3	0.18609	1
3	--	0.250758	0.534778	2	0.43685	2
2	--	0.358028	0.260822	3	0.69767	3
3	--	0.14119	0.523111	2	0.83886	4
2	--	0.253598	0.142844	3	0.9817	5
3	--	0.109486	0.210481	2	1.09119	6
2	--	0.223083	0.260894	1	1.31427	7
1	--	1.280393	0.446849	2	1.76112	8
2	--	0.720619	0.478804	3	2.23992	9
3	--	0.283622	0.428796	2	2.52354	10
2	--	0.817638	0.386525	3	2.91006	11
3	--	0.224927	0.493997	2	3.13499	12
2	--	0.713358	0.274365	3	3.40936	13
3	--	0.284006	0.423373	2	3.69337	14
2	--	0.493687	0.44715	3	4.14052	15
3	--	0.133575	0.27186	2	4.2741	16
2	--	0.240384	0.69718	1	4.51448	17
1	--	0.606151	0.796229	0	5.12063	18

test #72
4	--	0.403507	0.563345	3	0.40351	1
3	--	0.538081	0.264648	4	0.66816	2
4	--	0.29508	0.305583	3	0.96324	3
3	--	0.32919	0.247555	4	1.2108	4
4	--	0.439868	0.330169	5	1.54097	5
5	--	0.419655	0.594017	4	1.96063	6
4	--	0.346623	0.542304	3	2.30725	7
3	--	0.613097	0.382108	4	2.68936	8
4	--	0.60282	0.534415	5	3.22378	9
5	--	0.233044	0.467985	4	3.45682	10
4	--	0.260356	0.655306	3	3.71718	11
3	--	0.374375	0.342974	4	4.06015	12
4	--	0.202953	0.132788	5	4.19294	13
5	--	0.107801	0.251803	4	4.30074	14
4	--	0.20114	0.121064	5	4.4218	15
5	--	0.515989	0.237029	6	4.65883	16
6	--	0.386024	0.651718	5	5.04485	17
5	--	0.241015	0.271102	4	5.28587	18
4	--	0.610651	0.530056	5	5.81593	19
5	--	0.217347	0.269134	4	6.03328	20
4	--	0.519731	0.519128	5	6.55241	21
5	--	0.182907	0.181459	6	6.73387	22
6	--	0.184769	0.404579	5	6.91864	23
5	--	0.52455	0.195716	6	7.11436	24
6	--	0.445482	0.096926	7	7.21129	25
7	--	0.130656	0.552622	6	7.34195	26
6	--	0.273633	0.516282	5	7.61558	27
5	--	0.221241	0.631428	4	7.83682	28
4	--	0.105558	0.339824	3	7.94238	29
3	--	0.334797	0.764333	2	8.27718	30
2	--	0.993491	0.939314	3	9.21649	31
3	--	0.183328	0.241731	2	9.39982	32
2	--	0.240434	0.397246	1	9.64025	33
1	--	0.626437	0.31113	2	9.95138	34
2	--	0.212121	0.356678	1	10.1635	35
1	--	1.223826	0.44443	2	10.60793	36
2	--	0.459194	0.496588	1	11.06712	37
1	--	0.621146	0.809197	0	11.68827	38

test #73
4	--	0.58878	0.311257	5	0.31126	1
5	--	0.332252	0.495813	4	0.64351	2
4	--	0.60376	0.244235	5	0.88775	3
5	--	0.352892	0.633815	4	1.24064	4
4	--	0.139233	0.306862	3	1.37987	5
3	--	0.710866	0.284225	4	1.66409	6
4	--	0.239737	0.595224	3	1.90383	7
3	--	0.474335	0.15876	4	2.06259	8
4	--	0.236901	0.202304	5	2.26489	9
5	--	0.369607	0.327943	6	2.59283	10
6	--	0.114291	0.188601	5	2.70712	11
5	--	0.261467	0.462268	4	2.96859	12
4	--	0.454613	0.115661	5	3.08425	13
5	--	0.304349	0.115566	6	3.19982	14
6	--	0.249586	0.276842	5	3.44941	15
5	--	0.301024	0.367336	4	3.75043	16
4	--	0.63182	0.620411	5	4.37084	17
5	--	0.468719	0.130827	6	4.50167	18
6	--	0.229696	0.269809	5	4.73137	19
5	--	0.43077	0.20608	6	4.93745	20
6	--	0.246948	0.564412	5	5.1844	21
5	--	0.126133	0.17097	4	5.31053	22
4	--	0.232369	0.172825	5	5.48335	23
5	--	0.137203	0.176073	4	5.62055	24
4	--	0.165401	0.53379	3	5.78595	25
3	--	0.142416	0.565844	2	5.92837	26
2	--	0.409593	0.146882	3	6.07525	27
3	--	0.311046	0.215941	4	6.29119	28
4	--	0.630273	0.182471	5	6.47366	29
5	--	0.39284	0.175158	6	6.64882	30
6	--	0.158675	0.146048	7	6.79487	31
7	--	0.245877	0.294859	6	7.04075	32
6	--	0.109705	0.130379	5	7.15045	33
5	--	0.59179	0.168226	6	7.31868	34
6	--	0.565	0.670228	5	7.88368	35
5	--	0.245965	0.115171	6	7.99885	36
6	--	0.456122	0.219947	7	8.2188	37
7	--	0.365283	0.532606	6	8.58408	38
6	--	0.395825	0.584157	5	8.9799	39
5	--	0.34664	0.109763	6	9.08966	40
6	--	0.229519	0.146152	7	9.23581	41
7	--	0.553089	0.472347	8	9.70816	42
8	--	0.837169	0.651501	9	10.35966	43
9	--	0.561602	0.954228	8	10.92126	44
8	--	0.177554	0.670185	7	11.09881	45
7	--	0.183327	0.691248	6	11.28214	46
6	--	0.647591	0.170227	7	11.45237	47
7	--	0.584221	0.145057	8	11.59743	48
8	--	0.36456	0.684275	7	11.96199	49
7	--	0.455343	0.141627	8	12.10362	50
8	--	0.643672	0.272463	9	12.37608	51
9	--	0.586354	1.290914	8	12.96243	52
8	--	0.192357	0.277048	7	13.15479	53
7	--	0.755096	0.219878	8	13.37467	54
8	--	0.532064	0.319469	9	13.69414	55
9	--	1.226394	1.248648	8	14.92053	56
8	--	0.266441	0.327129	7	15.18697	57
7	--	0.331693	0.137598	8	15.32457	58
8	--	0.633496	0.896803	7	15.95807	59
7	--	0.360018	0.182782	8	16.14085	60
8	--	0.213428	0.627975	7	16.35428	61
7	--	0.542494	0.18801	8	16.54229	62
8	--	0.623261	0.589692	9	17.13198	63
9	--	0.478802	1.013611	8	17.61078	64
8	--	0.309897	0.994376	7	17.92068	65
7	--	0.226854	0.48087	6	18.14753	66
6	--	0.182192	0.141442	7	18.28897	67
7	--	0.308985	0.311358	6	18.59795	68
6	--	0.126584	0.492023	5	18.72453	69
5	--	0.281665	0.136589	6	18.86112	70
6	--	0.411651	0.587554	5	19.27277	71
5	--	0.110662	0.380085	4	19.38343	72
4	--	0.179048	0.093412	5	19.47684	73
5	--	0.29953	0.359207	4	19.77637	74
4	--	0.210643	0.408327	3	19.98701	75
3	--	0.673438	0.530821	4	20.51783	76
4	--	0.390277	0.265486	5	20.78332	77
5	--	0.188649	0.223452	4	20.97197	78
4	--	0.237053	0.096907	5	21.06888	79
5	--	0.148456	0.46459	4	21.21734	80
4	--	0.116303	0.397975	3	21.33364	81
3	--	0.15369	0.16288	2	21.48733	82
2	--	0.9487	0.536215	3	22.02355	83
3	--	0.221832	0.168418	4	22.19197	84
4	--	0.280921	0.112436	5	22.30441	85
5	--	0.224504	0.296437	4	22.52891	86
4	--	0.2476	0.543722	3	22.77651	87
3	--	0.566256	0.434331	4	23.21084	88
4	--	0.13508	0.555076	3	23.34592	89
3	--	0.359422	0.127429	4	23.47335	90
4	--	0.304631	0.230594	5	23.70394	91
5	--	0.208696	0.532593	4	23.91264	92
4	--	0.403801	0.155795	5	24.06843	93
5	--	0.484846	0.32907	6	24.3975	94
6	--	0.229022	0.361357	5	24.62652	95
5	--	0.381579	0.252181	6	24.8787	96
6	--	0.192108	0.382909	5	25.07081	97
5	--	0.177731	0.353052	4	25.24854	98
4	--	0.275572	0.49821	3	25.52411	99
3	--	0.133586	0.387729	2	25.6577	100
2	--	0.672747	0.251621	3	25.90932	101
3	--	0.122982	0.68178	2	26.0323	102
2	--	0.197946	0.828723	1	26.23025	103
1	--	0.376051	0.601768	0	26.6063	104

test #74
4	--	0.138592	0.658032	3	0.13859	1
3	--	0.382088	0.431926	2	0.52068	2
2	--	0.414675	0.221558	3	0.74224	3
3	--	0.545657	0.504815	4	1.24706	4
4	--	0.201171	0.099401	5	1.34646	5
5	--	0.117101	0.105751	6	1.45221	6
6	--	0.631518	0.170671	7	1.62288	7
7	--	0.165688	0.109292	8	1.73217	8
8	--	0.49186	0.194566	9	1.92674	9
9	--	0.671641	0.531713	10	2.45845	10

test #75
4	--	0.588334	0.437918	5	0.43792	1
5	--	0.279765	0.236991	6	0.67491	2
6	--	0.327747	0.337815	5	1.00266	3
5	--	0.129904	0.42027	4	1.13256	4
4	--	0.286283	0.578677	3	1.41884	5
3	--	0.172407	0.490213	2	1.59125	6
2	--	0.682461	0.316236	3	1.90749	7
3	--	0.636913	0.720239	2	2.5444	8
2	--	0.509797	0.600391	1	3.0542	9
1	--	0.739251	1.210974	0	3.79345	10

test #76
4	--	0.233553	0.405925	3	0.23355	1
3	--	0.171371	0.371203	2	0.40492	2
2	--	0.471295	0.22582	3	0.63074	3
3	--	0.410563	0.14453	4	0.77527	4
4	--	0.110399	0.645888	3	0.88567	5
3	--	0.668848	0.562491	4	1.44816	6
4	--	0.59887	0.669689	3	2.04703	7
3	--	0.481459	0.631968	2	2.52849	8
2	--	0.323018	0.777477	1	2.85151	9
1	--	0.580987	0.250506	2	3.10202	10
2	--	0.296695	0.898826	1	3.39872	11
1	--	0.95554	0.36602	2	3.76474	12
2	--	0.363229	0.239434	3	4.00417	13
3	--	0.491125	0.201446	4	4.20562	14
4	--	0.446408	0.363045	5	4.56866	15
5	--	0.290079	0.506662	4	4.85874	16
4	--	0.094609	0.564654	3	4.95335	17
3	--	0.117056	0.316798	2	5.07041	18
2	--	0.246955	0.269902	1	5.31737	19
1	--	0.311692	0.592361	0	5.62906	20

test #77
4	--	0.513577	0.302801	5	0.3028	1
5	--	0.512393	0.474602	6	0.7774	2
6	--	0.2108	0.249706	5	0.9882	3
5	--	0.433593	0.345162	6	1.33336	4
6	--	0.390734	0.203742	7	1.5371	5
7	--	0.4806	0.595179	6	2.0177	6
6	--	0.290857	0.154271	7	2.17197	7
7	--	0.67853	0.486984	8	2.65895	8
8	--	0.391782	0.882848	7	3.05073	9
7	--	0.691183	0.71668	6	3.74191	10
6	--	0.280631	0.182897	7	3.92481	11
7	--	0.122203	0.491988	6	4.04701	12
6	--	0.398314	0.297778	7	4.34479	13
7	--	0.568791	0.183075	8	4.52787	14
8	--	0.835273	0.953561	7	5.36314	15
7	--	0.331348	0.758621	6	5.69449	16
6	--	0.6246	0.650758	5	6.31909	17
5	--	0.160562	0.296852	4	6.47965	18
4	--	0.102789	0.15574	3	6.58244	19
3	--	0.399768	0.175263	4	6.7577	20
4	--	0.104676	0.452144	3	6.86238	21
3	--	0.266763	0.2438	4	7.10618	22
4	--	0.553876	0.176771	5	7.28295	23
5	--	0.315399	0.619859	4	7.59835	24
4	--	0.437515	0.110858	5	7.70921	25
5	--	0.2645	0.101419	6	7.81063	26
6	--	0.637777	0.281342	7	8.09197	27
7	--	0.192241	0.196395	6	8.28421	28
6	--	0.236011	0.553622	5	8.52022	29
5	--	0.579458	0.167676	6	8.6879	30
6	--	0.206872	0.653887	5	8.89477	31
5	--	0.518429	0.1721	6	9.06687	32
6	--	0.278426	0.457709	5	9.3453	33
5	--	0.548383	0.107082	6	9.45238	34
6	--	0.129065	0.432961	5	9.58145	35
5	--	0.124992	0.38677	4	9.70644	36
4	--	0.236747	0.1295	5	9.83594	37
5	--	0.222727	0.329475	4	10.05867	38
4	--	0.142414	0.125328	5	10.184	39
5	--	0.269488	0.11431	6	10.29831	40
6	--	0.554049	0.369646	7	10.66796	41
7	--	0.262238	0.6359	6	10.9302	42
6	--	0.481193	0.137093	7	11.06729	43
7	--	0.560292	0.369508	8	11.4368	44
8	--	0.218853	0.280626	7	11.65565	45
7	--	0.218361	0.622523	6	11.87401	46
6	--	0.442979	0.143362	7	12.01737	47
7	--	0.172342	0.76116	6	12.18971	48
6	--	0.121631	0.317767	5	12.31134	49
5	--	0.188164	0.093698	6	12.40504	50
6	--	0.416963	0.359902	7	12.76494	51
7	--	0.269679	0.400572	6	13.03462	52
6	--	0.590216	0.135304	7	13.16992	53
7	--	0.490239	0.430856	8	13.60078	54
8	--	0.460688	0.34527	9	13.94605	55
9	--	0.441365	0.345245	10	14.29129	56

test #78
4	--	0.355096	0.382407	3	0.3551	1
3	--	0.15011	0.503	2	0.50521	2
2	--	0.470201	0.500135	1	0.97541	3
1	--	0.981565	1.385006	0	1.95697	4

test #79
4	--	0.374769	0.146015	5	0.14602	1
5	--	0.112536	0.200897	4	0.25856	2
4	--	0.412154	0.219514	5	0.47807	3
5	--	0.476389	0.17227	6	0.65034	4
6	--	0.206931	0.256094	5	0.85727	5
5	--	0.1277	0.24742	4	0.98497	6
4	--	0.262512	0.460845	3	1.24748	7
3	--	0.536069	0.26654	4	1.51402	8
4	--	0.181912	0.149171	5	1.66319	9
5	--	0.121545	0.198947	4	1.78473	10
4	--	0.153197	0.478552	3	1.93793	11
3	--	0.115322	0.11367	4	2.0516	12
4	--	0.158617	0.379226	3	2.21022	13
3	--	0.284425	0.343761	2	2.49464	14
2	--	0.711549	0.296205	3	2.79084	15
3	--	0.248338	0.18516	4	2.976	16
4	--	0.452549	0.407592	5	3.38359	17
5	--	0.108505	0.254735	4	3.49209	18
4	--	0.349145	0.1634	5	3.65549	19
5	--	0.284219	0.215719	6	3.87121	20
6	--	0.599497	0.191397	7	4.06261	21
7	--	0.258201	0.118337	8	4.18095	22
8	--	0.735355	0.185491	9	4.36644	23
9	--	0.26815	0.980291	8	4.63459	24
8	--	0.905157	0.226826	9	4.86142	25
9	--	0.313324	1.315094	8	5.17474	26
8	--	0.457813	0.632084	7	5.63255	27
7	--	0.482733	0.206677	8	5.83923	28
8	--	0.719498	0.394197	9	6.23343	29
9	--	0.627581	0.369138	10	6.60257	30

test #80
4	--	0.525519	0.108106	5	0.10811	1
5	--	0.290266	0.235059	6	0.34317	2
6	--	0.227955	0.336969	5	0.57113	3
5	--	0.480946	0.451836	6	1.02297	4
6	--	0.650199	0.316486	7	1.33946	5
7	--	0.222688	0.614056	6	1.56215	6
6	--	0.159238	0.329083	5	1.72139	7
5	--	0.200004	0.091653	6	1.81304	8
6	--	0.16365	0.594433	5	1.97669	9
5	--	0.486129	0.393765	6	2.37045	10
6	--	0.158448	0.178964	5	2.5289	11
5	--	0.171578	0.592887	4	2.70048	12
4	--	0.143352	0.130997	5	2.83148	13
5	--	0.544632	0.323509	6	3.15499	14
6	--	0.120861	0.537658	5	3.27585	15
5	--	0.141861	0.192544	4	3.41771	16
4	--	0.604195	0.279179	5	3.69689	17
5	--	0.312613	0.499777	4	4.0095	18
4	--	0.546526	0.217677	5	4.22718	19
5	--	0.117189	0.278052	4	4.34437	20
4	--	0.319143	0.175351	5	4.51972	21
5	--	0.097878	0.185728	4	4.6176	22
4	--	0.142659	0.233038	3	4.76026	23
3	--	0.595541	0.181694	4	4.94195	24
4	--	0.104473	0.541926	3	5.04642	25
3	--	0.545406	0.277188	4	5.32361	26
4	--	0.542536	0.505833	5	5.82944	27
5	--	0.279942	0.241033	6	6.07047	28
6	--	0.347448	0.212127	7	6.2826	29
7	--	0.147355	0.211232	6	6.42996	30
6	--	0.124079	0.379305	5	6.55404	31
5	--	0.250826	0.090524	6	6.64456	32
6	--	0.176164	0.386128	5	6.82072	33
5	--	0.508272	0.390647	6	7.21137	34
6	--	0.288805	0.195696	7	7.40707	35
7	--	0.23349	0.656575	6	7.64056	36
6	--	0.144994	0.111482	7	7.75204	37
7	--	0.431237	0.118591	8	7.87063	38
8	--	0.210768	0.373225	7	8.0814	39
7	--	0.459271	0.613889	6	8.54067	40
6	--	0.182046	0.47609	5	8.72272	41
5	--	0.513129	0.186799	6	8.90952	42
6	--	0.308576	0.287262	7	9.19678	43
7	--	0.522387	0.695375	6	9.71917	44
6	--	0.100027	0.339406	5	9.8192	45
5	--	0.435153	0.119968	6	9.93917	46
6	--	0.116971	0.149785	5	10.05614	47
5	--	0.355877	0.32092	6	10.37706	48
6	--	0.152022	0.15297	5	10.52908	49
5	--	0.589984	0.15116	6	10.68024	50
6	--	0.175061	0.133473	7	10.81371	51
7	--	0.350973	0.251744	8	11.06545	52
8	--	0.373491	0.174571	9	11.24002	53
9	--	0.947018	1.047492	8	12.18704	54
8	--	0.273253	0.188814	9	12.37585	55
9	--	0.460911	0.951525	8	12.83676	56
8	--	0.7749	0.29432	9	13.13108	57
9	--	1.119487	0.502984	10	13.63406	58

test #81
4	--	0.096383	0.19931	3	0.09638	1
3	--	0.376613	0.268751	4	0.36513	2
4	--	0.574719	0.486831	5	0.85196	3
5	--	0.610983	0.116555	6	0.96852	4
6	--	0.186418	0.385896	5	1.15494	5
5	--	0.130072	0.236614	4	1.28501	6
4	--	0.280281	0.248267	5	1.53328	7
5	--	0.576726	0.417561	6	1.95084	8
6	--	0.186881	0.133597	7	2.08444	9
7	--	0.266851	0.286251	6	2.35129	10
6	--	0.648295	0.414341	7	2.76563	11
7	--	0.319744	0.588628	6	3.08537	12
6	--	0.268261	0.095276	7	3.18065	13
7	--	0.205761	0.252057	6	3.38641	14
6	--	0.3431	0.141337	7	3.52775	15
7	--	0.278928	0.198672	8	3.72642	16
8	--	0.630328	0.985422	7	4.35675	17
7	--	0.504333	0.262912	8	4.61966	18
8	--	0.373431	0.6756	7	4.99309	19
7	--	0.167338	0.389208	6	5.16043	20
6	--	0.267403	0.398165	5	5.42783	21
5	--	0.239848	0.333536	4	5.66768	22
4	--	0.190468	0.116475	5	5.78416	23
5	--	0.188266	0.266706	4	5.97243	24
4	--	0.268842	0.184676	5	6.15711	25
5	--	0.146849	0.099387	6	6.2565	26
6	--	0.283006	0.218466	7	6.47497	27
7	--	0.22776	0.589663	6	6.70273	28
6	--	0.559575	0.552274	7	7.255	29
7	--	0.224544	0.394089	6	7.47954	30
6	--	0.187012	0.111525	7	7.59106	31
7	--	0.425213	0.569875	6	8.01627	32
6	--	0.61975	0.305876	7	8.32215	33
7	--	0.374862	0.68746	6	8.69701	34
6	--	0.275759	0.121633	7	8.81864	35
7	--	0.197126	0.226228	6	9.01577	36
6	--	0.208651	0.141647	7	9.15742	37
7	--	0.633397	0.551242	8	9.70866	38
8	--	0.399127	0.411698	7	10.10779	39
7	--	0.22357	0.306185	6	10.33136	40
6	--	0.459426	0.10447	7	10.43583	41
7	--	0.509017	0.108581	8	10.54441	42
8	--	0.339653	0.371584	7	10.88406	43
7	--	0.208953	0.338588	6	11.09301	44
6	--	0.290249	0.279683	7	11.37269	45
7	--	0.145688	0.409832	6	11.51838	46
6	--	0.129535	0.365338	5	11.64792	47
5	--	0.129292	0.1745	4	11.77721	48
4	--	0.306122	0.602413	3	12.08333	49
3	--	0.197528	0.256461	2	12.28086	50
2	--	0.589418	0.362562	3	12.64342	51
3	--	0.558355	0.74864	2	13.20178	52
2	--	0.403498	0.651212	1	13.60528	53
1	--	0.283149	1.715193	0	13.88843	54

test #82
4	--	0.174473	0.140709	5	0.14071	1
5	--	0.142966	0.468829	4	0.28368	2
4	--	0.307955	0.332659	3	0.59163	3
3	--	0.118642	0.687381	2	0.71027	4
2	--	0.163429	0.170291	1	0.8737	5
1	--	0.53543	1.681053	0	1.40913	6

test #83
4	--	0.379669	0.432814	3	0.37967	1
3	--	0.150602	0.392559	2	0.53027	2
2	--	0.331406	0.179813	3	0.71008	3
3	--	0.228825	0.108092	4	0.81817	4
4	--	0.501361	0.122897	5	0.94107	5
5	--	0.111076	0.53298	4	1.05215	6
4	--	0.586581	0.539641	5	1.59179	7
5	--	0.200516	0.638473	4	1.79231	8
4	--	0.103411	0.478468	3	1.89572	9
3	--	0.217983	0.717231	2	2.1137	10
2	--	0.200171	0.437286	1	2.31387	11
1	--	0.652166	1.454936	0	2.96604	12

test #84
4	--	0.41304	0.225207	5	0.22521	1
5	--	0.361925	0.315844	6	0.54105	2
6	--	0.323023	0.165624	7	0.70667	3
7	--	0.353534	0.301112	8	1.00778	4
8	--	0.980742	0.243083	9	1.25086	5
9	--	0.561191	0.723786	8	1.81205	6
8	--	0.354076	0.166784	9	1.97883	7
9	--	0.55292	0.923693	8	2.53175	8
8	--	0.246461	0.242418	9	2.77417	9
9	--	0.361815	0.402159	8	3.13599	10
8	--	0.372549	0.482803	7	3.50854	11
7	--	0.109472	0.13388	6	3.61801	12
6	--	0.329263	0.370897	5	3.94727	13
5	--	0.364385	0.327749	6	4.27502	14
6	--	0.416053	0.157931	7	4.43295	15
7	--	0.333364	0.340841	6	4.76631	16
6	--	0.443516	0.509624	5	5.20983	17
5	--	0.108727	0.395468	4	5.31856	18
4	--	0.332636	0.151746	5	5.47031	19
5	--	0.169524	0.394036	4	5.63983	20
4	--	0.270676	0.132266	5	5.7721	21
5	--	0.503125	0.452985	6	6.22508	22
6	--	0.189282	0.396171	5	6.41436	23
5	--	0.16769	0.473376	4	6.58205	24
4	--	0.506063	0.666522	3	7.08811	25
3	--	0.416341	0.17264	4	7.26075	26
4	--	0.126856	0.298605	3	7.38761	27
3	--	0.201312	0.161976	4	7.54959	28
4	--	0.132104	0.136824	3	7.68169	29
3	--	0.108802	0.255917	2	7.79049	30
2	--	0.189447	0.297944	1	7.97994	31
1	--	0.919014	1.022897	0	8.89895	32

test #85
4	--	0.195133	0.273464	3	0.19513	1
3	--	0.239729	0.371623	2	0.43486	2
2	--	0.869008	0.912246	1	1.30387	3
1	--	0.453086	1.282083	0	1.75696	4

test #86
4	--	0.386645	0.142519	5	0.14252	1
5	--	0.122367	0.402438	4	0.26489	2
4	--	0.269461	0.477816	3	0.53435	3
3	--	0.520769	0.288221	4	0.82257	4
4	--	0.375375	0.362735	5	1.18531	5
5	--	0.108655	0.402609	4	1.29397	6
4	--	0.362668	0.156795	5	1.45076	7
5	--	0.15156	0.446637	4	1.60232	8
4	--	0.237181	0.270496	3	1.8395	9
3	--	0.477434	0.130975	4	1.97048	10
4	--	0.386078	0.366671	5	2.33715	11
5	--	0.272799	0.350242	4	2.60995	12
4	--	0.29003	0.361173	3	2.89998	13
3	--	0.504212	0.481848	4	3.38183	14
4	--	0.435635	0.174375	5	3.55621	15
5	--	0.103387	0.283902	4	3.6596	16
4	--	0.662643	0.284004	5	3.9436	17
5	--	0.201775	0.589713	4	4.14538	18
4	--	0.110343	0.259539	3	4.25572	19
3	--	0.213304	0.62783	2	4.46902	20
2	--	0.142212	0.886941	1	4.61123	21
1	--	1.642077	1.262098	2	5.87333	22
2	--	0.604274	0.749496	1	6.4776	23
1	--	0.994578	0.391245	2	6.86884	24
2	--	0.978018	0.370802	3	7.23964	25
3	--	0.367123	0.179515	4	7.41916	26
4	--	0.344633	0.544879	3	7.76379	27
3	--	0.40049	0.721831	2	8.16428	28
2	--	0.267144	0.958924	1	8.43142	29
1	--	1.334242	1.059342	2	9.49076	30
2	--	0.548557	0.927476	1	10.03932	31
1	--	0.69308	1.568537	0	10.7324	32

test #87
4	--	0.099266	0.191443	3	0.09927	1
3	--	0.314943	0.369285	2	0.41421	2
2	--	0.719018	0.4286	3	0.84281	3
3	--	0.349834	0.385967	2	1.19264	4
2	--	0.669177	0.714191	1	1.86182	5
1	--	0.425714	0.288586	2	2.15041	6
2	--	0.565463	0.36847	3	2.51888	7
3	--	0.281715	0.116176	4	2.63506	8
4	--	0.147088	0.199977	3	2.78215	9
3	--	0.610948	0.513765	4	3.29591	10
4	--	0.659244	0.534354	5	3.83026	11
5	--	0.232742	0.319754	4	4.063	12
4	--	0.155894	0.301434	3	4.21889	13
3	--	0.503163	0.58674	2	4.72205	14
2	--	0.404536	0.899416	1	5.12659	15
1	--	0.776445	0.727966	2	5.85456	16
2	--	0.807653	0.63307	3	6.48763	17
3	--	0.396872	0.242478	4	6.73011	18
4	--	0.379178	0.347471	5	7.07758	19
5	--	0.478864	0.129479	6	7.20706	20
6	--	0.441452	0.183821	7	7.39088	21
7	--	0.287789	0.124879	8	7.51576	22
8	--	0.818363	0.157774	9	7.67353	23
9	--	1.774918	1.166318	10	8.83985	24

test #88
4	--	0.384302	0.223971	5	0.22397	1
5	--	0.145389	0.549924	4	0.36936	2
4	--	0.563364	0.46916	5	0.83852	3
5	--	0.304789	0.327899	4	1.14331	4
4	--	0.325345	0.324304	5	1.46761	5
5	--	0.282313	0.172629	6	1.64024	6
6	--	0.667413	0.298426	7	1.93867	7
7	--	0.415046	0.222531	8	2.1612	8
8	--	0.984146	0.39627	9	2.55747	9
9	--	0.530603	0.297441	10	2.85491	10

test #89
4	--	0.174984	0.555725	3	0.17498	1
3	--	0.342976	0.12127	4	0.29625	2
4	--	0.155127	0.344146	3	0.45138	3
3	--	0.721147	0.279474	4	0.73085	4
4	--	0.288813	0.122212	5	0.85306	5
5	--	0.135596	0.134893	6	0.98795	6
6	--	0.386508	0.446175	5	1.37446	7
5	--	0.161075	0.183469	4	1.53554	8
4	--	0.486724	0.154169	5	1.68971	9
5	--	0.472684	0.391329	6	2.08104	10
6	--	0.135908	0.437176	5	2.21695	11
5	--	0.113962	0.302632	4	2.33091	12
4	--	0.118178	0.096652	5	2.42756	13
5	--	0.101807	0.237168	4	2.52937	14
4	--	0.405589	0.148525	5	2.67789	15
5	--	0.15497	0.301053	4	2.83286	16
4	--	0.18392	0.267525	3	3.01678	17
3	--	0.421467	0.456498	2	3.43825	18
2	--	0.141953	0.335616	1	3.5802	19
1	--	0.682306	1.328015	0	4.26251	20

test #90
4	--	0.50718	0.588687	3	0.50718	1
3	--	0.686734	0.225628	4	0.73281	2
4	--	0.290502	0.203719	5	0.93653	3
5	--	0.404762	0.366007	6	1.30254	4
6	--	0.144412	0.403691	5	1.44695	5
5	--	0.385007	0.483319	4	1.83196	6
4	--	0.658901	0.495301	5	2.32726	7
5	--	0.235191	0.116637	6	2.4439	8
6	--	0.13608	0.575031	5	2.57998	9
5	--	0.321013	0.107186	6	2.68717	10
6	--	0.288051	0.252278	7	2.93945	11
7	--	0.56162	0.120489	8	3.05994	12
8	--	0.351436	0.202545	9	3.26248	13
9	--	0.61547	1.564533	8	3.87795	14
8	--	0.284217	0.719732	7	4.16217	15
7	--	0.330636	0.614423	6	4.49281	16
6	--	0.114544	0.285269	5	4.60735	17
5	--	0.156986	0.111063	6	4.71841	18
6	--	0.596607	0.165498	7	4.88391	19
7	--	0.142195	0.228985	6	5.0261	20
6	--	0.097457	0.594949	5	5.12356	21
5	--	0.388079	0.138947	6	5.26251	22
6	--	0.305505	0.59837	5	5.56802	23
5	--	0.147397	0.438246	4	5.71542	24
4	--	0.093264	0.217601	3	5.80868	25
3	--	0.31202	0.196607	4	6.00529	26
4	--	0.596221	0.361552	5	6.36684	27
5	--	0.158478	0.109773	6	6.47661	28
6	--	0.256413	0.35281	5	6.73302	29
5	--	0.320382	0.128422	6	6.86144	30
6	--	0.313045	0.338134	5	7.17448	31
5	--	0.187443	0.226369	4	7.36192	32
4	--	0.310973	0.352242	3	7.67289	33
3	--	0.566173	0.272479	4	7.94537	34
4	--	0.101625	0.453581	3	8.04699	35
3	--	0.18961	0.242852	2	8.2366	36
2	--	0.607685	0.971989	1	8.84428	37
1	--	0.524089	0.835372	0	9.36837	38

test #91
4	--	0.367096	0.232968	5	0.23297	1
5	--	0.426776	0.444433	4	0.65975	2
4	--	0.299296	0.4401	3	0.95905	3
3	--	0.122844	0.161092	2	1.08189	4
2	--	0.770759	0.708825	3	1.79071	5
3	--	0.298134	0.41827	2	2.08884	6
2	--	0.230859	0.178828	3	2.26767	7
3	--	0.470559	0.152313	4	2.41998	8
4	--	0.214695	0.205395	5	2.62538	9
5	--	0.186243	0.529725	4	2.81162	10
4	--	0.109419	0.398343	3	2.92104	11
3	--	0.190601	0.232308	2	3.11164	12
2	--	0.569258	0.573481	1	3.6809	13
1	--	0.656331	0.449561	2	4.13046	14
2	--	0.449376	0.260497	3	4.39096	15
3	--	0.238113	0.432996	2	4.62907	16
2	--	0.484279	0.886268	1	5.11335	17
1	--	1.013556	1.470861	0	6.12691	18

test #92
4	--	0.281242	0.156143	5	0.15614	1
5	--	0.203682	0.243199	4	0.35982	2
4	--	0.358662	0.155408	5	0.51523	3
5	--	0.483844	0.180698	6	0.69593	4
6	--	0.531729	0.128046	7	0.82398	5
7	--	0.449431	0.460318	6	1.27341	6
6	--	0.188874	0.103572	7	1.37698	7
7	--	0.175332	0.443656	6	1.55231	8
6	--	0.185774	0.236743	5	1.73808	9
5	--	0.096118	0.131651	4	1.8342	10
4	--	0.174914	0.590146	3	2.00911	11
3	--	0.157319	0.710028	2	2.16643	12
2	--	0.166182	0.574848	1	2.33261	13
1	--	1.011724	0.462352	2	2.79496	14
2	--	0.200409	0.2268	1	2.99537	15
1	--	0.885192	0.265686	2	3.26106	16
2	--	0.90052	0.404248	3	3.66531	17
3	--	0.322703	0.287682	4	3.95299	18
4	--	0.575953	0.104603	5	4.05759	19
5	--	0.386996	0.574362	4	4.44459	20
4	--	0.381663	0.393456	3	4.82625	21
3	--	0.745943	0.182907	4	5.00916	22
4	--	0.242128	0.457706	3	5.25129	23
3	--	0.135409	0.580379	2	5.3867	24
2	--	0.95782	0.864662	3	6.25136	25
3	--	0.168365	0.73291	2	6.41972	26
2	--	0.181014	0.174638	3	6.59436	27
3	--	0.377098	0.425758	2	6.97146	28
2	--	0.364045	0.816211	1	7.3355	29
1	--	0.405994	0.331495	2	7.667	30
2	--	0.371244	0.43484	1	8.03824	31
1	--	0.343054	0.404167	0	8.38129	32

test #93
4	--	0.115977	0.517308	3	0.11598	1
3	--	0.317899	0.668562	2	0.43388	2
2	--	0.554733	0.344813	3	0.77869	3
3	--	0.651962	0.753069	2	1.43065	4
2	--	0.195356	0.209433	1	1.62601	5
1	--	0.955207	1.425278	0	2.58122	6

test #94
4	--	0.306845	0.571145	3	0.30684	1
3	--	0.741525	0.30283	4	0.60967	2
4	--	0.345165	0.157488	5	0.76716	3
5	--	0.155924	0.369041	4	0.92308	4
4	--	0.669866	0.321235	5	1.24432	5
5	--	0.31701	0.344855	4	1.56133	6
4	--	0.142186	0.600288	3	1.70352	7
3	--	0.592326	0.193026	4	1.89655	8
4	--	0.219975	0.210541	5	2.10709	9
5	--	0.453386	0.524956	4	2.56048	10
4	--	0.48996	0.477542	5	3.03802	11
5	--	0.42023	0.471635	4	3.45825	12
4	--	0.263824	0.256379	5	3.71463	13
5	--	0.173709	0.339689	4	3.88834	14
4	--	0.182428	0.426708	3	4.07077	15
3	--	0.325043	0.197019	4	4.26779	16
4	--	0.352882	0.608092	3	4.62067	17
3	--	0.342612	0.117028	4	4.7377	18
4	--	0.180055	0.342453	3	4.91776	19
3	--	0.186549	0.635273	2	5.10431	20
2	--	0.474667	0.499772	1	5.57898	21
1	--	0.783929	0.75648	2	6.33546	22
2	--	0.375837	0.580842	1	6.7113	23
1	--	0.846535	0.406704	2	7.118	24
2	--	0.357628	0.390349	1	7.47563	25
1	--	0.301798	0.465697	0	7.77743	26

test #95
4	--	0.395421	0.16595	5	0.16595	1
5	--	0.372524	0.513087	4	0.53847	2
4	--	0.449843	0.313239	5	0.85171	3
5	--	0.360004	0.15575	6	1.00746	4
6	--	0.657592	0.288638	7	1.2961	5
7	--	0.291004	0.204256	8	1.50036	6
8	--	0.532259	0.391536	9	1.8919	7
9	--	0.944473	0.788605	10	2.6805	8

test #96
4	--	0.352712	0.438131	3	0.35271	1
3	--	0.455684	0.361916	4	0.71463	2
4	--	0.137562	0.241863	3	0.85219	3
3	--	0.321453	0.303632	4	1.15582	4
4	--	0.286563	0.326323	3	1.44238	5
3	--	0.348336	0.199064	4	1.64144	6
4	--	0.220716	0.471956	3	1.86216	7
3	--	0.128568	0.467071	2	1.99073	8
2	--	0.320748	0.572623	1	2.31148	9
1	--	0.561528	0.681285	0	2.87301	10

test #97
4	--	0.249216	0.303757	3	0.24922	1
3	--	0.621945	0.312874	4	0.56209	2
4	--	0.167866	0.60156	3	0.72996	3
3	--	0.572206	0.16216	4	0.89212	4
4	--	0.263564	0.303099	3	1.15568	5
3	--	0.327162	0.610262	2	1.48284	6
2	--	0.426311	0.611422	1	1.90915	7
1	--	0.63516	1.249319	0	2.54431	8

test #98
4	--	0.258717	0.516362	3	0.25872	1
3	--	0.435526	0.334195	4	0.59292	2
4	--	0.155436	0.186976	3	0.74836	3
3	--	0.12524	0.189836	2	0.8736	4
2	--	0.429336	0.785621	1	1.30294	5
1	--	0.975438	0.810685	2	2.11362	6
2	--	0.46376	0.663153	1	2.57738	7
1	--	1.212925	1.015647	2	3.59303	8
2	--	0.592931	0.380348	3	3.97338	9
3	--	0.491905	0.340148	4	4.31353	10
4	--	0.290551	0.557294	3	4.60408	11
3	--	0.345152	0.454902	2	4.94923	12
2	--	0.8025	0.281783	3	5.23101	13
3	--	0.243277	0.339565	2	5.47429	14
2	--	0.596058	0.512813	3	5.9871	15
3	--	0.566107	0.269381	4	6.25648	16
4	--	0.541467	0.61311	3	6.79795	17
3	--	0.446042	0.276229	4	7.07418	18
4	--	0.138909	0.355933	3	7.21309	19
3	--	0.657473	0.552846	4	7.76594	20
4	--	0.578833	0.561448	5	8.32739	21
5	--	0.268971	0.116025	6	8.44341	22
6	--	0.496329	0.399104	7	8.84251	23
7	--	0.290104	0.6196	6	9.13261	24
6	--	0.451962	0.101585	7	9.23419	25
7	--	0.599886	0.301101	8	9.53529	26
8	--	0.279501	0.212114	9	9.7474	27
9	--	0.540992	0.810899	8	10.28839	28
8	--	0.243665	0.159529	9	10.44792	29
9	--	0.509956	1.738568	8	10.95788	30
8	--	0.933162	0.62555	9	11.58343	31
9	--	1.019729	0.470302	10	12.05373	32

test #99
4	--	0.545361	0.26616	5	0.26616	1
5	--	0.122793	0.11582	6	0.38198	2
6	--	0.204327	0.104485	7	0.48646	3
7	--	0.119343	0.357047	6	0.6058	4
6	--	0.186027	0.247787	5	0.79183	5
5	--	0.098586	0.396238	4	0.89042	6
4	--	0.13373	0.133277	5	1.0237	7
5	--	0.300101	0.15629	6	1.17999	8
6	--	0.420067	0.16184	7	1.34183	9
7	--	0.655977	0.403988	8	1.74582	10
8	--	0.42404	0.226565	9	1.97238	11
9	--	1.376091	0.688223	10	2.6606	12
