start i C()	t_left		t_right 	New i	Total time generation

test #0
3	--	0.321291	0.171169	4	0.17117	1
4	--	0.494021	0.244542	5	0.41571	2
5	--	0.203054	0.210582	4	0.61876	3
4	--	0.135489	0.401229	3	0.75425	4
3	--	0.512972	0.249898	4	1.00415	5
4	--	0.222544	0.134185	5	1.13833	6
5	--	0.233428	0.36152	4	1.37176	7
4	--	0.235654	0.459037	3	1.60741	8
3	--	0.506837	0.184726	4	1.79214	9
4	--	0.368726	0.355369	5	2.14751	10
5	--	0.359382	0.316191	6	2.4637	11
6	--	0.368058	0.167031	7	2.63073	12
7	--	0.199959	0.55066	6	2.83069	13
6	--	0.179762	0.333617	5	3.01045	14
5	--	0.17633	0.520127	4	3.18678	15
4	--	0.304146	0.472164	3	3.49093	16
3	--	0.589681	0.306147	4	3.79708	17
4	--	0.099785	0.326163	3	3.89686	18
3	--	0.438027	0.637285	2	4.33489	19
2	--	0.913962	0.995171	1	5.24885	20
1	--	1.43678	0.459767	2	5.70862	21
2	--	0.166628	0.198399	1	5.87525	22
1	--	0.88367	1.645216	0	6.75892	23

test #1
3	--	0.310743	0.300409	4	0.30041	1
4	--	0.335547	0.098623	5	0.39903	2
5	--	0.14289	0.115679	6	0.51471	3
6	--	0.669232	0.307612	7	0.82232	4
7	--	0.320686	0.187983	8	1.0103	5
8	--	0.17628	0.46705	7	1.18658	6
7	--	0.12119	0.132508	6	1.30777	7
6	--	0.400361	0.666793	5	1.70813	8
5	--	0.223076	0.153062	6	1.86119	9
6	--	0.500041	0.218391	7	2.07958	10
7	--	0.240961	0.57039	6	2.32054	11
6	--	0.321958	0.177564	7	2.4981	12
7	--	0.763829	0.483132	8	2.98123	13
8	--	0.194253	0.338385	7	3.17548	14
7	--	0.307927	0.11742	8	3.2929	15
8	--	0.243682	0.305693	7	3.53658	16
7	--	0.273665	0.494601	6	3.81024	17
6	--	0.341434	0.16526	7	3.9755	18
7	--	0.392736	0.306203	8	4.2817	19
8	--	0.63368	0.921932	7	4.91538	20
7	--	0.177996	0.761326	6	5.09338	21
6	--	0.528044	0.405469	7	5.49885	22
7	--	0.412614	0.205627	8	5.70448	23
8	--	0.958651	0.326191	9	6.03067	24
9	--	0.866866	1.07715	8	6.89754	25
8	--	0.744327	0.637215	9	7.53476	26
9	--	1.407453	1.336661	10	8.87142	27

test #2
3	--	0.182564	0.274041	2	0.18256	1
2	--	0.241465	0.319795	1	0.42402	2
1	--	0.369699	0.456458	0	0.79372	3

test #3
3	--	0.189336	0.209153	2	0.18934	1
2	--	0.360567	0.456844	1	0.54991	2
1	--	0.975765	1.189884	0	1.52567	3

test #4
3	--	0.349397	0.175492	4	0.17549	1
4	--	0.220579	0.265236	3	0.39607	2
3	--	0.526597	0.148286	4	0.54436	3
4	--	0.133226	0.274866	3	0.67759	4
3	--	0.538222	0.22339	4	0.90098	5
4	--	0.106498	0.124463	3	1.00748	6
3	--	0.463486	0.725764	2	1.47097	7
2	--	0.174565	0.181325	1	1.64553	8
1	--	0.337592	0.489743	0	1.98312	9

test #5
3	--	0.552299	0.396616	4	0.39662	1
4	--	0.572754	0.343816	5	0.74044	2
5	--	0.26495	0.094016	6	0.83446	3
6	--	0.47537	0.366439	7	1.2009	4
7	--	0.476664	0.456859	8	1.65776	5
8	--	0.728125	0.338368	9	1.99613	6
9	--	1.549876	1.53731	10	3.53344	7

test #6
3	--	0.561347	0.473393	4	0.47339	1
4	--	0.340751	0.173912	5	0.6473	2
5	--	0.358312	0.363162	4	1.00561	3
4	--	0.312751	0.250579	5	1.25619	4
5	--	0.284064	0.242175	6	1.49837	5
6	--	0.170187	0.196513	5	1.66856	6
5	--	0.256888	0.536079	4	1.92545	7
4	--	0.301344	0.163082	5	2.08853	8
5	--	0.437279	0.5808	4	2.52581	9
4	--	0.121576	0.217381	3	2.64739	10
3	--	0.217714	0.261523	2	2.8651	11
2	--	0.905557	0.303802	3	3.1689	12
3	--	0.660446	0.119549	4	3.28845	13
4	--	0.405736	0.329835	5	3.61829	14
5	--	0.141516	0.519586	4	3.75981	15
4	--	0.158325	0.20351	3	3.91813	16
3	--	0.112459	0.118692	2	4.03059	17
2	--	0.451084	0.933163	1	4.48167	18
1	--	1.103699	0.60425	2	5.08592	19
2	--	0.823703	0.314247	3	5.40017	20
3	--	0.114984	0.269213	2	5.51515	21
2	--	0.897591	0.163627	3	5.67878	22
3	--	0.271742	0.25714	4	5.93592	23
4	--	0.340988	0.578513	3	6.27691	24
3	--	0.751564	0.130318	4	6.40723	25
4	--	0.166682	0.426976	3	6.57391	26
3	--	0.718416	0.761384	2	7.29233	27
2	--	0.394767	0.517127	1	7.6871	28
1	--	0.633201	0.492	2	8.1791	29
2	--	0.392684	0.208607	3	8.38771	30
3	--	0.438736	0.292477	4	8.68019	31
4	--	0.563328	0.099834	5	8.78002	32
5	--	0.12846	0.121343	6	8.90136	33
6	--	0.644244	0.374584	7	9.27594	34
7	--	0.133452	0.685316	6	9.40939	35
6	--	0.490046	0.285322	7	9.69471	36
7	--	0.4106	0.301839	8	9.99655	37
8	--	0.72289	0.211434	9	10.20798	38
9	--	0.357887	1.49927	8	10.56587	39
8	--	0.193689	0.337868	7	10.75956	40
7	--	0.193339	0.272177	6	10.9529	41
6	--	0.31807	0.311023	7	11.26392	42
7	--	0.294901	0.421861	6	11.55882	43
6	--	0.598399	0.339092	7	11.89791	44
7	--	0.582696	0.37222	8	12.27013	45
8	--	0.484403	0.729516	7	12.75453	46
7	--	0.523376	0.135504	8	12.89003	47
8	--	0.969949	0.341001	9	13.23103	48
9	--	1.78595	0.629107	10	13.86014	49

test #7
3	--	0.743545	0.582639	4	0.58264	1
4	--	0.413352	0.366978	5	0.94962	2
5	--	0.176255	0.335187	4	1.12588	3
4	--	0.54984	0.401062	5	1.52694	4
5	--	0.20594	0.379794	4	1.73288	5
4	--	0.112496	0.202587	3	1.84538	6
3	--	0.516096	0.165649	4	2.01103	7
4	--	0.388076	0.172511	5	2.18354	8
5	--	0.462634	0.228829	6	2.41237	9
6	--	0.380998	0.378433	7	2.7908	10
7	--	0.682662	0.676745	8	3.46754	11
8	--	0.396984	0.427666	7	3.86452	12
7	--	0.652439	0.401963	8	4.26648	13
8	--	0.793444	0.408532	9	4.67501	14
9	--	0.524977	0.993961	8	5.19999	15
8	--	0.696716	0.179162	9	5.37915	16
9	--	0.292308	1.169986	8	5.67146	17
8	--	0.372286	0.466652	7	6.04375	18
7	--	0.157675	0.330918	6	6.20143	19
6	--	0.315813	0.3025	7	6.50393	20
7	--	0.766053	0.179146	8	6.68308	21
8	--	0.210538	0.186312	9	6.86939	22
9	--	0.370475	1.148757	8	7.23987	23
8	--	0.342873	0.678192	7	7.58274	24
7	--	0.680557	0.191866	8	7.77461	25
8	--	0.547017	0.718389	7	8.32163	26
7	--	0.751692	0.179045	8	8.50067	27
8	--	0.59888	0.35216	9	8.85283	28
9	--	0.370149	0.45575	8	9.22298	29
8	--	0.508616	0.156514	9	9.37949	30
9	--	0.329503	1.040696	8	9.70899	31
8	--	0.197366	0.375665	7	9.90636	32
7	--	0.611011	0.154684	8	10.06104	33
8	--	0.218117	0.194142	9	10.25518	34
9	--	0.907275	0.731724	10	10.9869	35

test #8
3	--	0.136852	0.174532	2	0.13685	1
2	--	0.906443	0.377413	3	0.51426	2
3	--	0.203012	0.500061	2	0.71727	3
2	--	0.143559	0.486271	1	0.86083	4
1	--	0.903557	1.460531	0	1.76439	5

test #9
3	--	0.319586	0.21448	4	0.21448	1
4	--	0.473859	0.11868	5	0.33316	2
5	--	0.451816	0.564705	4	0.78498	3
4	--	0.168651	0.313011	3	0.95363	4
3	--	0.509287	0.44471	4	1.39834	5
4	--	0.367604	0.417022	3	1.76594	6
3	--	0.583749	0.217044	4	1.98298	7
4	--	0.362755	0.113817	5	2.0968	8
5	--	0.154857	0.104067	6	2.20087	9
6	--	0.383451	0.139496	7	2.34037	10
7	--	0.33233	0.217547	8	2.55792	11
8	--	0.24935	1.003869	7	2.80727	12
7	--	0.204236	0.282246	6	3.01151	13
6	--	0.633307	0.382176	7	3.39369	14
7	--	0.415058	0.148243	8	3.54193	15
8	--	0.18339	0.247867	7	3.72532	16
7	--	0.559201	0.440984	8	4.1663	17
8	--	0.409478	0.81825	7	4.57578	18
7	--	0.124602	0.276043	6	4.70038	19
6	--	0.227509	0.328803	5	4.92789	20
5	--	0.091016	0.388869	4	5.01891	21
4	--	0.49335	0.160056	5	5.17897	22
5	--	0.241569	0.27929	4	5.42054	23
4	--	0.344231	0.161372	5	5.58191	24
5	--	0.26942	0.529329	4	5.85133	25
4	--	0.654489	0.133093	5	5.98442	26
5	--	0.285156	0.613053	4	6.26958	27
4	--	0.491299	0.332686	5	6.60227	28
5	--	0.232845	0.170591	6	6.77286	29
6	--	0.182117	0.402755	5	6.95498	30
5	--	0.217628	0.198583	6	7.15356	31
6	--	0.66865	0.178691	7	7.33225	32
7	--	0.476192	0.540846	6	7.80844	33
6	--	0.199354	0.554554	5	8.00779	34
5	--	0.336931	0.564923	4	8.34472	35
4	--	0.337571	0.287879	5	8.6326	36
5	--	0.307266	0.316409	4	8.93987	37
4	--	0.113337	0.099108	5	9.03898	38
5	--	0.111636	0.5536	4	9.15062	39
4	--	0.350217	0.235499	5	9.38612	40
5	--	0.158261	0.296655	4	9.54438	41
4	--	0.093633	0.14088	3	9.63801	42
3	--	0.288946	0.460757	2	9.92696	43
2	--	0.514315	0.281415	3	10.20838	44
3	--	0.538447	0.282265	4	10.49064	45
4	--	0.496971	0.105812	5	10.59645	46
5	--	0.127499	0.31398	4	10.72395	47
4	--	0.28347	0.158623	5	10.88257	48
5	--	0.411367	0.120836	6	11.00341	49
6	--	0.250103	0.24902	7	11.25243	50
7	--	0.129713	0.141316	6	11.38214	51
6	--	0.109469	0.297769	5	11.49161	52
5	--	0.281128	0.149789	6	11.6414	53
6	--	0.418731	0.228474	7	11.86987	54
7	--	0.146672	0.516532	6	12.01654	55
6	--	0.1727	0.6146	5	12.18924	56
5	--	0.605243	0.303148	6	12.49239	57
6	--	0.492147	0.371829	7	12.86422	58
7	--	0.407934	0.156292	8	13.02051	59
8	--	0.378128	0.705771	7	13.39864	60
7	--	0.122834	0.415641	6	13.52147	61
6	--	0.26644	0.303596	5	13.78791	62
5	--	0.096449	0.107302	4	13.88436	63
4	--	0.159265	0.307914	3	14.04362	64
3	--	0.626168	0.244857	4	14.28848	65
4	--	0.369964	0.292814	5	14.58129	66
5	--	0.372827	0.164455	6	14.74575	67
6	--	0.557987	0.421093	7	15.16684	68
7	--	0.58069	0.355199	8	15.52204	69
8	--	0.629166	0.208376	9	15.73042	70
9	--	1.065419	0.516527	10	16.24695	71

test #10
3	--	0.434313	0.639466	2	0.43431	1
2	--	0.352936	0.441133	1	0.78725	2
1	--	0.290554	0.808021	0	1.0778	3

test #11
3	--	0.749084	0.243273	4	0.24327	1
4	--	0.26953	0.16241	5	0.40568	2
5	--	0.339333	0.463312	4	0.74501	3
4	--	0.228044	0.625996	3	0.97305	4
3	--	0.234609	0.340257	2	1.20766	5
2	--	0.196144	0.857365	1	1.4038	6
1	--	1.041725	1.514671	0	2.44552	7

test #12
3	--	0.629204	0.243691	4	0.24369	1
4	--	0.194684	0.231625	3	0.43837	2
3	--	0.267439	0.109925	4	0.54829	3
4	--	0.377612	0.134468	5	0.68276	4
5	--	0.114199	0.1528	4	0.79696	5
4	--	0.129498	0.247239	3	0.92646	6
3	--	0.390205	0.396664	2	1.31666	7
2	--	0.367466	0.344727	3	1.66139	8
3	--	0.392653	0.391203	4	2.05259	9
4	--	0.21768	0.529182	3	2.27027	10
3	--	0.172515	0.540343	2	2.44279	11
2	--	0.708444	0.69542	3	3.13821	12
3	--	0.571317	0.134495	4	3.27271	13
4	--	0.48992	0.354623	5	3.62733	14
5	--	0.626808	0.320657	6	3.94799	15
6	--	0.26729	0.180178	7	4.12817	16
7	--	0.32794	0.121471	8	4.24964	17
8	--	0.631885	0.285579	9	4.53522	18
9	--	0.719842	0.975532	8	5.25506	19
8	--	0.384565	0.966139	7	5.63962	20
7	--	0.614423	0.20966	8	5.84928	21
8	--	0.221926	0.641344	7	6.07121	22
7	--	0.296705	0.466462	6	6.36791	23
6	--	0.44673	0.426416	7	6.79433	24
7	--	0.482954	0.597426	6	7.27728	25
6	--	0.129265	0.444448	5	7.40654	26
5	--	0.221538	0.132265	6	7.5388	27
6	--	0.370917	0.481839	5	7.90972	28
5	--	0.170207	0.140416	6	8.05014	29
6	--	0.284665	0.175789	7	8.22593	30
7	--	0.350571	0.743722	6	8.5765	31
6	--	0.407066	0.613692	5	8.98357	32
5	--	0.253552	0.640196	4	9.23712	33
4	--	0.28728	0.567781	3	9.5244	34
3	--	0.283786	0.63655	2	9.80819	35
2	--	0.441333	0.285462	3	10.09365	36
3	--	0.117433	0.497404	2	10.21108	37
2	--	0.318846	0.623201	1	10.52993	38
1	--	0.46191	0.665745	0	10.99184	39

test #13
3	--	0.487242	0.464006	4	0.46401	1
4	--	0.558015	0.25043	5	0.71444	2
5	--	0.2712	0.154691	6	0.86913	3
6	--	0.495269	0.505051	5	1.3644	4
5	--	0.099867	0.244914	4	1.46427	5
4	--	0.235529	0.229712	5	1.69398	6
5	--	0.397845	0.642116	4	2.09182	7
4	--	0.263766	0.100249	5	2.19207	8
5	--	0.394174	0.540447	4	2.58624	9
4	--	0.094563	0.20932	3	2.6808	10
3	--	0.250973	0.211333	4	2.89213	11
4	--	0.571349	0.573514	3	3.46348	12
3	--	0.716871	0.350862	4	3.81434	13
4	--	0.472027	0.17051	5	3.98485	14
5	--	0.192262	0.321433	4	4.17711	15
4	--	0.24084	0.522164	3	4.41795	16
3	--	0.543211	0.137041	4	4.55499	17
4	--	0.255566	0.171533	5	4.72652	18
5	--	0.242262	0.091825	6	4.81834	19
6	--	0.47656	0.217224	7	5.03556	20
7	--	0.123393	0.132946	6	5.15895	21
6	--	0.198911	0.42329	5	5.35786	22
5	--	0.131852	0.267442	4	5.48971	23
4	--	0.635225	0.57583	5	6.06554	24
5	--	0.118863	0.341381	4	6.1844	25
4	--	0.477887	0.473877	5	6.65828	26
5	--	0.309989	0.127291	6	6.78557	27
6	--	0.2798	0.424168	5	7.06537	28
5	--	0.223741	0.311211	4	7.28911	29
4	--	0.380041	0.394082	3	7.66915	30
3	--	0.567148	0.581453	2	8.2363	31
2	--	0.195673	0.925737	1	8.43197	32
1	--	0.340329	0.657472	0	8.7723	33

test #14
3	--	0.462022	0.587769	2	0.46202	1
2	--	0.168898	0.667826	1	0.63092	2
1	--	0.68172	0.537123	2	1.16804	3
2	--	0.622124	0.903657	1	1.79016	4
1	--	0.405183	0.370899	2	2.16106	5
2	--	0.867802	0.219137	3	2.3802	6
3	--	0.126863	0.667994	2	2.50706	7
2	--	0.160465	0.624909	1	2.66752	8
1	--	0.559164	1.494898	0	3.22668	9

test #15
3	--	0.163817	0.122252	4	0.12225	1
4	--	0.099375	0.300263	3	0.22163	2
3	--	0.18805	0.380687	2	0.40968	3
2	--	0.339331	0.327867	3	0.73755	4
3	--	0.127612	0.279603	2	0.86516	5
2	--	0.911168	0.978968	1	1.77633	6
1	--	0.925334	0.542088	2	2.31842	7
2	--	0.239963	0.409544	1	2.55838	8
1	--	1.242564	1.510383	0	3.80094	9

test #16
3	--	0.496077	0.336977	4	0.33698	1
4	--	0.164323	0.281968	3	0.5013	2
3	--	0.26672	0.135638	4	0.63694	3
4	--	0.214777	0.240636	3	0.85172	4
3	--	0.484225	0.173325	4	1.02504	5
4	--	0.641079	0.23485	5	1.25989	6
5	--	0.156038	0.5397	4	1.41593	7
4	--	0.456998	0.151788	5	1.56772	8
5	--	0.15545	0.607902	4	1.72317	9
4	--	0.106928	0.4976	3	1.8301	10
3	--	0.252425	0.365177	2	2.08252	11
2	--	0.82413	0.169715	3	2.25224	12
3	--	0.38075	0.320165	4	2.5724	13
4	--	0.096876	0.111601	3	2.66928	14
3	--	0.30126	0.137444	4	2.80672	15
4	--	0.195958	0.278003	3	3.00268	16
3	--	0.10984	0.287069	2	3.11252	17
2	--	0.638381	0.258016	3	3.37054	18
3	--	0.341561	0.628064	2	3.7121	19
2	--	0.558665	0.29537	3	4.00747	20
3	--	0.474525	0.223993	4	4.23146	21
4	--	0.554908	0.194425	5	4.42588	22
5	--	0.104455	0.59571	4	4.53034	23
4	--	0.233639	0.49517	3	4.76398	24
3	--	0.464647	0.280771	4	5.04475	25
4	--	0.474477	0.142951	5	5.1877	26
5	--	0.366799	0.135648	6	5.32335	27
6	--	0.622963	0.206904	7	5.53025	28
7	--	0.419091	0.650225	6	5.94934	29
6	--	0.229003	0.117502	7	6.06684	30
7	--	0.174207	0.607481	6	6.24105	31
6	--	0.093639	0.250488	5	6.33469	32
5	--	0.118399	0.136735	4	6.45309	33
4	--	0.162713	0.477509	3	6.6158	34
3	--	0.278327	0.176101	4	6.7919	35
4	--	0.242549	0.465899	3	7.03445	36
3	--	0.348429	0.181705	4	7.21615	37
4	--	0.179311	0.514139	3	7.39546	38
3	--	0.594038	0.579341	4	7.9748	39
4	--	0.124864	0.280312	3	8.09966	40
3	--	0.11028	0.433306	2	8.20994	41
2	--	0.236369	0.146223	3	8.35616	42
3	--	0.116569	0.335792	2	8.47273	43
2	--	0.348273	0.556524	1	8.821	44
1	--	0.547077	1.445644	0	9.36808	45

test #17
3	--	0.448078	0.563734	2	0.44808	1
2	--	0.256113	0.170887	3	0.61897	2
3	--	0.685855	0.35037	4	0.96934	3
4	--	0.160528	0.587858	3	1.12987	4
3	--	0.588708	0.173383	4	1.30325	5
4	--	0.114967	0.468817	3	1.41822	6
3	--	0.306163	0.710986	2	1.72438	7
2	--	0.94868	0.81225	3	2.53663	8
3	--	0.171018	0.749602	2	2.70765	9
2	--	0.617262	0.206995	3	2.91465	10
3	--	0.696991	0.279368	4	3.19402	11
4	--	0.370777	0.104935	5	3.29896	12
5	--	0.292557	0.363981	4	3.59152	13
4	--	0.603693	0.294942	5	3.88646	14
5	--	0.632041	0.329615	6	4.21608	15
6	--	0.165697	0.322591	5	4.38178	16
5	--	0.46495	0.119965	6	4.50174	17
6	--	0.098167	0.424975	5	4.59991	18
5	--	0.268544	0.497408	4	4.86845	19
4	--	0.122384	0.112527	5	4.98098	20
5	--	0.481733	0.260904	6	5.24188	21
6	--	0.31346	0.613771	5	5.55534	22
5	--	0.157665	0.324532	4	5.713	23
4	--	0.386275	0.545755	3	6.09928	24
3	--	0.705943	0.649546	4	6.74883	25
4	--	0.304474	0.644587	3	7.0533	26
3	--	0.373114	0.332147	4	7.38545	27
4	--	0.165974	0.114182	5	7.49963	28
5	--	0.181537	0.498832	4	7.68117	29
4	--	0.167078	0.120354	5	7.80152	30
5	--	0.310961	0.120928	6	7.92245	31
6	--	0.262469	0.384691	5	8.18492	32
5	--	0.157078	0.345369	4	8.342	33
4	--	0.475757	0.195279	5	8.53728	34
5	--	0.323046	0.172143	6	8.70942	35
6	--	0.285253	0.289048	5	8.99467	36
5	--	0.172383	0.186984	4	9.16705	37
4	--	0.128989	0.401487	3	9.29604	38
3	--	0.189865	0.458174	2	9.4859	39
2	--	0.178732	0.57479	1	9.66463	40
1	--	0.790571	1.540995	0	10.4552	41

test #18
3	--	0.345681	0.469449	2	0.34568	1
2	--	0.637766	0.891496	1	0.98345	2
1	--	0.397233	1.74271	0	1.38068	3

test #19
3	--	0.416232	0.570049	2	0.41623	1
2	--	0.719174	0.56163	3	0.97786	2
3	--	0.197803	0.174698	4	1.15256	3
4	--	0.449831	0.135916	5	1.28848	4
5	--	0.258746	0.257381	6	1.54586	5
6	--	0.56337	0.209385	7	1.75524	6
7	--	0.197096	0.229423	6	1.95234	7
6	--	0.442738	0.152502	7	2.10484	8
7	--	0.69275	0.21396	8	2.3188	9
8	--	0.87211	0.585394	9	2.90419	10
9	--	0.734254	0.420419	10	3.32461	11

test #20
3	--	0.235971	0.22849	4	0.22849	1
4	--	0.095958	0.163846	3	0.32445	2
3	--	0.360961	0.333402	4	0.65785	3
4	--	0.18897	0.637049	3	0.84682	4
3	--	0.451197	0.617612	2	1.29802	5
2	--	0.555619	0.217953	3	1.51597	6
3	--	0.143782	0.168673	2	1.65975	7
2	--	0.387513	0.74133	1	2.04726	8
1	--	1.399291	0.275978	2	2.32324	9
2	--	0.20365	0.183508	3	2.50675	10
3	--	0.220952	0.662207	2	2.7277	11
2	--	0.784928	0.449573	3	3.17727	12
3	--	0.588281	0.130777	4	3.30805	13
4	--	0.196083	0.318307	3	3.50413	14
3	--	0.162385	0.483767	2	3.66651	15
2	--	0.465263	0.539943	1	4.13177	16
1	--	0.380684	0.515858	0	4.51245	17

test #21
3	--	0.157664	0.240749	2	0.15766	1
2	--	0.443877	0.203936	3	0.3616	2
3	--	0.613841	0.419077	4	0.78068	3
4	--	0.159011	0.589969	3	0.93969	4
3	--	0.177421	0.716541	2	1.11711	5
2	--	0.386109	0.418665	1	1.50322	6
1	--	1.603472	0.378625	2	1.88184	7
2	--	0.925871	0.390202	3	2.27204	8
3	--	0.151995	0.135465	4	2.4075	9
4	--	0.140525	0.301055	3	2.54803	10
3	--	0.23661	0.255752	2	2.78464	11
2	--	0.205234	0.211299	1	2.98987	12
1	--	0.424802	0.557664	0	3.41467	13

test #22
3	--	0.208084	0.246453	2	0.20808	1
2	--	0.578215	0.310544	3	0.51862	2
3	--	0.30706	0.514919	2	0.82568	3
2	--	0.17307	0.396632	1	0.99875	4
1	--	0.275572	0.440935	0	1.27432	5

test #23
3	--	0.194932	0.579557	2	0.19493	1
2	--	0.207969	0.683635	1	0.4029	2
1	--	0.491037	1.463799	0	0.89394	3

test #24
3	--	0.551428	0.262614	4	0.26261	1
4	--	0.213867	0.290554	3	0.47648	2
3	--	0.108155	0.323396	2	0.58464	3
2	--	0.776447	0.595273	3	1.17991	4
3	--	0.548322	0.442348	4	1.62226	5
4	--	0.133098	0.588709	3	1.75536	6
3	--	0.543631	0.125329	4	1.88069	7
4	--	0.222758	0.357012	3	2.10345	8
3	--	0.171038	0.369034	2	2.27449	9
2	--	0.616988	0.592996	3	2.86749	10
3	--	0.417811	0.272161	4	3.13965	11
4	--	0.663441	0.383884	5	3.52353	12
5	--	0.312765	0.427289	4	3.83629	13
4	--	0.521765	0.173154	5	4.00944	14
5	--	0.26007	0.389812	4	4.26951	15
4	--	0.212649	0.135901	5	4.40541	16
5	--	0.175126	0.273597	4	4.58054	17
4	--	0.253383	0.301498	3	4.83392	18
3	--	0.391519	0.182564	4	5.01648	19
4	--	0.511188	0.106737	5	5.12322	20
5	--	0.125385	0.253449	4	5.2486	21
4	--	0.126479	0.226859	3	5.37508	22
3	--	0.175183	0.593242	2	5.55026	23
2	--	0.529324	0.183413	3	5.73367	24
3	--	0.136736	0.144906	2	5.87041	25
2	--	0.960274	0.197369	3	6.06778	26
3	--	0.671993	0.135682	4	6.20346	27
4	--	0.193895	0.248086	3	6.39736	28
3	--	0.331347	0.682405	2	6.72871	29
2	--	0.207909	0.186735	3	6.91545	30
3	--	0.426203	0.496833	2	7.34165	31
2	--	0.686262	0.688058	1	8.02791	32
1	--	1.773547	1.748557	2	9.77647	33
2	--	0.290364	0.518828	1	10.06683	34
1	--	0.272998	0.7131	0	10.33983	35

test #25
3	--	0.196002	0.398223	2	0.196	1
2	--	0.293812	0.405215	1	0.48981	2
1	--	1.423608	1.444893	0	1.91342	3

test #26
3	--	0.701255	0.551097	4	0.5511	1
4	--	0.375166	0.130261	5	0.68136	2
5	--	0.252246	0.237605	6	0.91896	3
6	--	0.121961	0.342295	5	1.04092	4
5	--	0.143899	0.115296	6	1.15622	5
6	--	0.117755	0.174199	5	1.27398	6
5	--	0.327743	0.624039	4	1.60172	7
4	--	0.149246	0.408751	3	1.75097	8
3	--	0.279024	0.541368	2	2.02999	9
2	--	0.80893	0.702608	3	2.7326	10
3	--	0.563217	0.540164	4	3.27276	11
4	--	0.196934	0.148893	5	3.42165	12
5	--	0.21406	0.418038	4	3.63571	13
4	--	0.218127	0.108893	5	3.7446	14
5	--	0.194714	0.579959	4	3.93931	15
4	--	0.375437	0.324335	5	4.26365	16
5	--	0.277029	0.607606	4	4.54068	17
4	--	0.584719	0.298196	5	4.83888	18
5	--	0.235304	0.096387	6	4.93527	19
6	--	0.209851	0.295163	5	5.14512	20
5	--	0.153682	0.124871	6	5.26999	21
6	--	0.146813	0.151174	5	5.4168	22
5	--	0.269314	0.151576	6	5.56838	23
6	--	0.214071	0.191731	7	5.76011	24
7	--	0.16629	0.221566	6	5.9264	25
6	--	0.611863	0.606731	7	6.53313	26
7	--	0.720859	0.494429	8	7.02756	27
8	--	0.18979	0.211564	7	7.21735	28
7	--	0.289473	0.523092	6	7.50682	29
6	--	0.604525	0.469636	7	7.97646	30
7	--	0.320302	0.690841	6	8.29676	31
6	--	0.621947	0.613476	7	8.91024	32
7	--	0.322842	0.458515	6	9.23308	33
6	--	0.323792	0.185928	7	9.41901	34
7	--	0.329513	0.47524	6	9.74852	35
6	--	0.28494	0.202991	7	9.95151	36
7	--	0.505852	0.303144	8	10.25465	37
8	--	0.271276	0.191516	9	10.44617	38
9	--	1.49183	0.43052	10	10.87669	39

test #27
3	--	0.190598	0.143363	4	0.14336	1
4	--	0.226683	0.127965	5	0.27132	2
5	--	0.60701	0.477616	6	0.74894	3
6	--	0.160305	0.556094	5	0.90924	4
5	--	0.466351	0.534479	4	1.37559	5
4	--	0.22691	0.1328	5	1.50839	6
5	--	0.201452	0.38793	4	1.70984	7
4	--	0.590239	0.102282	5	1.81212	8
5	--	0.409817	0.100616	6	1.91274	9
6	--	0.296184	0.104361	7	2.0171	10
7	--	0.198601	0.285729	6	2.2157	11
6	--	0.637399	0.144993	7	2.36069	12
7	--	0.250364	0.492156	6	2.61105	13
6	--	0.166284	0.456563	5	2.77733	14
5	--	0.123774	0.54409	4	2.9011	15
4	--	0.243786	0.319415	3	3.14489	16
3	--	0.380265	0.2615	4	3.40639	17
4	--	0.107822	0.500841	3	3.51421	18
3	--	0.380803	0.111684	4	3.62589	19
4	--	0.242078	0.232581	5	3.85847	20
5	--	0.581143	0.213335	6	4.07181	21
6	--	0.424039	0.615999	5	4.49585	22
5	--	0.194439	0.167953	6	4.6638	23
6	--	0.568832	0.188787	7	4.85259	24
7	--	0.415959	0.226681	8	5.07927	25
8	--	0.730083	0.425289	9	5.50456	26
9	--	0.376417	0.77188	8	5.88098	27
8	--	0.581902	0.48583	9	6.36681	28
9	--	1.050158	1.121725	8	7.41697	29
8	--	0.387802	0.522343	7	7.80477	30
7	--	0.391245	0.367402	8	8.17217	31
8	--	0.286695	0.329929	7	8.45886	32
7	--	0.260523	0.612134	6	8.71938	33
6	--	0.574681	0.241282	7	8.96066	34
7	--	0.382512	0.316596	8	9.27726	35
8	--	0.526208	0.358082	9	9.63534	36
9	--	0.285807	0.652005	8	9.92115	37
8	--	0.258708	0.188329	9	10.10948	38
9	--	0.753786	0.452599	10	10.56208	39

test #28
3	--	0.745277	0.345265	4	0.34526	1
4	--	0.339595	0.107374	5	0.45263	2
5	--	0.13452	0.440839	4	0.58715	3
4	--	0.323163	0.291084	5	0.87823	4
5	--	0.207633	0.095399	6	0.97363	5
6	--	0.233274	0.445728	5	1.2069	6
5	--	0.435266	0.092138	6	1.29904	7
6	--	0.253492	0.183267	7	1.48231	8
7	--	0.136337	0.634057	6	1.61865	9
6	--	0.58425	0.118825	7	1.73747	10
7	--	0.216292	0.107039	8	1.84451	11
8	--	0.827005	0.38155	9	2.22606	12
9	--	0.38575	1.097551	8	2.61181	13
8	--	0.906041	0.211986	9	2.8238	14
9	--	0.426344	0.805499	8	3.25014	15
8	--	0.422024	0.151564	9	3.4017	16
9	--	1.090041	0.431604	10	3.8333	17

test #29
3	--	0.30285	0.349153	2	0.30285	1
2	--	0.446844	0.805385	1	0.74969	2
1	--	0.424226	0.444945	0	1.17392	3

test #30
3	--	0.329999	0.44405	2	0.33	1
2	--	0.814792	0.171736	3	0.50174	2
3	--	0.18834	0.59705	2	0.69008	3
2	--	0.361145	0.221349	3	0.91143	4
3	--	0.208337	0.166952	4	1.07838	5
4	--	0.512496	0.124753	5	1.20313	6
5	--	0.221511	0.089786	6	1.29292	7
6	--	0.293035	0.198858	7	1.49178	8
7	--	0.754258	0.128064	8	1.61984	9
8	--	0.387846	0.458274	7	2.00769	10
7	--	0.453052	0.443639	8	2.45133	11
8	--	0.769543	0.230882	9	2.68221	12
9	--	0.843539	0.3432	10	3.02541	13

test #31
3	--	0.474376	0.63551	2	0.47438	1
2	--	0.940152	0.473896	3	0.94828	2
3	--	0.380245	0.168127	4	1.11641	3
4	--	0.179797	0.3707	3	1.29621	4
3	--	0.516452	0.36847	4	1.66468	5
4	--	0.54014	0.267371	5	1.93205	6
5	--	0.544201	0.130547	6	2.0626	7
6	--	0.132475	0.157929	5	2.19508	8
5	--	0.468884	0.538529	4	2.66396	9
4	--	0.302595	0.125616	5	2.78958	10
5	--	0.090282	0.422556	4	2.87986	11
4	--	0.278137	0.526114	3	3.158	12
3	--	0.157514	0.345757	2	3.31551	13
2	--	0.396143	0.306054	3	3.62156	14
3	--	0.130078	0.570028	2	3.75164	15
2	--	0.339072	0.366435	1	4.09071	16
1	--	1.055352	0.301708	2	4.39242	17
2	--	0.786929	0.258112	3	4.65053	18
3	--	0.29684	0.617231	2	4.94737	19
2	--	0.868397	0.517198	3	5.46457	20
3	--	0.115261	0.207894	2	5.57983	21
2	--	0.557187	0.458344	3	6.03817	22
3	--	0.159846	0.558427	2	6.19802	23
2	--	0.831642	0.357353	3	6.55537	24
3	--	0.164562	0.371078	2	6.71993	25
2	--	0.333525	0.489069	1	7.05345	26
1	--	0.815286	0.914207	0	7.86874	27

test #32
3	--	0.297379	0.119473	4	0.11947	1
4	--	0.174283	0.244111	3	0.29375	2
3	--	0.475577	0.667676	2	0.76933	3
2	--	0.457392	0.945903	1	1.22672	4
1	--	0.601501	0.272602	2	1.49932	5
2	--	0.383445	0.355557	3	1.85488	6
3	--	0.337512	0.655215	2	2.19239	7
2	--	0.634443	0.178677	3	2.37107	8
3	--	0.351081	0.224866	4	2.59594	9
4	--	0.132302	0.276169	3	2.72824	10
3	--	0.341953	0.193923	4	2.92216	11
4	--	0.406506	0.293851	5	3.21601	12
5	--	0.233177	0.354318	4	3.44919	13
4	--	0.172357	0.585267	3	3.62155	14
3	--	0.240186	0.683333	2	3.86174	15
2	--	0.706544	0.781969	1	4.56828	16
1	--	0.840564	0.887422	0	5.40884	17

test #33
3	--	0.648516	0.234327	4	0.23433	1
4	--	0.170132	0.337239	3	0.40446	2
3	--	0.554131	0.122664	4	0.52712	3
4	--	0.155894	0.115601	5	0.64272	4
5	--	0.13701	0.196343	4	0.77973	5
4	--	0.396482	0.134868	5	0.9146	6
5	--	0.505656	0.247894	6	1.16249	7
6	--	0.273798	0.438741	5	1.43629	8
5	--	0.5434	0.547913	4	1.97969	9
4	--	0.245289	0.323145	3	2.22498	10
3	--	0.657116	0.118433	4	2.34341	11
4	--	0.464679	0.159507	5	2.50292	12
5	--	0.120167	0.411632	4	2.62309	13
4	--	0.543169	0.479648	5	3.10274	14
5	--	0.435489	0.431312	6	3.53405	15
6	--	0.118939	0.359521	5	3.65299	16
5	--	0.14631	0.118706	6	3.7717	17
6	--	0.258571	0.133616	7	3.90532	18
7	--	0.464866	0.109438	8	4.01476	19
8	--	0.272372	0.279172	7	4.28713	20
7	--	0.218446	0.224206	6	4.50558	21
6	--	0.481735	0.242338	7	4.74792	22
7	--	0.158113	0.339466	6	4.90603	23
6	--	0.205084	0.444429	5	5.11111	24
5	--	0.11448	0.140736	4	5.22559	25
4	--	0.141652	0.271856	3	5.36724	26
3	--	0.341733	0.667783	2	5.70897	27
2	--	0.44641	0.390459	3	6.09943	28
3	--	0.462259	0.31773	4	6.41716	29
4	--	0.389798	0.338333	5	6.75549	30
5	--	0.399119	0.413628	4	7.15461	31
4	--	0.311412	0.302449	5	7.45706	32
5	--	0.094094	0.402971	4	7.55115	33
4	--	0.099782	0.171592	3	7.65093	34
3	--	0.147497	0.430177	2	7.79843	35
2	--	0.544221	0.358823	3	8.15725	36
3	--	0.716251	0.277487	4	8.43474	37
4	--	0.611349	0.157229	5	8.59197	38
5	--	0.389506	0.463704	4	8.98148	39
4	--	0.513275	0.519264	3	9.49476	40
3	--	0.147682	0.234707	2	9.64244	41
2	--	0.470008	0.669144	1	10.11245	42
1	--	1.31894	0.710979	2	10.82343	43
2	--	0.297438	0.765128	1	11.12087	44
1	--	0.394678	1.023189	0	11.51555	45

test #34
3	--	0.631247	0.755774	2	0.63125	1
2	--	0.431238	0.25374	3	0.88499	2
3	--	0.721082	0.390758	4	1.27575	3
4	--	0.171927	0.128009	5	1.40376	4
5	--	0.252857	0.168061	6	1.57182	5
6	--	0.580684	0.479056	7	2.05088	6
7	--	0.193539	0.148053	8	2.19893	7
8	--	0.306743	0.463224	7	2.50567	8
7	--	0.403682	0.252532	8	2.7582	9
8	--	0.43064	0.509455	7	3.18884	10
7	--	0.129167	0.203081	6	3.31801	11
6	--	0.197071	0.462591	5	3.51508	12
5	--	0.179122	0.39152	4	3.6942	13
4	--	0.150427	0.528167	3	3.84463	14
3	--	0.419763	0.295722	4	4.14035	15
4	--	0.379946	0.259266	5	4.39962	16
5	--	0.29468	0.639138	4	4.6943	17
4	--	0.358666	0.296307	5	4.99061	18
5	--	0.178188	0.618118	4	5.1688	19
4	--	0.190933	0.447634	3	5.35973	20
3	--	0.135333	0.394291	2	5.49506	21
2	--	0.194652	0.366547	1	5.68971	22
1	--	0.629686	0.765855	0	6.3194	23

test #35
3	--	0.703112	0.291641	4	0.29164	1
4	--	0.152172	0.273505	3	0.44381	2
3	--	0.139777	0.434406	2	0.58359	3
2	--	0.694804	0.567566	3	1.15116	4
3	--	0.258544	0.49013	2	1.4097	5
2	--	0.485984	0.88065	1	1.89568	6
1	--	1.529787	0.724139	2	2.61982	7
2	--	0.600838	0.256661	3	2.87648	8
3	--	0.264041	0.168018	4	3.0445	9
4	--	0.156375	0.664346	3	3.20087	10
3	--	0.149102	0.307204	2	3.34997	11
2	--	0.607151	0.795451	1	3.95712	12
1	--	1.289711	1.141418	2	5.09854	13
2	--	0.399261	0.241525	3	5.34006	14
3	--	0.43676	0.323658	4	5.66372	15
4	--	0.269716	0.631104	3	5.93344	16
3	--	0.344007	0.680907	2	6.27745	17
2	--	0.636975	0.965918	1	6.91442	18
1	--	0.590952	1.041898	0	7.50537	19

test #36
3	--	0.557286	0.693485	2	0.55729	1
2	--	0.986436	0.702218	3	1.25951	2
3	--	0.25988	0.662917	2	1.51939	3
2	--	0.324838	0.65591	1	1.84423	4
1	--	1.246731	0.67407	2	2.5183	5
2	--	0.226943	0.285651	1	2.74524	6
1	--	0.677373	0.468651	2	3.21389	7
2	--	0.239154	0.975295	1	3.45304	8
1	--	1.436788	1.583759	0	4.88983	9

test #37
3	--	0.485207	0.253743	4	0.25374	1
4	--	0.110957	0.233833	3	0.3647	2
3	--	0.261737	0.469865	2	0.62644	3
2	--	0.435699	0.476641	1	1.06214	4
1	--	1.374031	0.474014	2	1.53615	5
2	--	0.607236	0.208099	3	1.74425	6
3	--	0.716307	0.190483	4	1.93473	7
4	--	0.171679	0.655551	3	2.10641	8
3	--	0.68733	0.167276	4	2.27369	9
4	--	0.159481	0.286499	3	2.43317	10
3	--	0.325893	0.222762	4	2.65593	11
4	--	0.150165	0.256603	3	2.80609	12
3	--	0.503781	0.106369	4	2.91246	13
4	--	0.298208	0.265604	5	3.17806	14
5	--	0.573113	0.139862	6	3.31792	15
6	--	0.268723	0.177143	7	3.49506	16
7	--	0.328378	0.696055	6	3.82344	17
6	--	0.355705	0.312485	7	4.13592	18
7	--	0.161265	0.126026	8	4.26195	19
8	--	0.295531	0.608897	7	4.55748	20
7	--	0.403456	0.566927	6	4.96094	21
6	--	0.258573	0.542191	5	5.21951	22
5	--	0.457115	0.423441	6	5.64295	23
6	--	0.384223	0.357368	7	6.00032	24
7	--	0.417956	0.11709	8	6.11741	25
8	--	0.156132	0.520422	7	6.27354	26
7	--	0.397433	0.17779	8	6.45133	27
8	--	0.231023	0.736136	7	6.68235	28
7	--	0.538309	0.155037	8	6.83739	29
8	--	0.17999	0.439595	7	7.01738	30
7	--	0.232964	0.339609	6	7.25034	31
6	--	0.464234	0.162468	7	7.41281	32
7	--	0.267317	0.30362	6	7.68013	33
6	--	0.592319	0.391283	7	8.07141	34
7	--	0.711363	0.658431	8	8.72984	35
8	--	0.929842	0.872913	9	9.60275	36
9	--	1.20806	0.321653	10	9.9244	37

test #38
3	--	0.397346	0.252199	4	0.2522	1
4	--	0.467484	0.380456	5	0.63266	2
5	--	0.166915	0.103343	6	0.736	3
6	--	0.129692	0.264947	5	0.86569	4
5	--	0.101181	0.101502	4	0.96687	5
4	--	0.363683	0.183644	5	1.15051	6
5	--	0.431214	0.194003	6	1.34451	7
6	--	0.430484	0.149723	7	1.49423	8
7	--	0.574284	0.587898	6	2.06851	9
6	--	0.20404	0.149176	7	2.21769	10
7	--	0.378781	0.123417	8	2.34111	11
8	--	0.81089	0.359121	9	2.70023	12
9	--	1.123368	0.96691	10	3.66714	13

test #39
3	--	0.667905	0.440859	4	0.44086	1
4	--	0.504735	0.121484	5	0.56234	2
5	--	0.481591	0.211657	6	0.774	3
6	--	0.395173	0.157745	7	0.93174	4
7	--	0.45382	0.412925	8	1.34466	5
8	--	0.152941	0.205359	7	1.4976	6
7	--	0.112291	0.415487	6	1.60989	7
6	--	0.613813	0.239124	7	1.84901	8
7	--	0.429544	0.534718	6	2.27855	9
6	--	0.371539	0.228666	7	2.50722	10
7	--	0.25355	0.252785	8	2.76	11
8	--	0.642538	0.366509	9	3.12651	12
9	--	0.738318	0.566151	10	3.69266	13

test #40
3	--	0.198974	0.17986	4	0.17986	1
4	--	0.348352	0.13746	5	0.31732	2
5	--	0.430484	0.335839	6	0.65316	3
6	--	0.526217	0.561944	5	1.17938	4
5	--	0.511076	0.210134	6	1.38951	5
6	--	0.117406	0.542094	5	1.50692	6
5	--	0.60771	0.481975	6	1.9889	7
6	--	0.186677	0.127907	7	2.11681	8
7	--	0.657429	0.21272	8	2.32953	9
8	--	0.229323	0.183454	9	2.51298	10
9	--	0.274885	0.560641	8	2.78786	11
8	--	0.603393	0.294926	9	3.08279	12
9	--	1.032364	0.50269	10	3.58548	13

test #41
3	--	0.12446	0.5211	2	0.12446	1
2	--	0.849205	0.944415	1	0.97366	2
1	--	0.62988	1.003447	0	1.60354	3

test #42
3	--	0.651083	0.358248	4	0.35825	1
4	--	0.251274	0.542354	3	0.60952	2
3	--	0.232779	0.200227	4	0.80975	3
4	--	0.607885	0.405756	5	1.21551	4
5	--	0.412652	0.179265	6	1.39477	5
6	--	0.161475	0.288708	5	1.55625	6
5	--	0.094564	0.596405	4	1.65081	7
4	--	0.270434	0.288311	3	1.92124	8
3	--	0.319197	0.629142	2	2.24044	9
2	--	0.30618	0.790009	1	2.54662	10
1	--	0.351554	0.60503	0	2.89817	11

test #43
3	--	0.126729	0.124714	4	0.12471	1
4	--	0.184637	0.344968	3	0.30935	2
3	--	0.703388	0.413623	4	0.72297	3
4	--	0.566318	0.155926	5	0.8789	4
5	--	0.162307	0.177701	4	1.04121	5
4	--	0.420859	0.260897	5	1.30211	6
5	--	0.090518	0.216184	4	1.39263	7
4	--	0.459372	0.385449	5	1.77808	8
5	--	0.146505	0.497418	4	1.92458	9
4	--	0.095354	0.094482	5	2.01906	10
5	--	0.357327	0.608139	4	2.37639	11
4	--	0.272612	0.667251	3	2.649	12
3	--	0.369312	0.22287	4	2.87187	13
4	--	0.136364	0.307659	3	3.00823	14
3	--	0.418663	0.196162	4	3.20439	15
4	--	0.24081	0.493587	3	3.4452	16
3	--	0.191289	0.596296	2	3.63649	17
2	--	0.953183	0.475556	3	4.11205	18
3	--	0.44787	0.415228	4	4.52728	19
4	--	0.308552	0.409775	3	4.83583	20
3	--	0.733151	0.120684	4	4.95651	21
4	--	0.207599	0.099855	5	5.05637	22
5	--	0.243606	0.617872	4	5.29998	23
4	--	0.266015	0.601116	3	5.566	24
3	--	0.248093	0.473998	2	5.81409	25
2	--	0.157909	0.284265	1	5.972	26
1	--	1.2777	0.322312	2	6.29431	27
2	--	0.593706	0.315655	3	6.60997	28
3	--	0.335865	0.286123	4	6.89609	29
4	--	0.534155	0.156087	5	7.05218	30
5	--	0.161646	0.224935	4	7.21383	31
4	--	0.138097	0.247384	3	7.35193	32
3	--	0.260376	0.123005	4	7.47493	33
4	--	0.126412	0.465091	3	7.60134	34
3	--	0.170163	0.294745	2	7.7715	35
2	--	0.836753	0.283926	3	8.05543	36
3	--	0.1433	0.365152	2	8.19873	37
2	--	0.366393	0.143195	3	8.34192	38
3	--	0.166722	0.653947	2	8.50864	39
2	--	0.334081	0.446317	1	8.84272	40
1	--	1.721006	0.55724	2	9.39996	41
2	--	0.275523	0.197846	3	9.59781	42
3	--	0.186534	0.235202	2	9.78434	43
2	--	0.561272	0.297432	3	10.08177	44
3	--	0.387803	0.552694	2	10.46957	45
2	--	0.267416	0.637827	1	10.73699	46
1	--	1.253344	0.462193	2	11.19918	47
2	--	0.413785	0.238599	3	11.43778	48
3	--	0.499468	0.438638	4	11.87642	49
4	--	0.62827	0.274811	5	12.15123	50
5	--	0.215175	0.459584	4	12.36641	51
4	--	0.115053	0.185529	3	12.48146	52
3	--	0.155494	0.287553	2	12.63695	53
2	--	0.463968	0.223164	3	12.86011	54
3	--	0.416949	0.264952	4	13.12506	55
4	--	0.369163	0.351973	5	13.47703	56
5	--	0.100931	0.398916	4	13.57796	57
4	--	0.29855	0.118041	5	13.696	58
5	--	0.503784	0.095734	6	13.79173	59
6	--	0.10163	0.183664	5	13.89336	60
5	--	0.589533	0.536863	6	14.43022	61
6	--	0.10504	0.30346	5	14.53526	62
5	--	0.142067	0.251078	4	14.67733	63
4	--	0.276858	0.137849	5	14.81518	64
5	--	0.091979	0.240834	4	14.90716	65
4	--	0.268711	0.183489	5	15.09065	66
5	--	0.476775	0.109965	6	15.20061	67
6	--	0.270304	0.222431	7	15.42304	68
7	--	0.355956	0.377284	6	15.779	69
6	--	0.297139	0.138016	7	15.91702	70
7	--	0.398809	0.26515	8	16.18217	71
8	--	0.142123	0.539896	7	16.32429	72
7	--	0.107519	0.38983	6	16.43181	73
6	--	0.155263	0.630644	5	16.58707	74
5	--	0.393401	0.249336	6	16.83641	75
6	--	0.318481	0.443559	5	17.15489	76
5	--	0.629796	0.254334	6	17.40922	77
6	--	0.263797	0.211301	7	17.62052	78
7	--	0.690629	0.428503	8	18.04902	79
8	--	0.5612	0.985332	7	18.61022	80
7	--	0.232341	0.246359	6	18.84256	81
6	--	0.383277	0.579684	5	19.22584	82
5	--	0.146482	0.18803	4	19.37232	83
4	--	0.292528	0.38715	3	19.66485	84
3	--	0.733579	0.108849	4	19.7737	85
4	--	0.149123	0.283815	3	19.92282	86
3	--	0.613571	0.190909	4	20.11373	87
4	--	0.614033	0.277633	5	20.39136	88
5	--	0.248101	0.156129	6	20.54749	89
6	--	0.246909	0.431409	5	20.7944	90
5	--	0.221208	0.479486	4	21.01561	91
4	--	0.346961	0.18555	5	21.20116	92
5	--	0.254302	0.234931	6	21.43609	93
6	--	0.168067	0.438884	5	21.60416	94
5	--	0.094354	0.431723	4	21.69851	95
4	--	0.20036	0.139197	5	21.83771	96
5	--	0.56292	0.116855	6	21.95457	97
6	--	0.212978	0.291565	5	22.16755	98
5	--	0.092728	0.399139	4	22.26028	99
4	--	0.28412	0.227945	5	22.48822	100
5	--	0.181139	0.188698	4	22.66936	101
4	--	0.117494	0.571065	3	22.78685	102
3	--	0.15131	0.282713	2	22.93816	103
2	--	0.210661	0.583272	1	23.14882	104
1	--	1.412279	1.174381	2	24.3232	105
2	--	0.469683	0.238747	3	24.56195	106
3	--	0.494133	0.498668	2	25.05608	107
2	--	0.179699	0.280533	1	25.23578	108
1	--	1.005135	0.846535	2	26.08232	109
2	--	0.142112	0.814327	1	26.22443	110
1	--	1.003016	0.285802	2	26.51023	111
2	--	0.278998	0.264174	3	26.7744	112
3	--	0.313895	0.186264	4	26.96066	113
4	--	0.117761	0.305454	3	27.07842	114
3	--	0.39396	0.64398	2	27.47238	115
2	--	0.877523	0.887689	1	28.3499	116
1	--	1.166317	0.559025	2	28.90892	117
2	--	0.557312	0.392382	3	29.3013	118
3	--	0.151597	0.369269	2	29.4529	119
2	--	0.866055	0.25281	3	29.70571	120
3	--	0.195414	0.475636	2	29.90112	121
2	--	0.224153	0.366679	1	30.12527	122
1	--	0.252361	0.613822	0	30.37763	123

test #44
3	--	0.504754	0.642682	2	0.50475	1
2	--	0.23211	0.504678	1	0.73686	2
1	--	0.343641	0.508385	0	1.0805	3

test #45
3	--	0.361505	0.333774	4	0.33377	1
4	--	0.22726	0.485388	3	0.56103	2
3	--	0.6334	0.181359	4	0.74239	3
4	--	0.633043	0.257941	5	1.00033	4
5	--	0.123485	0.640776	4	1.12381	5
4	--	0.549133	0.10864	5	1.23245	6
5	--	0.245581	0.546922	4	1.47803	7
4	--	0.437758	0.408595	5	1.88663	8
5	--	0.518594	0.272613	6	2.15924	9
6	--	0.267855	0.197013	7	2.35625	10
7	--	0.455355	0.22944	8	2.58569	11
8	--	0.344542	0.776504	7	2.93023	12
7	--	0.203608	0.342023	6	3.13384	13
6	--	0.571069	0.514295	7	3.64813	14
7	--	0.380768	0.196705	8	3.84483	15
8	--	0.361426	0.336541	9	4.18137	16
9	--	0.64992	0.911564	8	4.83129	17
8	--	0.145206	0.260556	7	4.9765	18
7	--	0.112302	0.476541	6	5.0888	19
6	--	0.651697	0.324635	7	5.41344	20
7	--	0.143423	0.27291	6	5.55686	21
6	--	0.608129	0.276457	7	5.83332	22
7	--	0.350334	0.506621	6	6.18365	23
6	--	0.192823	0.24686	5	6.37647	24
5	--	0.407746	0.276524	6	6.65299	25
6	--	0.289975	0.304766	5	6.94297	26
5	--	0.137225	0.355943	4	7.0802	27
4	--	0.636367	0.321793	5	7.40199	28
5	--	0.267416	0.143081	6	7.54507	29
6	--	0.303912	0.219208	7	7.76428	30
7	--	0.290486	0.130301	8	7.89458	31
8	--	0.186071	0.502044	7	8.08065	32
7	--	0.215778	0.128203	8	8.20885	33
8	--	0.506021	0.699297	7	8.71487	34
7	--	0.271843	0.131646	8	8.84652	35
8	--	0.852938	0.185007	9	9.03153	36
9	--	0.694185	0.454245	10	9.48577	37

test #46
3	--	0.48423	0.310643	4	0.31064	1
4	--	0.493085	0.320352	5	0.63099	2
5	--	0.143213	0.540438	4	0.7742	3
4	--	0.158232	0.45369	3	0.93243	4
3	--	0.64741	0.200604	4	1.13303	5
4	--	0.209965	0.15465	5	1.28768	6
5	--	0.367186	0.212497	6	1.50018	7
6	--	0.257065	0.235463	7	1.73564	8
7	--	0.477086	0.175686	8	1.91133	9
8	--	0.145956	0.744639	7	2.05729	10
7	--	0.112864	0.501769	6	2.17015	11
6	--	0.168718	0.405429	5	2.33887	12
5	--	0.459021	0.222854	6	2.56172	13
6	--	0.10396	0.200737	5	2.66568	14
5	--	0.099947	0.459233	4	2.76563	15
4	--	0.230016	0.156241	5	2.92187	16
5	--	0.337898	0.098233	6	3.0201	17
6	--	0.461144	0.257038	7	3.27714	18
7	--	0.407066	0.226077	8	3.50322	19
8	--	0.234599	0.558458	7	3.73782	20
7	--	0.419156	0.264881	8	4.0027	21
8	--	0.807675	0.93482	7	4.81038	22
7	--	0.146788	0.124042	8	4.93442	23
8	--	0.754249	0.973394	7	5.68867	24
7	--	0.211067	0.131046	8	5.81972	25
8	--	0.243452	0.871512	7	6.06317	26
7	--	0.271162	0.424296	6	6.33433	27
6	--	0.110437	0.310083	5	6.44477	28
5	--	0.507913	0.277683	6	6.72245	29
6	--	0.121132	0.249799	5	6.84358	30
5	--	0.235049	0.274587	4	7.07863	31
4	--	0.600858	0.151841	5	7.23047	32
5	--	0.525425	0.115373	6	7.34584	33
6	--	0.116347	0.169197	5	7.46219	34
5	--	0.152453	0.415039	4	7.61464	35
4	--	0.337487	0.184513	5	7.79915	36
5	--	0.157038	0.290455	4	7.95619	37
4	--	0.274242	0.36281	3	8.23043	38
3	--	0.113628	0.196833	2	8.34406	39
2	--	0.24432	0.9051	1	8.58838	40
1	--	1.078296	0.63768	2	9.22606	41
2	--	0.144021	0.777223	1	9.37008	42
1	--	0.599101	0.730824	0	9.96918	43

test #47
3	--	0.344416	0.163474	4	0.16347	1
4	--	0.115084	0.402259	3	0.27855	2
3	--	0.43022	0.220686	4	0.49924	3
4	--	0.528062	0.188714	5	0.68795	4
5	--	0.159693	0.433419	4	0.84764	5
4	--	0.509102	0.466806	5	1.31445	6
5	--	0.363578	0.222647	6	1.5371	7
6	--	0.211129	0.14037	7	1.67747	8
7	--	0.460101	0.246261	8	1.92373	9
8	--	0.543975	0.777543	7	2.46771	10
7	--	0.133829	0.188954	6	2.60154	11
6	--	0.158684	0.231401	5	2.76022	12
5	--	0.317663	0.343249	4	3.07788	13
4	--	0.299995	0.31469	3	3.37788	14
3	--	0.299648	0.203541	4	3.58142	15
4	--	0.125779	0.426173	3	3.7072	16
3	--	0.275025	0.28497	2	3.98223	17
2	--	0.385112	0.674287	1	4.36734	18
1	--	0.816421	0.982072	0	5.18376	19

test #48
3	--	0.467275	0.443224	4	0.44322	1
4	--	0.103619	0.233841	3	0.54684	2
3	--	0.106293	0.388702	2	0.65313	3
2	--	0.208724	0.353308	1	0.86185	4
1	--	1.420968	1.7485	0	2.28282	5

test #49
3	--	0.41425	0.507065	2	0.41425	1
2	--	0.197542	0.394585	1	0.61179	2
1	--	0.684272	0.427081	2	1.03887	3
2	--	0.229717	0.502158	1	1.26859	4
1	--	0.42564	0.855254	0	1.69423	5

test #50
3	--	0.416398	0.76541	2	0.4164	1
2	--	0.274559	0.630007	1	0.69096	2
1	--	0.455127	0.635095	0	1.14609	3

test #51
3	--	0.162005	0.290934	2	0.16201	1
2	--	0.672652	0.472552	3	0.63456	2
3	--	0.346584	0.271978	4	0.90654	3
4	--	0.194589	0.194636	3	1.10113	4
3	--	0.664893	0.486976	4	1.58811	5
4	--	0.252241	0.132916	5	1.72103	6
5	--	0.098117	0.36326	4	1.81915	7
4	--	0.386577	0.204705	5	2.02385	8
5	--	0.299765	0.629254	4	2.32361	9
4	--	0.275356	0.377611	3	2.59897	10
3	--	0.450066	0.27575	4	2.87472	11
4	--	0.209293	0.363705	3	3.08401	12
3	--	0.155352	0.473327	2	3.23936	13
2	--	0.260238	0.382657	1	3.4996	14
1	--	0.50561	1.617332	0	4.00521	15

test #52
3	--	0.604489	0.653225	2	0.60449	1
2	--	0.547544	0.596315	1	1.15203	2
1	--	0.849024	0.368854	2	1.52088	3
2	--	0.474577	0.266963	3	1.78784	4
3	--	0.687351	0.69215	2	2.47519	5
2	--	0.252607	0.460793	1	2.7278	6
1	--	0.698181	0.919279	0	3.42598	7

test #53
3	--	0.200422	0.506492	2	0.20042	1
2	--	0.357721	0.151339	3	0.35176	2
3	--	0.183114	0.117124	4	0.46888	3
4	--	0.54411	0.225508	5	0.69439	4
5	--	0.207853	0.114502	6	0.80889	5
6	--	0.386161	0.332395	7	1.14129	6
7	--	0.488019	0.451261	8	1.59255	7
8	--	0.344586	0.67053	7	1.93714	8
7	--	0.127236	0.419058	6	2.06438	9
6	--	0.47933	0.530957	5	2.54371	10
5	--	0.490325	0.186268	6	2.72998	11
6	--	0.498626	0.210595	7	2.94058	12
7	--	0.546243	0.2794	8	3.21998	13
8	--	0.983041	0.474909	9	3.69489	14
9	--	0.390593	1.075948	8	4.08548	15
8	--	0.499861	0.390238	9	4.47572	16
9	--	0.890653	0.489685	10	4.9654	17

test #54
3	--	0.14357	0.176586	2	0.14357	1
2	--	0.47639	0.767981	1	0.61996	2
1	--	0.947978	1.256264	0	1.56794	3

test #55
3	--	0.58298	0.471991	4	0.47199	1
4	--	0.33167	0.273539	5	0.74553	2
5	--	0.175267	0.163714	6	0.90924	3
6	--	0.230423	0.365817	5	1.13966	4
5	--	0.552294	0.168729	6	1.30839	5
6	--	0.482089	0.32871	7	1.6371	6
7	--	0.567542	0.469936	8	2.10704	7
8	--	0.423142	0.662193	7	2.53018	8
7	--	0.416694	0.582983	6	2.94687	9
6	--	0.455309	0.664241	5	3.40218	10
5	--	0.197748	0.114068	6	3.51625	11
6	--	0.106149	0.557041	5	3.6224	12
5	--	0.190237	0.183067	6	3.80547	13
6	--	0.213649	0.115286	7	3.92076	14
7	--	0.661098	0.415792	8	4.33655	15
8	--	0.191049	0.944465	7	4.5276	16
7	--	0.696814	0.227394	8	4.75499	17
8	--	0.582664	0.174672	9	4.92966	18
9	--	1.641292	0.555376	10	5.48504	19

test #56
3	--	0.210517	0.204315	4	0.20432	1
4	--	0.135467	0.327026	3	0.33979	2
3	--	0.470271	0.106887	4	0.44668	3
4	--	0.562797	0.300436	5	0.74712	4
5	--	0.621804	0.35402	6	1.10114	5
6	--	0.520247	0.122534	7	1.22367	6
7	--	0.120414	0.427654	6	1.34408	7
6	--	0.094016	0.29753	5	1.4381	8
5	--	0.156827	0.339217	4	1.59493	9
4	--	0.217532	0.203097	5	1.79803	10
5	--	0.338754	0.148962	6	1.94699	11
6	--	0.206091	0.485981	5	2.15308	12
5	--	0.118151	0.139677	4	2.27123	13
4	--	0.371922	0.13526	5	2.40649	14
5	--	0.432873	0.533752	4	2.83936	15
4	--	0.375375	0.115309	5	2.95467	16
5	--	0.319745	0.567464	4	3.27441	17
4	--	0.180214	0.563452	3	3.45462	18
3	--	0.524534	0.688631	2	3.97915	19
2	--	0.214852	0.358392	1	4.194	20
1	--	1.407952	0.856046	2	5.05005	21
2	--	0.576693	0.423485	3	5.47353	22
3	--	0.412301	0.24029	4	5.71382	23
4	--	0.195801	0.301966	3	5.90962	24
3	--	0.20025	0.622291	2	6.10987	25
2	--	0.203855	0.238004	1	6.31373	26
1	--	0.707638	1.056651	0	7.02137	27

test #57
3	--	0.360449	0.415258	2	0.36045	1
2	--	0.23453	0.328211	1	0.59498	2
1	--	0.707074	0.720849	0	1.30205	3

test #58
3	--	0.275954	0.402527	2	0.27595	1
2	--	0.692742	0.622966	3	0.89892	2
3	--	0.322458	0.172912	4	1.07183	3
4	--	0.176558	0.229373	3	1.24839	4
3	--	0.378244	0.289139	4	1.53753	5
4	--	0.21591	0.341614	3	1.75344	6
3	--	0.20993	0.141	4	1.89444	7
4	--	0.411523	0.18377	5	2.07821	8
5	--	0.135402	0.238964	4	2.21361	9
4	--	0.366973	0.11758	5	2.33119	10
5	--	0.112603	0.120056	4	2.44379	11
4	--	0.264699	0.301276	3	2.70849	12
3	--	0.156026	0.695367	2	2.86452	13
2	--	0.899183	0.69311	3	3.55763	14
3	--	0.542453	0.506067	4	4.0637	15
4	--	0.237801	0.609769	3	4.3015	16
3	--	0.273107	0.732401	2	4.57461	17
2	--	0.735207	0.824841	1	5.30982	18
1	--	1.012476	1.331293	0	6.3223	19

test #59
3	--	0.602168	0.200631	4	0.20063	1
4	--	0.250207	0.624188	3	0.45084	2
3	--	0.241752	0.307653	2	0.69259	3
2	--	0.300104	0.201406	3	0.894	4
3	--	0.544583	0.517992	4	1.41199	5
4	--	0.414231	0.422676	3	1.82622	6
3	--	0.206637	0.655938	2	2.03286	7
2	--	0.382907	0.538138	1	2.41577	8
1	--	1.52951	1.30524	2	3.72101	9
2	--	0.527085	0.787834	1	4.24809	10
1	--	0.841345	0.85225	0	5.08943	11

test #60
3	--	0.307738	0.125262	4	0.12526	1
4	--	0.172143	0.208124	3	0.2974	2
3	--	0.211186	0.567406	2	0.50859	3
2	--	0.656171	0.876182	1	1.16476	4
1	--	0.906513	1.236277	0	2.07127	5

test #61
3	--	0.566769	0.225272	4	0.22527	1
4	--	0.186155	0.434582	3	0.41143	2
3	--	0.299051	0.636905	2	0.71048	3
2	--	0.662055	0.278313	3	0.98879	4
3	--	0.683702	0.215443	4	1.20423	5
4	--	0.366568	0.548723	3	1.5708	6
3	--	0.12602	0.297808	2	1.69682	7
2	--	0.326687	0.216308	3	1.91313	8
3	--	0.15771	0.424806	2	2.07084	9
2	--	0.296341	0.156447	3	2.22729	10
3	--	0.600842	0.550213	4	2.7775	11
4	--	0.356776	0.292147	5	3.06965	12
5	--	0.120216	0.324723	4	3.18987	13
4	--	0.208012	0.26969	3	3.39788	14
3	--	0.618684	0.439841	4	3.83772	15
4	--	0.265971	0.154624	5	3.99234	16
5	--	0.115973	0.420244	4	4.10831	17
4	--	0.345451	0.324886	5	4.4332	18
5	--	0.179495	0.55349	4	4.6127	19
4	--	0.119703	0.23483	3	4.7324	20
3	--	0.654865	0.553792	4	5.28619	21
4	--	0.181732	0.345344	3	5.46792	22
3	--	0.225793	0.43462	2	5.69371	23
2	--	0.498534	0.299547	3	5.99326	24
3	--	0.29119	0.147204	4	6.14046	25
4	--	0.122786	0.129395	3	6.26325	26
3	--	0.630451	0.148965	4	6.41221	27
4	--	0.264982	0.159753	5	6.57196	28
5	--	0.263491	0.323124	4	6.83545	29
4	--	0.632883	0.125441	5	6.96089	30
5	--	0.25598	0.449517	4	7.21687	31
4	--	0.101961	0.350452	3	7.31883	32
3	--	0.125765	0.33044	2	7.44459	33
2	--	0.27456	0.154367	3	7.59896	34
3	--	0.736556	0.205405	4	7.80436	35
4	--	0.60895	0.629965	3	8.41331	36
3	--	0.434567	0.420521	4	8.83383	37
4	--	0.282087	0.431481	3	9.11592	38
3	--	0.208088	0.245742	2	9.32401	39
2	--	0.677856	0.181527	3	9.50554	40
3	--	0.481526	0.485629	2	9.98707	41
2	--	0.270591	0.340137	1	10.25766	42
1	--	0.367166	0.550825	0	10.62483	43

test #62
3	--	0.459514	0.11418	4	0.11418	1
4	--	0.35761	0.206014	5	0.32019	2
5	--	0.152037	0.445133	4	0.47223	3
4	--	0.594877	0.434025	5	0.90625	4
5	--	0.10927	0.545078	4	1.01552	5
4	--	0.132861	0.143426	3	1.14838	6
3	--	0.296577	0.162775	4	1.31116	7
4	--	0.282409	0.28089	5	1.59205	8
5	--	0.089769	0.259724	4	1.68182	9
4	--	0.477828	0.308458	5	1.99028	10
5	--	0.247262	0.595653	4	2.23754	11
4	--	0.156566	0.139189	5	2.37673	12
5	--	0.438825	0.478305	4	2.81555	13
4	--	0.170256	0.663284	3	2.98581	14
3	--	0.323478	0.1578	4	3.14361	15
4	--	0.147725	0.522437	3	3.29133	16
3	--	0.160517	0.210272	2	3.45185	17
2	--	0.471211	0.785948	1	3.92306	18
1	--	0.307816	0.639198	0	4.23088	19

test #63
3	--	0.173209	0.726988	2	0.17321	1
2	--	0.273331	0.601843	1	0.44654	2
1	--	1.627713	0.292435	2	0.73898	3
2	--	0.564204	0.970484	1	1.30318	4
1	--	1.179325	0.535634	2	1.83881	5
2	--	0.729414	0.994623	1	2.56822	6
1	--	0.298083	1.29418	0	2.8663	7

test #64
3	--	0.116769	0.249897	2	0.11677	1
2	--	0.603051	0.304447	3	0.42122	2
3	--	0.187249	0.296365	2	0.60847	3
2	--	0.599029	0.4144	3	1.02287	4
3	--	0.321121	0.118021	4	1.14089	5
4	--	0.291917	0.136347	5	1.27724	6
5	--	0.110726	0.184972	4	1.38797	7
4	--	0.284075	0.372164	3	1.67205	8
3	--	0.380346	0.284319	4	1.95637	9
4	--	0.424234	0.592497	3	2.3806	10
3	--	0.467348	0.150131	4	2.53073	11
4	--	0.470484	0.11175	5	2.64248	12
5	--	0.522298	0.55811	4	3.16478	13
4	--	0.107425	0.396326	3	3.2722	14
3	--	0.761456	0.475797	4	3.748	15
4	--	0.093817	0.624895	3	3.84182	16
3	--	0.267653	0.373312	2	4.10947	17
2	--	0.203345	0.349257	1	4.31281	18
1	--	0.978296	1.034126	0	5.29111	19

test #65
3	--	0.75772	0.371858	4	0.37186	1
4	--	0.2647	0.297791	3	0.63656	2
3	--	0.757441	0.46952	4	1.10608	3
4	--	0.451056	0.556532	3	1.55714	4
3	--	0.720044	0.320372	4	1.87751	5
4	--	0.205156	0.18949	5	2.067	6
5	--	0.276255	0.373546	4	2.34325	7
4	--	0.328305	0.237145	5	2.58039	8
5	--	0.207742	0.187834	6	2.76822	9
6	--	0.385169	0.490537	5	3.15339	10
5	--	0.104892	0.157714	4	3.25828	11
4	--	0.337586	0.257215	5	3.5155	12
5	--	0.484776	0.466124	6	3.98162	13
6	--	0.155618	0.129357	7	4.11098	14
7	--	0.313437	0.38456	6	4.42442	15
6	--	0.14746	0.652276	5	4.57188	16
5	--	0.134618	0.247273	4	4.7065	17
4	--	0.273086	0.205912	5	4.91241	18
5	--	0.107702	0.405308	4	5.02011	19
4	--	0.236052	0.160762	5	5.18087	20
5	--	0.228392	0.492986	4	5.40926	21
4	--	0.225578	0.620591	3	5.63484	22
3	--	0.277431	0.376801	2	5.91227	23
2	--	0.363219	0.930089	1	6.27549	24
1	--	0.854274	1.056392	0	7.12976	25

test #66
3	--	0.159395	0.167942	2	0.1594	1
2	--	0.718202	0.279535	3	0.43893	2
3	--	0.177444	0.25978	2	0.61637	3
2	--	0.44589	0.671865	1	1.06226	4
1	--	1.467775	0.590062	2	1.65232	5
2	--	0.147117	0.176097	1	1.79944	6
1	--	1.004497	0.265762	2	2.0652	7
2	--	0.247332	0.577608	1	2.31253	8
1	--	0.451955	0.88237	0	2.76449	9

test #67
3	--	0.159476	0.431539	2	0.15948	1
2	--	0.667883	0.150776	3	0.31026	2
3	--	0.282374	0.198478	4	0.50874	3
4	--	0.183969	0.193528	3	0.69271	4
3	--	0.264133	0.17477	4	0.86748	5
4	--	0.11924	0.322302	3	0.98672	6
3	--	0.281608	0.521062	2	1.26833	7
2	--	0.346227	0.449481	1	1.61456	8
1	--	0.570546	0.671152	0	2.18511	9

test #68
3	--	0.179772	0.745446	2	0.17977	1
2	--	0.379848	0.157932	3	0.3377	2
3	--	0.193504	0.640452	2	0.5312	3
2	--	0.7417	0.813442	1	1.2729	4
1	--	1.033594	0.427431	2	1.70033	5
2	--	0.195146	0.928913	1	1.89548	6
1	--	1.668368	1.767633	0	3.56385	7

test #69
3	--	0.717393	0.359095	4	0.3591	1
4	--	0.151563	0.351166	3	0.51066	2
3	--	0.635988	0.489704	4	1.00036	3
4	--	0.357977	0.314775	5	1.31514	4
5	--	0.090506	0.30206	4	1.40565	5
4	--	0.145253	0.146897	3	1.5509	6
3	--	0.245752	0.252937	2	1.79665	7
2	--	0.555591	0.406303	3	2.20295	8
3	--	0.438925	0.125754	4	2.3287	9
4	--	0.407365	0.253843	5	2.58254	10
5	--	0.340689	0.355716	4	2.92323	11
4	--	0.656708	0.20618	5	3.12941	12
5	--	0.44707	0.333038	6	3.46245	13
6	--	0.261868	0.133339	7	3.59579	14
7	--	0.159978	0.238412	6	3.75577	15
6	--	0.390627	0.34866	7	4.10443	16
7	--	0.142384	0.377769	6	4.24681	17
6	--	0.145138	0.362065	5	4.39195	18
5	--	0.127395	0.256829	4	4.51935	19
4	--	0.120601	0.385149	3	4.63995	20
3	--	0.136273	0.480014	2	4.77622	21
2	--	0.602515	0.680217	1	5.37874	22
1	--	1.484216	1.343389	2	6.72213	23
2	--	0.159009	0.558247	1	6.88114	24
1	--	0.301275	0.344919	0	7.18242	25

test #70
3	--	0.507081	0.582463	2	0.50708	1
2	--	0.397865	0.330566	3	0.83765	2
3	--	0.312488	0.133763	4	0.97141	3
4	--	0.266173	0.287512	3	1.23758	4
3	--	0.429507	0.35662	4	1.5942	5
4	--	0.232899	0.115678	5	1.70988	6
5	--	0.092115	0.200379	4	1.802	7
4	--	0.500638	0.297536	5	2.09954	8
5	--	0.314015	0.301912	6	2.40145	9
6	--	0.139078	0.196663	5	2.54053	10
5	--	0.174942	0.13043	6	2.67096	11
6	--	0.374778	0.40248	5	3.04574	12
5	--	0.310979	0.639823	4	3.35672	13
4	--	0.405454	0.443012	3	3.76217	14
3	--	0.350701	0.211631	4	3.9738	15
4	--	0.217136	0.653094	3	4.19094	16
3	--	0.485888	0.315638	4	4.50658	17
4	--	0.321894	0.214826	5	4.72141	18
5	--	0.191896	0.231225	4	4.91331	19
4	--	0.166439	0.309752	3	5.07975	20
3	--	0.595459	0.631741	2	5.67521	21
2	--	0.170794	0.237494	1	5.846	22
1	--	1.26456	0.381068	2	6.22707	23
2	--	0.424298	0.948017	1	6.65137	24
1	--	1.406272	0.283347	2	6.93472	25
2	--	0.403735	0.536554	1	7.33846	26
1	--	1.212345	0.621504	2	7.95996	27
2	--	0.482037	0.464178	3	8.42414	28
3	--	0.253689	0.579622	2	8.67783	29
2	--	0.886956	0.858777	3	9.53661	30
3	--	0.553108	0.241076	4	9.77769	31
4	--	0.609732	0.194715	5	9.97241	32
5	--	0.093161	0.175708	4	10.06557	33
4	--	0.15685	0.399428	3	10.22242	34
3	--	0.307944	0.124387	4	10.34681	35
4	--	0.297196	0.378429	3	10.64401	36
3	--	0.446583	0.159726	4	10.80374	37
4	--	0.275191	0.526871	3	11.07893	38
3	--	0.31852	0.407954	2	11.39745	39
2	--	0.144872	0.640897	1	11.54232	40
1	--	0.615533	1.320237	0	12.15785	41

test #71
3	--	0.274303	0.305887	2	0.2743	1
2	--	0.202708	0.144401	3	0.4187	2
3	--	0.302793	0.232529	4	0.65123	3
4	--	0.120394	0.105471	5	0.7567	4
5	--	0.460518	0.246493	6	1.00319	5
6	--	0.107803	0.108113	5	1.11099	6
5	--	0.251886	0.202581	6	1.31357	7
6	--	0.432791	0.178901	7	1.49247	8
7	--	0.150899	0.640331	6	1.64337	9
6	--	0.114256	0.1159	5	1.75763	10
5	--	0.201233	0.544555	4	1.95886	11
4	--	0.294005	0.564027	3	2.25286	12
3	--	0.214098	0.180382	4	2.43324	13
4	--	0.265356	0.477885	3	2.6986	14
3	--	0.189552	0.348147	2	2.88815	15
2	--	0.857231	0.245334	3	3.13348	16
3	--	0.321677	0.487037	2	3.45516	17
2	--	0.524529	0.321668	3	3.77683	18
3	--	0.215121	0.167523	4	3.94435	19
4	--	0.302038	0.577672	3	4.24639	20
3	--	0.48797	0.35733	4	4.60372	21
4	--	0.1279	0.35428	3	4.73162	22
3	--	0.242634	0.352149	2	4.97425	23
2	--	0.842081	0.372247	3	5.3465	24
3	--	0.179012	0.40413	2	5.52551	25
2	--	0.934829	0.829311	3	6.35482	26
3	--	0.449944	0.487448	2	6.80476	27
2	--	0.645957	0.508081	3	7.31284	28
3	--	0.299553	0.277024	4	7.58986	29
4	--	0.533054	0.128841	5	7.7187	30
5	--	0.479789	0.139215	6	7.85792	31
6	--	0.317467	0.456428	5	8.17539	32
5	--	0.122132	0.329152	4	8.29752	33
4	--	0.126283	0.192551	3	8.4238	34
3	--	0.15179	0.436528	2	8.57559	35
2	--	0.262234	0.542307	1	8.83782	36
1	--	0.650897	0.427655	2	9.26548	37
2	--	0.269219	0.196048	3	9.46153	38
3	--	0.313418	0.253082	4	9.71461	39
4	--	0.13497	0.218529	3	9.84958	40
3	--	0.189562	0.498824	2	10.03914	41
2	--	0.768261	0.191161	3	10.2303	42
3	--	0.192353	0.178014	4	10.40831	43
4	--	0.60379	0.161487	5	10.5698	44
5	--	0.111348	0.152934	4	10.68115	45
4	--	0.630679	0.39879	5	11.07994	46
5	--	0.116457	0.182048	4	11.1964	47
4	--	0.550349	0.39465	5	11.59105	48
5	--	0.243591	0.176877	6	11.76793	49
6	--	0.464555	0.336265	7	12.10419	50
7	--	0.644215	0.258661	8	12.36285	51
8	--	0.281818	0.190522	9	12.55337	52
9	--	1.282215	0.809663	10	13.36303	53

test #72
3	--	0.145356	0.425374	2	0.14536	1
2	--	0.402961	0.632885	1	0.54832	2
1	--	0.536125	0.3173	2	0.86562	3
2	--	0.188706	0.953324	1	1.05433	4
1	--	1.208588	0.916109	2	1.97044	5
2	--	0.83054	0.576823	3	2.54726	6
3	--	0.493905	0.264227	4	2.81149	7
4	--	0.613111	0.151277	5	2.96277	8
5	--	0.216815	0.261672	4	3.17959	9
4	--	0.537841	0.469335	5	3.64893	10
5	--	0.620336	0.266252	6	3.91518	11
6	--	0.33751	0.182601	7	4.09778	12
7	--	0.184074	0.401627	6	4.28185	13
6	--	0.346662	0.24426	7	4.52611	14
7	--	0.166384	0.144375	8	4.67049	15
8	--	0.52537	0.867073	7	5.19586	16
7	--	0.19162	0.284218	6	5.38748	17
6	--	0.215816	0.129642	7	5.51712	18
7	--	0.514906	0.475139	8	5.99226	19
8	--	0.383412	0.202209	9	6.19447	20
9	--	0.821752	0.967781	8	7.01622	21
8	--	0.246158	0.255566	7	7.26238	22
7	--	0.263287	0.140569	8	7.40295	23
8	--	0.587593	0.537926	9	7.94088	24
9	--	1.16953	1.011827	10	8.95271	25

test #73
3	--	0.378871	0.421231	2	0.37887	1
2	--	0.350623	0.454767	1	0.72949	2
1	--	0.356928	0.534374	0	1.08642	3

test #74
3	--	0.21736	0.391149	2	0.21736	1
2	--	0.39301	0.867189	1	0.61037	2
1	--	0.711913	0.956666	0	1.32228	3

test #75
3	--	0.197337	0.341038	2	0.19734	1
2	--	0.824674	0.454778	3	0.65212	2
3	--	0.233951	0.167293	4	0.81941	3
4	--	0.26708	0.563355	3	1.08649	4
3	--	0.129027	0.593938	2	1.21552	5
2	--	0.711813	0.747051	1	1.92733	6
1	--	0.690452	0.452742	2	2.38007	7
2	--	0.765947	0.852625	1	3.14602	8
1	--	0.433967	1.226274	0	3.57999	9

test #76
3	--	0.34484	0.134528	4	0.13453	1
4	--	0.194208	0.570086	3	0.32874	2
3	--	0.178149	0.406745	2	0.50689	3
2	--	0.359086	0.15897	3	0.66586	4
3	--	0.680732	0.385715	4	1.05158	5
4	--	0.198804	0.392641	3	1.25038	6
3	--	0.395723	0.719748	2	1.6461	7
2	--	0.674395	0.923983	1	2.3205	8
1	--	0.735391	0.554884	2	2.87538	9
2	--	0.601031	0.87271	1	3.47641	10
1	--	1.394677	0.737519	2	4.21393	11
2	--	0.752608	0.16584	3	4.37977	12
3	--	0.170698	0.413386	2	4.55047	13
2	--	0.211093	0.282977	1	4.76156	14
1	--	0.835942	0.432585	2	5.19414	15
2	--	0.539533	0.766852	1	5.73367	16
1	--	0.762184	0.328787	2	6.06246	17
2	--	0.842745	0.861147	1	6.9052	18
1	--	0.514275	0.384857	2	7.29006	19
2	--	0.205936	0.26521	1	7.496	20
1	--	1.330186	0.759396	2	8.2554	21
2	--	0.372264	0.796431	1	8.62766	22
1	--	1.665933	1.764402	0	10.29359	23

test #77
3	--	0.176389	0.12921	4	0.12921	1
4	--	0.350629	0.361409	3	0.47984	2
3	--	0.389079	0.205509	4	0.68535	3
4	--	0.601472	0.50127	5	1.18662	4
5	--	0.444171	0.265628	6	1.45225	5
6	--	0.657246	0.344544	7	1.79679	6
7	--	0.577967	0.166099	8	1.96289	7
8	--	0.719508	0.461237	9	2.42413	8
9	--	0.500965	0.679669	8	2.92509	9
8	--	0.189461	0.469513	7	3.11455	10
7	--	0.652467	0.463477	8	3.57803	11
8	--	0.61966	0.421739	9	3.99977	12
9	--	0.891602	0.64287	10	4.64264	13

test #78
3	--	0.600736	0.725849	2	0.60074	1
2	--	0.14527	0.16545	1	0.74601	2
1	--	1.785461	1.190543	2	1.93655	3
2	--	0.419566	0.261921	3	2.19847	4
3	--	0.12642	0.547762	2	2.32489	5
2	--	0.296656	0.235373	3	2.56026	6
3	--	0.286467	0.70193	2	2.84673	7
2	--	0.208841	0.361989	1	3.05557	8
1	--	0.385439	0.518299	0	3.44101	9

test #79
3	--	0.632245	0.217413	4	0.21741	1
4	--	0.135439	0.208891	3	0.35285	2
3	--	0.161164	0.339229	2	0.51401	3
2	--	0.475096	0.638742	1	0.98911	4
1	--	1.45308	0.781065	2	1.77017	5
2	--	0.83123	0.420204	3	2.19037	6
3	--	0.187022	0.489658	2	2.37739	7
2	--	0.531455	0.3902	3	2.76759	8
3	--	0.218459	0.751266	2	2.98605	9
2	--	0.309407	0.855576	1	3.29546	10
1	--	0.634502	0.261712	2	3.55717	11
2	--	0.317683	0.511185	1	3.87485	12
1	--	0.480082	1.373647	0	4.35493	13

test #80
3	--	0.268049	0.112574	4	0.11257	1
4	--	0.284067	0.182012	5	0.29458	2
5	--	0.255845	0.190935	6	0.48552	3
6	--	0.445696	0.590948	5	0.93122	4
5	--	0.136848	0.335103	4	1.06807	5
4	--	0.363948	0.354143	5	1.42221	6
5	--	0.141546	0.116465	6	1.53867	7
6	--	0.181978	0.261001	5	1.72065	8
5	--	0.14551	0.258614	4	1.86616	9
4	--	0.397039	0.314285	5	2.18044	10
5	--	0.232071	0.624074	4	2.41251	11
4	--	0.113295	0.525959	3	2.52581	12
3	--	0.228904	0.697777	2	2.75471	13
2	--	0.927758	0.202345	3	2.95705	14
3	--	0.518133	0.305182	4	3.26223	15
4	--	0.533904	0.120411	5	3.38264	16
5	--	0.454457	0.270083	6	3.65272	17
6	--	0.150106	0.258265	5	3.80283	18
5	--	0.383497	0.191977	6	3.99481	19
6	--	0.243983	0.387268	5	4.23879	20
5	--	0.118497	0.275599	4	4.35729	21
4	--	0.168356	0.543974	3	4.52565	22
3	--	0.539852	0.338575	4	4.86423	23
4	--	0.337279	0.105214	5	4.96944	24
5	--	0.099953	0.092345	6	5.06178	25
6	--	0.360232	0.239741	7	5.30152	26
7	--	0.223497	0.493949	6	5.52502	27
6	--	0.464394	0.149985	7	5.675	28
7	--	0.428837	0.617045	6	6.10384	29
6	--	0.338058	0.545192	5	6.4419	30
5	--	0.137596	0.136917	6	6.57882	31
6	--	0.642301	0.33632	7	6.91514	32
7	--	0.511783	0.175928	8	7.09107	33
8	--	0.167998	0.310006	7	7.25907	34
7	--	0.160688	0.118254	8	7.37732	35
8	--	0.391617	0.860029	7	7.76894	36
7	--	0.244899	0.292019	6	8.01384	37
6	--	0.337671	0.484327	5	8.35151	38
5	--	0.268	0.443393	4	8.61951	39
4	--	0.538327	0.15218	5	8.77169	40
5	--	0.607889	0.620438	4	9.37958	41
4	--	0.471397	0.271135	5	9.65072	42
5	--	0.528259	0.354314	6	10.00503	43
6	--	0.430899	0.454939	5	10.43593	44
5	--	0.374042	0.182273	6	10.6182	45
6	--	0.34147	0.236052	7	10.85425	46
7	--	0.178366	0.583513	6	11.03262	47
6	--	0.386737	0.282925	7	11.31554	48
7	--	0.366282	0.500464	6	11.68182	49
6	--	0.316234	0.355608	5	11.99805	50
5	--	0.182989	0.096985	6	12.09503	51
6	--	0.549442	0.320265	7	12.4153	52
7	--	0.366621	0.273356	8	12.68866	53
8	--	0.616836	0.331017	9	13.01968	54
9	--	1.460907	0.807146	10	13.82683	55

test #81
3	--	0.461322	0.15185	4	0.15185	1
4	--	0.259207	0.629384	3	0.41106	2
3	--	0.110375	0.282521	2	0.52144	3
2	--	0.580303	0.275568	3	0.79701	4
3	--	0.172904	0.326952	2	0.96991	5
2	--	0.580327	0.666778	1	1.55024	6
1	--	0.851762	1.079412	0	2.402	7

test #82
3	--	0.697361	0.114748	4	0.11475	1
4	--	0.262794	0.194389	5	0.30914	2
5	--	0.453714	0.477937	4	0.76285	3
4	--	0.137884	0.199449	3	0.90073	4
3	--	0.731831	0.711915	4	1.61265	5
4	--	0.306328	0.289637	5	1.90229	6
5	--	0.107095	0.513889	4	2.00939	7
4	--	0.633716	0.460439	5	2.46983	8
5	--	0.112241	0.346407	4	2.58207	9
4	--	0.445497	0.529444	3	3.02757	10
3	--	0.392892	0.689201	2	3.42046	11
2	--	0.285867	0.361117	1	3.70633	12
1	--	0.506684	0.573709	0	4.21301	13

test #83
3	--	0.380724	0.164132	4	0.16413	1
4	--	0.481481	0.645131	3	0.64561	2
3	--	0.111425	0.559146	2	0.75703	3
2	--	0.225766	0.265611	1	0.9828	4
1	--	1.002241	0.26592	2	1.24872	5
2	--	0.636794	0.243135	3	1.49186	6
3	--	0.111936	0.213632	2	1.6038	7
2	--	0.181372	0.931468	1	1.78517	8
1	--	0.830196	0.879769	0	2.61537	9

test #84
3	--	0.157347	0.129231	4	0.12923	1
4	--	0.143743	0.23632	3	0.27297	2
3	--	0.112321	0.162646	2	0.38529	3
2	--	0.45323	0.564194	1	0.83852	4
1	--	0.494716	0.53843	0	1.33324	5

test #85
3	--	0.27639	0.318397	2	0.27639	1
2	--	0.230123	0.164101	3	0.44049	2
3	--	0.490034	0.182094	4	0.62258	3
4	--	0.389832	0.290042	5	0.91262	4
5	--	0.481115	0.150114	6	1.06273	5
6	--	0.336206	0.600125	5	1.39894	6
5	--	0.139557	0.421068	4	1.5385	7
4	--	0.42349	0.150502	5	1.689	8
5	--	0.192142	0.125893	6	1.81489	9
6	--	0.168114	0.524914	5	1.983	10
5	--	0.437098	0.259423	6	2.24242	11
6	--	0.430088	0.387319	7	2.62974	12
7	--	0.453927	0.245107	8	2.87485	13
8	--	0.336263	0.304162	9	3.17901	14
9	--	1.467154	0.896574	10	4.07558	15

test #86
3	--	0.13012	0.198963	2	0.13012	1
2	--	0.165511	0.242774	1	0.29563	2
1	--	0.540408	0.570326	0	0.83604	3

test #87
3	--	0.126865	0.273088	2	0.12686	1
2	--	0.369922	0.315929	3	0.44279	2
3	--	0.472655	0.368703	4	0.81149	3
4	--	0.483663	0.446781	5	1.25827	4
5	--	0.181247	0.331174	4	1.43952	5
4	--	0.385892	0.286751	5	1.72627	6
5	--	0.562506	0.548086	6	2.27436	7
6	--	0.650704	0.219422	7	2.49378	8
7	--	0.315474	0.304239	8	2.79802	9
8	--	0.476971	0.5564	7	3.27499	10
7	--	0.597248	0.253652	8	3.52864	11
8	--	0.583687	0.867421	7	4.11233	12
7	--	0.243754	0.516005	6	4.35608	13
6	--	0.340669	0.182372	7	4.53845	14
7	--	0.245411	0.441709	6	4.78386	15
6	--	0.154244	0.282148	5	4.9381	16
5	--	0.596419	0.255767	6	5.19387	17
6	--	0.292865	0.094967	7	5.28884	18
7	--	0.459921	0.193958	8	5.4828	19
8	--	0.258027	0.535809	7	5.74083	20
7	--	0.60116	0.403783	8	6.14461	21
8	--	0.877224	0.270048	9	6.41466	22
9	--	0.464826	0.662093	8	6.87949	23
8	--	0.770388	0.862568	7	7.64988	24
7	--	0.606232	0.502072	8	8.15195	25
8	--	0.420557	0.715995	7	8.57251	26
7	--	0.396253	0.53448	6	8.96876	27
6	--	0.577789	0.161797	7	9.13056	28
7	--	0.42244	0.599932	6	9.553	29
6	--	0.530464	0.112413	7	9.66541	30
7	--	0.129161	0.572831	6	9.79457	31
6	--	0.429458	0.110118	7	9.90469	32
7	--	0.709057	0.374049	8	10.27874	33
8	--	0.375883	0.740728	7	10.65462	34
7	--	0.130116	0.317213	6	10.78474	35
6	--	0.510864	0.541304	5	11.2956	36
5	--	0.147761	0.392293	4	11.44336	37
4	--	0.286837	0.148919	5	11.59228	38
5	--	0.231275	0.482104	4	11.82356	39
4	--	0.110674	0.126443	3	11.93423	40
3	--	0.180564	0.526966	2	12.11479	41
2	--	0.485132	0.460241	3	12.57503	42
3	--	0.451387	0.625229	2	13.02642	43
2	--	0.343965	0.154515	3	13.18094	44
3	--	0.669063	0.139722	4	13.32066	45
4	--	0.104466	0.144271	3	13.42513	46
3	--	0.330463	0.15739	4	13.58252	47
4	--	0.243164	0.642279	3	13.82568	48
3	--	0.10895	0.184893	2	13.93463	49
2	--	0.769703	0.388876	3	14.32351	50
3	--	0.281326	0.311608	2	14.60484	51
2	--	0.770041	0.589315	3	15.19416	52
3	--	0.478271	0.600741	2	15.67243	53
2	--	0.931612	0.921598	3	16.59403	54
3	--	0.501194	0.260229	4	16.85426	55
4	--	0.113539	0.204876	3	16.9678	56
3	--	0.303848	0.439471	2	17.27165	57
2	--	0.615014	0.214386	3	17.48604	58
3	--	0.315345	0.648363	2	17.80138	59
2	--	0.702548	0.24972	3	18.0511	60
3	--	0.17862	0.429028	2	18.22972	61
2	--	0.400943	0.492266	1	18.63066	62
1	--	0.263576	0.718363	0	18.89424	63

test #88
3	--	0.498911	0.310321	4	0.31032	1
4	--	0.363775	0.188273	5	0.49859	2
5	--	0.303497	0.266788	6	0.76538	3
6	--	0.555206	0.166678	7	0.93206	4
7	--	0.205395	0.335098	6	1.13746	5
6	--	0.103741	0.125245	5	1.2412	6
5	--	0.173337	0.37838	4	1.41454	7
4	--	0.180637	0.469866	3	1.59518	8
3	--	0.271787	0.170965	4	1.76614	9
4	--	0.09973	0.226021	3	1.86587	10
3	--	0.129639	0.45488	2	1.99551	11
2	--	0.210687	0.779437	1	2.2062	12
1	--	0.796524	0.277045	2	2.48324	13
2	--	0.28949	0.831093	1	2.77273	14
1	--	0.794164	1.249541	0	3.56689	15

test #89
3	--	0.267989	0.121151	4	0.12115	1
4	--	0.38199	0.186916	5	0.30807	2
5	--	0.315311	0.417704	4	0.62338	3
4	--	0.180867	0.55927	3	0.80425	4
3	--	0.190305	0.293251	2	0.99455	5
2	--	0.241318	0.283603	1	1.23587	6
1	--	0.610822	0.829782	0	1.84669	7

test #90
3	--	0.349629	0.494149	2	0.34963	1
2	--	0.478867	0.322993	3	0.67262	2
3	--	0.6335	0.186134	4	0.85875	3
4	--	0.426192	0.227667	5	1.08642	4
5	--	0.514277	0.273691	6	1.36011	5
6	--	0.159158	0.180261	5	1.51927	6
5	--	0.140446	0.268098	4	1.65972	7
4	--	0.215476	0.506237	3	1.8752	8
3	--	0.689386	0.126596	4	2.0018	9
4	--	0.102942	0.588814	3	2.10474	10
3	--	0.249871	0.324297	2	2.35461	11
2	--	0.525862	0.950158	1	2.88047	12
1	--	0.311747	0.996819	0	3.19222	13

test #91
3	--	0.361092	0.206147	4	0.20615	1
4	--	0.505572	0.241404	5	0.44755	2
5	--	0.345606	0.578589	4	0.79316	3
4	--	0.579661	0.528504	5	1.32166	4
5	--	0.327617	0.210582	6	1.53224	5
6	--	0.316394	0.159877	7	1.69212	6
7	--	0.184844	0.324072	6	1.87696	7
6	--	0.158078	0.393176	5	2.03504	8
5	--	0.286222	0.094883	6	2.12992	9
6	--	0.257986	0.250551	7	2.38047	10
7	--	0.376208	0.197734	8	2.5782	11
8	--	0.389463	0.637925	7	2.96766	12
7	--	0.256502	0.211384	8	3.17904	13
8	--	0.802746	0.949281	7	3.98179	14
7	--	0.286871	0.278653	8	4.26044	15
8	--	0.377036	0.17109	9	4.43153	16
9	--	0.294763	0.473982	8	4.72629	17
8	--	0.681837	0.147125	9	4.87341	18
9	--	0.905883	1.110012	8	5.77929	19
8	--	0.667065	0.189156	9	5.96845	20
9	--	0.536617	0.406923	10	6.37537	21

test #92
3	--	0.119632	0.201905	2	0.11963	1
2	--	0.411741	0.307604	3	0.42723	2
3	--	0.469443	0.131574	4	0.5588	3
4	--	0.565798	0.129016	5	0.68782	4
5	--	0.340471	0.124797	6	0.81262	5
6	--	0.640608	0.1193	7	0.93192	6
7	--	0.342356	0.125594	8	1.05751	7
8	--	0.881218	0.513824	9	1.57133	8
9	--	1.717673	1.743749	8	3.289	9
8	--	0.639676	0.141773	9	3.43077	10
9	--	0.610383	0.840589	8	4.04115	11
8	--	0.44801	0.210378	9	4.25153	12
9	--	0.712421	1.705366	8	4.96395	13
8	--	0.470352	0.156517	9	5.12047	14
9	--	1.303861	0.601792	10	5.72226	15

test #93
3	--	0.471416	0.420223	4	0.42022	1
4	--	0.218843	0.349	3	0.63906	2
3	--	0.214163	0.689162	2	0.85322	3
2	--	0.145043	0.519673	1	0.99826	4
1	--	0.530004	0.310977	2	1.30924	5
2	--	0.371223	0.342052	3	1.65129	6
3	--	0.378528	0.324493	4	1.97578	7
4	--	0.17647	0.209145	3	2.15225	8
3	--	0.276492	0.24399	4	2.39624	9
4	--	0.4885	0.338275	5	2.73452	10
5	--	0.520574	0.187207	6	2.92173	11
6	--	0.502063	0.312925	7	3.23465	12
7	--	0.142461	0.293862	6	3.37711	13
6	--	0.152729	0.197392	5	3.52984	14
5	--	0.202007	0.174364	6	3.7042	15
6	--	0.446772	0.451473	5	4.15097	16
5	--	0.27074	0.428544	4	4.42171	17
4	--	0.419574	0.194393	5	4.6161	18
5	--	0.351632	0.46363	4	4.96773	19
4	--	0.192404	0.285408	3	5.16013	20
3	--	0.39741	0.334085	4	5.49421	21
4	--	0.113697	0.270903	3	5.60791	22
3	--	0.341647	0.634137	2	5.94956	23
2	--	0.396241	0.425136	1	6.3458	24
1	--	1.318401	0.710451	2	7.05625	25
2	--	0.885027	0.639296	3	7.69555	26
3	--	0.353038	0.353916	2	8.04859	27
2	--	0.852484	0.575532	3	8.62412	28
3	--	0.494202	0.315953	4	8.94007	29
4	--	0.512831	0.096797	5	9.03687	30
5	--	0.487008	0.118874	6	9.15574	31
6	--	0.527638	0.224625	7	9.38036	32
7	--	0.714692	0.686385	8	10.06674	33
8	--	0.870696	0.403124	9	10.46986	34
9	--	1.74126	1.088164	10	11.55802	35

test #94
3	--	0.664497	0.129713	4	0.12971	1
4	--	0.26377	0.239115	5	0.36883	2
5	--	0.180896	0.198516	4	0.54973	3
4	--	0.321714	0.38642	3	0.87144	4
3	--	0.197984	0.408885	2	1.06942	5
2	--	0.630832	0.237734	3	1.30715	6
3	--	0.474101	0.620541	2	1.78125	7
2	--	0.153465	0.250076	1	1.93471	8
1	--	1.243337	1.374288	0	3.17805	9

test #95
3	--	0.246695	0.530965	2	0.2467	1
2	--	0.186018	0.199649	1	0.43272	2
1	--	0.470834	0.288252	2	0.72097	3
2	--	0.268461	0.777905	1	0.98943	4
1	--	0.770976	1.437631	0	1.76041	5

test #96
3	--	0.543669	0.432325	4	0.43232	1
4	--	0.65669	0.582754	5	1.01507	2
5	--	0.244326	0.304299	4	1.2594	3
4	--	0.403508	0.490436	3	1.66291	4
3	--	0.63953	0.499052	4	2.16196	5
4	--	0.274626	0.144382	5	2.30634	6
5	--	0.633662	0.179743	6	2.48608	7
6	--	0.152384	0.165421	5	2.63846	8
5	--	0.131002	0.145774	4	2.76946	9
4	--	0.410279	0.221461	5	2.99092	10
5	--	0.403332	0.352428	6	3.34335	11
6	--	0.298248	0.282881	7	3.62623	12
7	--	0.758304	0.191746	8	3.81798	13
8	--	0.839154	0.197964	9	4.01594	14
9	--	0.810669	1.137167	8	4.82661	15
8	--	0.419722	0.183025	9	5.00963	16
9	--	0.289809	0.874772	8	5.29944	17
8	--	0.364521	0.574371	7	5.66396	18
7	--	0.258779	0.575821	6	5.92274	19
6	--	0.287663	0.168125	7	6.09086	20
7	--	0.216884	0.409435	6	6.30774	21
6	--	0.199494	0.29059	5	6.50723	22
5	--	0.098196	0.25336	4	6.60543	23
4	--	0.099875	0.149816	3	6.70531	24
3	--	0.404454	0.110906	4	6.81622	25
4	--	0.330848	0.460572	3	7.14707	26
3	--	0.172655	0.417402	2	7.31973	27
2	--	0.900238	0.595645	3	7.91537	28
3	--	0.47208	0.57324	2	8.38745	29
2	--	0.395478	0.317535	3	8.70499	30
3	--	0.208901	0.33882	2	8.91389	31
2	--	0.49526	0.603799	1	9.40915	32
1	--	0.768691	0.970336	0	10.17784	33

test #97
3	--	0.138975	0.222769	2	0.13897	1
2	--	0.47001	0.482888	1	0.60898	2
1	--	1.086541	0.822727	2	1.43171	3
2	--	0.688683	0.526937	3	1.95865	4
3	--	0.751633	0.265092	4	2.22374	5
4	--	0.466784	0.104186	5	2.32793	6
5	--	0.502524	0.430104	6	2.75803	7
6	--	0.345453	0.502415	5	3.10348	8
5	--	0.356665	0.176566	6	3.28005	9
6	--	0.138922	0.157405	5	3.41897	10
5	--	0.208193	0.350882	4	3.62716	11
4	--	0.169956	0.120632	5	3.74779	12
5	--	0.43836	0.274413	6	4.0222	13
6	--	0.139187	0.527158	5	4.16139	14
5	--	0.376945	0.306241	6	4.46763	15
6	--	0.11275	0.511486	5	4.58038	16
5	--	0.493267	0.451418	6	5.0318	17
6	--	0.649286	0.59795	7	5.62975	18
7	--	0.375638	0.300537	8	5.93029	19
8	--	0.613062	0.494767	9	6.42506	20
9	--	0.514858	0.251398	10	6.67646	21

test #98
3	--	0.126855	0.324698	2	0.12686	1
2	--	0.235557	0.911212	1	0.36242	2
1	--	0.452244	0.275135	2	0.63756	3
2	--	0.458629	0.208998	3	0.84656	4
3	--	0.180923	0.149974	4	0.99653	5
4	--	0.264065	0.256659	5	1.25319	6
5	--	0.390658	0.289918	6	1.54311	7
6	--	0.169445	0.508412	5	1.71255	8
5	--	0.243142	0.403151	4	1.95569	9
4	--	0.246482	0.156382	5	2.11207	10
5	--	0.281733	0.096446	6	2.20852	11
6	--	0.185185	0.418414	5	2.3937	12
5	--	0.591096	0.227775	6	2.62148	13
6	--	0.338678	0.628612	5	2.96016	14
5	--	0.132312	0.252769	4	3.09247	15
4	--	0.397504	0.125681	5	3.21815	16
5	--	0.472767	0.18737	6	3.40552	17
6	--	0.33766	0.531303	5	3.74318	18
5	--	0.531912	0.144171	6	3.88735	19
6	--	0.45389	0.549772	5	4.34124	20
5	--	0.128802	0.383558	4	4.47004	21
4	--	0.195638	0.351261	3	4.66568	22
3	--	0.583328	0.300755	4	4.96644	23
4	--	0.267247	0.191303	5	5.15774	24
5	--	0.124415	0.551626	4	5.28216	25
4	--	0.105046	0.339423	3	5.38721	26
3	--	0.391444	0.236642	4	5.62385	27
4	--	0.370348	0.313351	5	5.9372	28
5	--	0.251375	0.244336	6	6.18154	29
6	--	0.457973	0.31714	7	6.49868	30
7	--	0.211323	0.177361	8	6.67604	31
8	--	0.510592	0.560049	7	7.18663	32
7	--	0.221451	0.437994	6	7.40808	33
6	--	0.284769	0.120803	7	7.52888	34
7	--	0.574799	0.546315	8	8.0752	35
8	--	0.378572	0.455487	7	8.45377	36
7	--	0.282657	0.107961	8	8.56173	37
8	--	0.3102	0.606222	7	8.87193	38
7	--	0.107336	0.398703	6	8.97927	39
6	--	0.365708	0.413093	5	9.34498	40
5	--	0.127599	0.192179	4	9.47258	41
4	--	0.64608	0.162164	5	9.63474	42
5	--	0.380596	0.219662	6	9.8544	43
6	--	0.361785	0.395188	5	10.21618	44
5	--	0.543483	0.372379	6	10.58856	45
6	--	0.150831	0.592859	5	10.73939	46
5	--	0.598154	0.579428	6	11.31882	47
6	--	0.537728	0.281994	7	11.60081	48
7	--	0.126056	0.313668	6	11.72687	49
6	--	0.250541	0.202033	7	11.9289	50
7	--	0.470122	0.143424	8	12.07232	51
8	--	0.508571	0.62603	7	12.58089	52
7	--	0.34854	0.703667	6	12.92943	53
6	--	0.620444	0.313073	7	13.2425	54
7	--	0.165886	0.31275	6	13.40839	55
6	--	0.428277	0.617196	5	13.83667	56
5	--	0.525042	0.13349	6	13.97016	57
6	--	0.226679	0.136605	7	14.10676	58
7	--	0.323919	0.554545	6	14.43068	59
6	--	0.401348	0.183286	7	14.61397	60
7	--	0.541357	0.52243	8	15.1364	61
8	--	0.248595	0.266936	7	15.385	62
7	--	0.330775	0.34028	6	15.71578	63
6	--	0.27725	0.247944	7	15.96372	64
7	--	0.364332	0.576921	6	16.32805	65
6	--	0.607303	0.413331	7	16.74138	66
7	--	0.414896	0.406034	8	17.14741	67
8	--	0.305542	0.456113	7	17.45295	68
7	--	0.13683	0.156614	6	17.58978	69
6	--	0.258953	0.233956	7	17.82374	70
7	--	0.19718	0.142681	8	17.96642	71
8	--	0.185639	0.169071	9	18.13549	72
9	--	0.952138	1.461185	8	19.08763	73
8	--	0.483657	0.405468	9	19.4931	74
9	--	0.761877	1.280543	8	20.25498	75
8	--	0.320912	0.599502	7	20.57589	76
7	--	0.749786	0.688716	8	21.26461	77
8	--	0.930884	0.175126	9	21.43974	78
9	--	0.783294	0.495811	10	21.93555	79

test #99
3	--	0.133434	0.535296	2	0.13343	1
2	--	0.659339	0.285051	3	0.41848	2
3	--	0.260698	0.621419	2	0.67918	3
2	--	0.312714	0.502252	1	0.99189	4
1	--	0.615707	0.352714	2	1.3446	5
2	--	0.731041	0.158817	3	1.50342	6
3	--	0.343415	0.751413	2	1.84684	7
2	--	0.505289	0.216366	3	2.06321	8
3	--	0.520429	0.535914	2	2.58364	9
2	--	0.256737	0.512664	1	2.84038	10
1	--	1.765818	0.331603	2	3.17198	11
2	--	0.449233	0.357034	3	3.52901	12
3	--	0.327901	0.195937	4	3.72495	13
4	--	0.441438	0.286661	5	4.01161	14
5	--	0.513842	0.516861	4	4.52545	15
4	--	0.44593	0.275718	5	4.80117	16
5	--	0.130942	0.129937	6	4.93111	17
6	--	0.477886	0.352144	7	5.28325	18
7	--	0.765558	0.543395	8	5.82664	19
8	--	0.548891	0.47079	9	6.29743	20
9	--	0.779846	0.771214	10	7.06864	21
