start i C()	t_left		t_right 	New i	Total time generation

test #0
7	--	0.541734	0.192397	8	0.1924	1
8	--	0.681543	0.647558	9	0.83996	2
9	--	0.491612	0.368741	10	1.2087	3

test #1
7	--	0.235893	0.207094	8	0.20709	1
8	--	0.316379	0.363952	7	0.52347	2
7	--	0.621799	0.290272	8	0.81374	3
8	--	0.149485	0.900049	7	0.96322	4
7	--	0.420099	0.241986	8	1.20521	5
8	--	0.636585	0.213957	9	1.41917	6
9	--	1.18786	0.626905	10	2.04608	7

test #2
7	--	0.319565	0.18683	8	0.18683	1
8	--	0.409163	0.269289	9	0.45612	2
9	--	1.138371	0.290946	10	0.74707	3

test #3
7	--	0.377919	0.453671	6	0.37792	1
6	--	0.299189	0.30827	5	0.67711	2
5	--	0.176407	0.116132	6	0.79324	3
6	--	0.264497	0.53213	5	1.05774	4
5	--	0.213772	0.329628	4	1.27151	5
4	--	0.181486	0.238757	3	1.453	6
3	--	0.749738	0.538085	4	1.99108	7
4	--	0.096162	0.205655	3	2.08724	8
3	--	0.226098	0.243561	2	2.31334	9
2	--	0.660992	0.519921	3	2.83326	10
3	--	0.366219	0.494959	2	3.19948	11
2	--	0.384596	0.34998	3	3.54946	12
3	--	0.106609	0.222748	2	3.65607	13
2	--	0.334375	0.547724	1	3.99045	14
1	--	1.78035	0.736386	2	4.72684	15
2	--	0.426324	0.381501	3	5.10834	16
3	--	0.254026	0.165051	4	5.27339	17
4	--	0.304881	0.211561	5	5.48495	18
5	--	0.189166	0.542657	4	5.67412	19
4	--	0.31594	0.176621	5	5.85074	20
5	--	0.297215	0.532795	4	6.14796	21
4	--	0.198909	0.177564	5	6.32552	22
5	--	0.104573	0.299176	4	6.43009	23
4	--	0.421577	0.380015	5	6.81011	24
5	--	0.324232	0.127931	6	6.93804	25
6	--	0.400174	0.113089	7	7.05113	26
7	--	0.304212	0.257325	8	7.30846	27
8	--	0.222185	0.305965	7	7.53064	28
7	--	0.364348	0.681429	6	7.89499	29
6	--	0.28304	0.612992	5	8.17803	30
5	--	0.534596	0.548418	4	8.71263	31
4	--	0.433976	0.449386	3	9.14661	32
3	--	0.401275	0.41342	2	9.54789	33
2	--	0.153567	0.170301	1	9.70146	34
1	--	1.326368	0.295523	2	9.99698	35
2	--	0.416121	0.139561	3	10.13654	36
3	--	0.329381	0.693497	2	10.46592	37
2	--	0.335158	0.857341	1	10.80108	38
1	--	0.460296	0.534221	0	11.26138	39

test #4
7	--	0.44217	0.540761	6	0.44217	1
6	--	0.637998	0.202174	7	0.64434	2
7	--	0.133707	0.140328	6	0.77805	3
6	--	0.139131	0.635816	5	0.91718	4
5	--	0.330911	0.330069	6	1.24725	5
6	--	0.49072	0.315875	7	1.56313	6
7	--	0.704149	0.25788	8	1.82101	7
8	--	0.204275	0.922978	7	2.02529	8
7	--	0.275541	0.441243	6	2.30083	9
6	--	0.093482	0.435598	5	2.39431	10
5	--	0.503996	0.476942	6	2.87125	11
6	--	0.340446	0.141473	7	3.01272	12
7	--	0.139222	0.462969	6	3.15194	13
6	--	0.390087	0.602107	5	3.54203	14
5	--	0.248768	0.210819	6	3.75285	15
6	--	0.307868	0.299905	7	4.05275	16
7	--	0.536018	0.254396	8	4.30715	17
8	--	0.207675	0.46854	7	4.51483	18
7	--	0.166692	0.731061	6	4.68152	19
6	--	0.368243	0.177841	7	4.85936	20
7	--	0.531943	0.310146	8	5.16951	21
8	--	0.614417	0.309237	9	5.47875	22
9	--	1.080057	1.396485	8	6.55881	23
8	--	0.519004	0.734811	7	7.07781	24
7	--	0.262594	0.468438	6	7.3404	25
6	--	0.132113	0.557233	5	7.47251	26
5	--	0.48414	0.115605	6	7.58811	27
6	--	0.219481	0.620571	5	7.80759	28
5	--	0.313789	0.100681	6	7.90827	29
6	--	0.384212	0.144847	7	8.05312	30
7	--	0.204292	0.190965	8	8.24408	31
8	--	0.204427	0.152149	9	8.39623	32
9	--	0.45406	0.849149	8	8.85029	33
8	--	0.159699	0.457974	7	9.00999	34
7	--	0.116959	0.495877	6	9.12695	35
6	--	0.204212	0.21289	5	9.33116	36
5	--	0.309799	0.121515	6	9.45268	37
6	--	0.552499	0.286415	7	9.73909	38
7	--	0.66112	0.604722	8	10.34381	39
8	--	0.419623	0.387947	9	10.73176	40
9	--	0.280604	0.844099	8	11.01236	41
8	--	0.258896	0.20711	9	11.21947	42
9	--	0.581148	1.331366	8	11.80062	43
8	--	0.617833	0.293689	9	12.09431	44
9	--	0.293657	1.066951	8	12.38797	45
8	--	0.976009	0.477245	9	12.86521	46
9	--	1.715372	0.382232	10	13.24744	47

test #5
7	--	0.759059	0.384806	8	0.38481	1
8	--	0.24442	0.147158	9	0.53197	2
9	--	0.966355	1.727366	8	1.49833	3
8	--	0.843544	0.179009	9	1.67734	4
9	--	0.491312	1.258644	8	2.16865	5
8	--	0.768475	0.353853	9	2.5225	6
9	--	0.278182	1.429823	8	2.80068	7
8	--	0.358794	0.339164	9	3.13984	8
9	--	0.495446	0.271873	10	3.41171	9

test #6
7	--	0.288299	0.248573	8	0.24857	1
8	--	0.249566	0.196551	9	0.44512	2
9	--	0.825939	0.651001	10	1.09612	3

test #7
7	--	0.652198	0.15992	8	0.15992	1
8	--	0.695941	0.544595	9	0.70452	2
9	--	0.691523	0.270743	10	0.97526	3

test #8
7	--	0.200187	0.331531	6	0.20019	1
6	--	0.128862	0.094634	7	0.29482	2
7	--	0.415837	0.354069	8	0.64889	3
8	--	0.43953	0.197519	9	0.84641	4
9	--	0.483796	0.893527	8	1.33021	5
8	--	0.305632	0.293246	9	1.62346	6
9	--	0.468192	0.316037	10	1.9395	7

test #9
7	--	0.204338	0.116867	8	0.11687	1
8	--	0.442734	0.503278	7	0.5596	2
7	--	0.142626	0.62304	6	0.70223	3
6	--	0.51114	0.507028	7	1.20926	4
7	--	0.346414	0.374286	6	1.55567	5
6	--	0.214642	0.300471	5	1.77031	6
5	--	0.183011	0.347621	4	1.95332	7
4	--	0.581584	0.483382	5	2.4367	8
5	--	0.545588	0.505569	6	2.94227	9
6	--	0.149585	0.631433	5	3.09185	10
5	--	0.578314	0.373979	6	3.46583	11
6	--	0.333924	0.188344	7	3.65417	12
7	--	0.12682	0.158713	6	3.78099	13
6	--	0.250866	0.211395	7	3.99239	14
7	--	0.504698	0.64675	6	4.49709	15
6	--	0.447579	0.255366	7	4.75246	16
7	--	0.302397	0.295427	8	5.04789	17
8	--	0.64226	0.635167	9	5.68306	18
9	--	0.323802	0.744004	8	6.00686	19
8	--	0.982356	0.183915	9	6.19078	20
9	--	0.448676	1.603145	8	6.63946	21
8	--	0.548231	0.749657	7	7.18769	22
7	--	0.530759	0.152243	8	7.33993	23
8	--	0.763526	0.311456	9	7.65139	24
9	--	0.838389	0.870223	8	8.48978	25
8	--	0.503079	0.154534	9	8.64431	26
9	--	1.786081	1.338326	10	9.98264	27

test #10
7	--	0.167082	0.141841	8	0.14184	1
8	--	0.23166	0.813621	7	0.3735	2
7	--	0.218996	0.254465	6	0.5925	3
6	--	0.320216	0.255959	7	0.84846	4
7	--	0.682524	0.28727	8	1.13573	5
8	--	0.82051	0.329713	9	1.46544	6
9	--	0.270862	0.565278	8	1.7363	7
8	--	0.354439	0.877692	7	2.09074	8
7	--	0.365266	0.361417	8	2.45216	9
8	--	0.490856	0.642336	7	2.94302	10
7	--	0.171793	0.210716	6	3.11481	11
6	--	0.204593	0.302335	5	3.3194	12
5	--	0.147295	0.313718	4	3.4667	13
4	--	0.121871	0.112544	5	3.57924	14
5	--	0.251415	0.305054	4	3.83066	15
4	--	0.306729	0.66862	3	4.13739	16
3	--	0.478448	0.177478	4	4.31487	17
4	--	0.661675	0.298036	5	4.61291	18
5	--	0.125164	0.165183	4	4.73807	19
4	--	0.621292	0.44904	5	5.18711	20
5	--	0.296417	0.27806	6	5.46517	21
6	--	0.111974	0.12761	5	5.57714	22
5	--	0.165868	0.204318	4	5.74301	23
4	--	0.65606	0.097214	5	5.84022	24
5	--	0.623622	0.180442	6	6.02066	25
6	--	0.590375	0.129577	7	6.15024	26
7	--	0.407024	0.251647	8	6.40189	27
8	--	0.287477	0.723243	7	6.68937	28
7	--	0.460803	0.38197	8	7.07134	29
8	--	0.946954	0.583612	9	7.65495	30
9	--	0.666636	1.437838	8	8.32159	31
8	--	0.885043	0.996757	7	9.20663	32
7	--	0.459131	0.250431	8	9.45706	33
8	--	0.57369	0.734831	7	10.03075	34
7	--	0.334179	0.152364	8	10.18311	35
8	--	0.449059	0.230319	9	10.41343	36
9	--	0.328567	0.80707	8	10.742	37
8	--	0.721441	0.937651	7	11.46344	38
7	--	0.314364	0.384287	6	11.7778	39
6	--	0.199987	0.321791	5	11.97779	40
5	--	0.458179	0.530855	4	12.43597	41
4	--	0.421851	0.265485	5	12.70146	42
5	--	0.115949	0.255562	4	12.81741	43
4	--	0.25016	0.169787	5	12.9872	44
5	--	0.53389	0.459745	6	13.44694	45
6	--	0.571972	0.224258	7	13.6712	46
7	--	0.134741	0.464101	6	13.80594	47
6	--	0.12865	0.232778	5	13.93459	48
5	--	0.316321	0.346704	4	14.25091	49
4	--	0.264554	0.58659	3	14.51546	50
3	--	0.153824	0.261077	2	14.66928	51
2	--	0.17123	0.930041	1	14.84051	52
1	--	0.792637	0.39446	2	15.23497	53
2	--	0.463099	0.530131	1	15.69807	54
1	--	0.506797	0.298238	2	15.99631	55
2	--	0.284806	0.362049	1	16.28112	56
1	--	1.639038	0.305167	2	16.58629	57
2	--	0.196789	0.205296	1	16.78308	58
1	--	0.83119	0.478344	2	17.26142	59
2	--	0.330451	0.292427	3	17.55385	60
3	--	0.47074	0.299607	4	17.85346	61
4	--	0.188401	0.172939	5	18.0264	62
5	--	0.276185	0.380721	4	18.30258	63
4	--	0.523548	0.528889	3	18.82613	64
3	--	0.544604	0.31509	4	19.14122	65
4	--	0.244161	0.155386	5	19.29661	66
5	--	0.348241	0.305464	6	19.60207	67
6	--	0.112113	0.194905	5	19.71418	68
5	--	0.194183	0.638525	4	19.90836	69
4	--	0.114875	0.358572	3	20.02324	70
3	--	0.605808	0.239265	4	20.2625	71
4	--	0.288188	0.22599	5	20.48849	72
5	--	0.414193	0.448852	4	20.90268	73
4	--	0.180713	0.34741	3	21.08339	74
3	--	0.336044	0.179409	4	21.2628	75
4	--	0.206166	0.137741	5	21.40054	76
5	--	0.09458	0.282008	4	21.49512	77
4	--	0.214498	0.496172	3	21.70962	78
3	--	0.215552	0.163295	4	21.87292	79
4	--	0.130191	0.180689	3	22.00311	80
3	--	0.745719	0.324549	4	22.32766	81
4	--	0.587865	0.242462	5	22.57012	82
5	--	0.128761	0.195933	4	22.69888	83
4	--	0.434699	0.562882	3	23.13358	84
3	--	0.195497	0.493824	2	23.32908	85
2	--	0.155196	0.423734	1	23.48428	86
1	--	1.559143	1.763531	0	25.04342	87

test #11
7	--	0.143562	0.452364	6	0.14356	1
6	--	0.139955	0.34566	5	0.28352	2
5	--	0.08933	0.106877	4	0.37285	3
4	--	0.305959	0.308905	3	0.67881	4
3	--	0.386219	0.373962	4	1.05277	5
4	--	0.128377	0.213176	3	1.18115	6
3	--	0.577141	0.26589	4	1.44704	7
4	--	0.215721	0.13192	5	1.57896	8
5	--	0.280649	0.304491	4	1.85961	9
4	--	0.176893	0.496272	3	2.0365	10
3	--	0.334242	0.53975	2	2.37074	11
2	--	0.15819	0.243396	1	2.52893	12
1	--	1.528322	1.327817	2	3.85675	13
2	--	0.140346	0.979527	1	3.9971	14
1	--	0.626733	1.252731	0	4.62383	15

test #12
7	--	0.154927	0.725337	6	0.15493	1
6	--	0.368936	0.194422	7	0.34935	2
7	--	0.143485	0.247497	6	0.49283	3
6	--	0.664334	0.229421	7	0.72225	4
7	--	0.57891	0.5592	8	1.28145	5
8	--	0.185391	0.271604	7	1.46684	6
7	--	0.705899	0.462055	8	1.9289	7
8	--	0.750272	0.267817	9	2.19672	8
9	--	0.640966	1.320617	8	2.83769	9
8	--	0.526671	0.779364	7	3.36436	10
7	--	0.114681	0.211956	6	3.47904	11
6	--	0.175109	0.184593	5	3.65415	12
5	--	0.200513	0.447086	4	3.85466	13
4	--	0.281283	0.184809	5	4.03947	14
5	--	0.529538	0.178367	6	4.21784	15
6	--	0.105701	0.146945	5	4.32354	16
5	--	0.170578	0.237243	4	4.49412	17
4	--	0.57944	0.214256	5	4.70838	18
5	--	0.125261	0.206218	4	4.83364	19
4	--	0.225358	0.251426	3	5.059	20
3	--	0.253435	0.33429	2	5.31244	21
2	--	0.508377	0.84242	1	5.82082	22
1	--	0.347985	0.485706	0	6.1688	23

test #13
7	--	0.225988	0.375578	6	0.22599	1
6	--	0.369026	0.508855	5	0.59502	2
5	--	0.445326	0.368787	6	0.96381	3
6	--	0.138929	0.642551	5	1.10274	4
5	--	0.403221	0.280255	6	1.38299	5
6	--	0.117156	0.549355	5	1.50015	6
5	--	0.280397	0.423009	4	1.78055	7
4	--	0.188848	0.404722	3	1.9694	8
3	--	0.306819	0.308084	2	2.27622	9
2	--	0.32624	0.387531	1	2.60246	10
1	--	1.742173	0.457846	2	3.06031	11
2	--	0.405465	0.582336	1	3.46577	12
1	--	0.635865	0.315309	2	3.78108	13
2	--	0.206527	0.469066	1	3.98761	14
1	--	0.494507	0.588302	0	4.48212	15

test #14
7	--	0.231569	0.21478	8	0.21478	1
8	--	0.142861	0.181185	7	0.35764	2
7	--	0.305206	0.740143	6	0.66285	3
6	--	0.154368	0.667058	5	0.81722	4
5	--	0.226717	0.425667	4	1.04394	5
4	--	0.2726	0.143218	5	1.18716	6
5	--	0.352744	0.160392	6	1.34755	7
6	--	0.608165	0.270906	7	1.61846	8
7	--	0.356182	0.480188	6	1.97464	9
6	--	0.250994	0.443498	5	2.22563	10
5	--	0.532172	0.239462	6	2.46509	11
6	--	0.318593	0.226285	7	2.69137	12
7	--	0.287417	0.149943	8	2.84131	13
8	--	0.167884	0.194276	7	3.00919	14
7	--	0.659971	0.174271	8	3.18346	15
8	--	0.671631	0.213136	9	3.3966	16
9	--	1.179262	0.81383	10	4.21043	17

test #15
7	--	0.285536	0.140111	8	0.14011	1
8	--	0.583968	0.395683	9	0.53579	2
9	--	0.512165	0.427734	10	0.96352	3

test #16
7	--	0.235924	0.175293	8	0.17529	1
8	--	0.421472	0.247786	9	0.42308	2
9	--	1.012839	1.002698	10	1.42578	3

test #17
7	--	0.287546	0.298512	6	0.28755	1
6	--	0.236016	0.27405	5	0.52357	2
5	--	0.291477	0.442232	4	0.81505	3
4	--	0.387336	0.433496	3	1.20239	4
3	--	0.495911	0.214862	4	1.41725	5
4	--	0.315071	0.338074	3	1.73232	6
3	--	0.389179	0.629982	2	2.1215	7
2	--	0.665858	0.503071	3	2.62457	8
3	--	0.404965	0.122103	4	2.74667	9
4	--	0.190319	0.208839	3	2.93699	10
3	--	0.512556	0.166314	4	3.1033	11
4	--	0.131928	0.49116	3	3.23523	12
3	--	0.290779	0.677325	2	3.52601	13
2	--	0.320451	0.613541	1	3.84646	14
1	--	1.62355	0.304189	2	4.15065	15
2	--	0.937009	0.178038	3	4.32869	16
3	--	0.283978	0.698506	2	4.61267	17
2	--	0.793994	0.537611	3	5.15028	18
3	--	0.354151	0.290263	4	5.44054	19
4	--	0.657584	0.522637	5	5.96318	20
5	--	0.096883	0.362252	4	6.06006	21
4	--	0.157086	0.416382	3	6.21715	22
3	--	0.67112	0.504064	4	6.72121	23
4	--	0.258217	0.352222	3	6.97943	24
3	--	0.448453	0.184454	4	7.16388	25
4	--	0.23279	0.299749	3	7.39667	26
3	--	0.174894	0.679244	2	7.57156	27
2	--	0.469565	0.827732	1	8.04112	28
1	--	1.657689	0.660044	2	8.70116	29
2	--	0.687754	0.485788	3	9.18695	30
3	--	0.329706	0.199767	4	9.38672	31
4	--	0.235564	0.180881	5	9.5676	32
5	--	0.219401	0.311163	4	9.787	33
4	--	0.389998	0.190373	5	9.97737	34
5	--	0.105497	0.154169	4	10.08287	35
4	--	0.113175	0.095939	5	10.17881	36
5	--	0.455074	0.358471	6	10.53728	37
6	--	0.523165	0.343539	7	10.88082	38
7	--	0.58893	0.123322	8	11.00414	39
8	--	0.416119	0.297404	9	11.30154	40
9	--	0.35157	0.831242	8	11.65311	41
8	--	0.472098	0.557954	7	12.12521	42
7	--	0.261788	0.72505	6	12.387	43
6	--	0.173019	0.260626	5	12.56002	44
5	--	0.158828	0.19814	4	12.71885	45
4	--	0.485096	0.380741	5	13.09959	46
5	--	0.157016	0.406361	4	13.25661	47
4	--	0.5529	0.101229	5	13.35784	48
5	--	0.368978	0.097044	6	13.45488	49
6	--	0.505466	0.222606	7	13.67749	50
7	--	0.763373	0.632341	8	14.30983	51
8	--	0.414872	0.57852	7	14.7247	52
7	--	0.287677	0.107873	8	14.83257	53
8	--	0.463189	0.639618	7	15.29576	54
7	--	0.163444	0.744671	6	15.4592	55
6	--	0.402221	0.60995	5	15.86142	56
5	--	0.44667	0.45213	4	16.30809	57
4	--	0.11016	0.516777	3	16.41825	58
3	--	0.248799	0.583619	2	16.66705	59
2	--	0.706201	0.318554	3	16.9856	60
3	--	0.17076	0.382374	2	17.15636	61
2	--	0.204497	0.189629	3	17.34599	62
3	--	0.760149	0.154696	4	17.50069	63
4	--	0.546648	0.213811	5	17.7145	64
5	--	0.501543	0.476429	6	18.19093	65
6	--	0.601921	0.380876	7	18.57181	66
7	--	0.278151	0.649958	6	18.84996	67
6	--	0.187982	0.174533	7	19.02449	68
7	--	0.516419	0.24802	8	19.27251	69
8	--	0.323933	0.144763	9	19.41727	70
9	--	0.561848	0.693149	8	19.97912	71
8	--	0.342484	0.206585	9	20.1857	72
9	--	0.438844	0.651965	8	20.62454	73
8	--	0.27139	0.180842	9	20.80538	74
9	--	1.076766	1.354521	8	21.88215	75
8	--	0.603038	0.478696	9	22.36085	76
9	--	1.303759	1.630253	8	23.66461	77
8	--	0.648968	0.293463	9	23.95807	78
9	--	0.776414	0.298779	10	24.25685	79

test #18
7	--	0.212087	0.614358	6	0.21209	1
6	--	0.502594	0.53165	5	0.71468	2
5	--	0.268424	0.23786	6	0.95254	3
6	--	0.547035	0.131046	7	1.08359	4
7	--	0.688688	0.673926	8	1.75752	5
8	--	0.539047	0.372404	9	2.12992	6
9	--	0.974681	0.656266	10	2.78619	7

test #19
7	--	0.137091	0.727498	6	0.13709	1
6	--	0.351417	0.24862	7	0.38571	2
7	--	0.114523	0.702111	6	0.50023	3
6	--	0.093489	0.288994	5	0.59372	4
5	--	0.328549	0.5441	4	0.92227	5
4	--	0.269344	0.627364	3	1.19161	6
3	--	0.221151	0.29894	2	1.41276	7
2	--	0.450353	0.235685	3	1.64844	8
3	--	0.364662	0.561639	2	2.0131	9
2	--	0.374521	0.415387	1	2.38762	10
1	--	1.213736	0.528356	2	2.91598	11
2	--	0.372305	0.164678	3	3.08066	12
3	--	0.122287	0.321873	2	3.20295	13
2	--	0.388235	0.634627	1	3.59119	14
1	--	0.475172	0.462121	2	4.05331	15
2	--	0.636935	0.550311	3	4.60362	16
3	--	0.180304	0.13023	4	4.73385	17
4	--	0.437205	0.148027	5	4.88188	18
5	--	0.254488	0.287485	4	5.13637	19
4	--	0.449062	0.118093	5	5.25446	20
5	--	0.598129	0.097159	6	5.35162	21
6	--	0.163173	0.203464	5	5.51479	22
5	--	0.423822	0.530338	4	5.93861	23
4	--	0.596757	0.127081	5	6.06569	24
5	--	0.110963	0.510394	4	6.17665	25
4	--	0.148741	0.535293	3	6.32539	26
3	--	0.411897	0.137001	4	6.46239	27
4	--	0.290169	0.170114	5	6.6325	28
5	--	0.375019	0.562639	4	7.00752	29
4	--	0.330546	0.426125	3	7.33807	30
3	--	0.148763	0.3375	2	7.48683	31
2	--	0.424091	0.619429	1	7.91092	32
1	--	0.831966	0.43408	2	8.345	33
2	--	0.215391	0.179915	3	8.52492	34
3	--	0.665458	0.251187	4	8.77611	35
4	--	0.518068	0.372146	5	9.14826	36
5	--	0.164287	0.161669	6	9.30993	37
6	--	0.312039	0.352887	5	9.62197	38
5	--	0.384196	0.582429	4	10.00617	39
4	--	0.22466	0.251817	3	10.23083	40
3	--	0.131786	0.425964	2	10.36262	41
2	--	0.419116	0.248115	3	10.61074	42
3	--	0.250966	0.479999	2	10.86171	43
2	--	0.305502	0.421476	1	11.16721	44
1	--	1.002237	0.30842	2	11.47563	45
2	--	0.344765	0.227132	3	11.70276	46
3	--	0.114451	0.122987	2	11.81721	47
2	--	0.258338	0.393699	1	12.07555	48
1	--	1.225817	0.452913	2	12.52846	49
2	--	0.521545	1.003663	1	13.05	50
1	--	0.326456	0.497644	0	13.37646	51

test #20
7	--	0.604491	0.195383	8	0.19538	1
8	--	0.255671	0.432129	7	0.45105	2
7	--	0.286722	0.466631	6	0.73777	3
6	--	0.485685	0.310009	7	1.04778	4
7	--	0.154327	0.223883	6	1.20211	5
6	--	0.325378	0.279231	7	1.48134	6
7	--	0.476603	0.53391	6	1.95794	7
6	--	0.236818	0.371085	5	2.19476	8
5	--	0.558991	0.223526	6	2.41829	9
6	--	0.372603	0.107956	7	2.52625	10
7	--	0.245829	0.314113	6	2.77208	11
6	--	0.382797	0.118415	7	2.8905	12
7	--	0.558826	0.4191	8	3.3096	13
8	--	0.523088	0.340742	9	3.65034	14
9	--	0.554716	0.704232	8	4.20506	15
8	--	0.540945	0.202119	9	4.40718	16
9	--	1.276945	0.648027	10	5.05521	17

test #21
7	--	0.164128	0.250297	6	0.16413	1
6	--	0.41513	0.258584	7	0.42271	2
7	--	0.160746	0.354504	6	0.58346	3
6	--	0.254438	0.377532	5	0.8379	4
5	--	0.158917	0.384243	4	0.99682	5
4	--	0.284493	0.139855	5	1.13668	6
5	--	0.221667	0.491659	4	1.35835	7
4	--	0.279061	0.114588	5	1.47294	8
5	--	0.204219	0.528334	4	1.67716	9
4	--	0.209214	0.667355	3	1.88637	10
3	--	0.714116	0.462725	4	2.34909	11
4	--	0.574242	0.583742	3	2.92333	12
3	--	0.723714	0.755739	2	3.64704	13
2	--	0.237805	0.955111	1	3.88484	14
1	--	0.322081	1.606548	0	4.20692	15

test #22
7	--	0.634857	0.508727	8	0.50873	1
8	--	0.173408	0.572884	7	0.68214	2
7	--	0.11727	0.690626	6	0.79941	3
6	--	0.510353	0.462501	7	1.26191	4
7	--	0.220905	0.276593	6	1.48281	5
6	--	0.141182	0.31105	5	1.62399	6
5	--	0.134472	0.257203	4	1.75846	7
4	--	0.128809	0.332614	3	1.88727	8
3	--	0.606774	0.274029	4	2.1613	9
4	--	0.169085	0.564821	3	2.33038	10
3	--	0.743414	0.557666	4	2.88805	11
4	--	0.202757	0.37913	3	3.09081	12
3	--	0.263663	0.614058	2	3.35447	13
2	--	0.340887	0.415112	1	3.69536	14
1	--	1.031491	0.427386	2	4.12275	15
2	--	0.416846	0.310197	3	4.43295	16
3	--	0.136159	0.436965	2	4.56911	17
2	--	0.558646	0.684368	1	5.12776	18
1	--	0.894295	0.948637	0	6.02206	19

test #23
7	--	0.493418	0.177413	8	0.17741	1
8	--	0.2777	0.699923	7	0.45511	2
7	--	0.551972	0.707476	6	1.00708	3
6	--	0.107469	0.120407	5	1.11455	4
5	--	0.350002	0.494325	4	1.46455	5
4	--	0.62538	0.45592	5	1.92047	6
5	--	0.177013	0.313188	4	2.09748	7
4	--	0.328224	0.142251	5	2.23973	8
5	--	0.380564	0.300529	6	2.54026	9
6	--	0.502327	0.267532	7	2.80779	10
7	--	0.170477	0.313329	6	2.97827	11
6	--	0.172527	0.355937	5	3.1508	12
5	--	0.237065	0.119555	6	3.27036	13
6	--	0.604021	0.566327	7	3.83669	14
7	--	0.166268	0.507114	6	4.00296	15
6	--	0.227848	0.25145	5	4.23081	16
5	--	0.460402	0.121816	6	4.35263	17
6	--	0.298822	0.139407	7	4.49204	18
7	--	0.332857	0.543237	6	4.8249	19
6	--	0.502697	0.27686	7	5.10176	20
7	--	0.425227	0.443337	6	5.52699	21
6	--	0.198274	0.177504	7	5.70449	22
7	--	0.197883	0.134108	8	5.8386	23
8	--	0.469979	0.816658	7	6.30858	24
7	--	0.194257	0.343639	6	6.50284	25
6	--	0.214096	0.659622	5	6.71694	26
5	--	0.094184	0.386599	4	6.81112	27
4	--	0.117953	0.412172	3	6.92907	28
3	--	0.436727	0.293624	4	7.22269	29
4	--	0.295005	0.379328	3	7.51769	30
3	--	0.120742	0.268469	2	7.63843	31
2	--	0.363746	0.238726	3	7.87716	32
3	--	0.63163	0.64537	2	8.50879	33
2	--	0.24275	0.473156	1	8.75154	34
1	--	1.38038	0.868879	2	9.62042	35
2	--	0.769037	0.730679	3	10.3511	36
3	--	0.226184	0.713645	2	10.57728	37
2	--	0.556914	0.440516	3	11.0178	38
3	--	0.23921	0.13587	4	11.15367	39
4	--	0.506958	0.408186	5	11.56186	40
5	--	0.509226	0.452559	6	12.01442	41
6	--	0.47063	0.148251	7	12.16267	42
7	--	0.422884	0.131921	8	12.29459	43
8	--	0.463718	0.646316	7	12.75831	44
7	--	0.276764	0.10995	8	12.86826	45
8	--	0.834683	0.264375	9	13.13264	46
9	--	0.386766	1.573566	8	13.51941	47
8	--	0.465562	0.572717	7	13.98497	48
7	--	0.304702	0.332246	6	14.28967	49
6	--	0.120321	0.371713	5	14.40999	50
5	--	0.309805	0.094322	6	14.50431	51
6	--	0.366251	0.386742	5	14.87056	52
5	--	0.624764	0.405675	6	15.27624	53
6	--	0.282429	0.269281	7	15.54552	54
7	--	0.270373	0.1897	8	15.73522	55
8	--	0.898007	0.964201	7	16.63323	56
7	--	0.209523	0.738901	6	16.84275	57
6	--	0.411141	0.197659	7	17.04041	58
7	--	0.184018	0.17749	8	17.2179	59
8	--	0.38946	0.269617	9	17.48752	60
9	--	1.274121	1.443757	8	18.76164	61
8	--	0.897901	0.818632	9	19.58027	62
9	--	0.731809	0.379946	10	19.96022	63

test #24
7	--	0.639883	0.322659	8	0.32266	1
8	--	0.14495	0.90785	7	0.46761	2
7	--	0.243573	0.145504	8	0.61311	3
8	--	0.213543	0.323022	7	0.82665	4
7	--	0.380477	0.133409	8	0.96006	5
8	--	0.199229	0.564636	7	1.15929	6
7	--	0.206706	0.276497	6	1.366	7
6	--	0.502025	0.453081	7	1.81908	8
7	--	0.357598	0.207885	8	2.02696	9
8	--	0.970661	0.225428	9	2.25239	10
9	--	1.273705	1.093298	10	3.34569	11

test #25
7	--	0.538255	0.247985	8	0.24798	1
8	--	0.564048	0.748849	7	0.81203	2
7	--	0.460473	0.556637	6	1.2725	3
6	--	0.249525	0.4925	5	1.52202	4
5	--	0.148423	0.200137	4	1.67044	5
4	--	0.180519	0.222555	3	1.85096	6
3	--	0.264173	0.364642	2	2.11513	7
2	--	0.177644	0.952546	1	2.29277	8
1	--	1.513158	0.948074	2	3.24084	9
2	--	0.359461	0.13962	3	3.38046	10
3	--	0.471266	0.180941	4	3.5614	11
4	--	0.498776	0.160199	5	3.7216	12
5	--	0.625333	0.624917	6	4.34652	13
6	--	0.374788	0.452671	5	4.72131	14
5	--	0.121882	0.220262	4	4.84319	15
4	--	0.144931	0.345776	3	4.98812	16
3	--	0.473678	0.367184	4	5.3553	17
4	--	0.11509	0.324624	3	5.47039	18
3	--	0.430601	0.356431	4	5.82682	19
4	--	0.267946	0.437883	3	6.09477	20
3	--	0.448828	0.406237	4	6.50101	21
4	--	0.157067	0.49592	3	6.65808	22
3	--	0.579216	0.224678	4	6.88276	23
4	--	0.154884	0.437109	3	7.03764	24
3	--	0.256081	0.308071	2	7.29372	25
2	--	0.423402	0.520225	1	7.71712	26
1	--	1.196998	0.261241	2	7.97836	27
2	--	0.338212	0.998518	1	8.31657	28
1	--	0.94205	0.884366	2	9.20094	29
2	--	0.44666	0.735959	1	9.6476	30
1	--	1.351524	0.324003	2	9.9716	31
2	--	0.678818	0.161327	3	10.13293	32
3	--	0.450161	0.481987	2	10.58309	33
2	--	0.69969	0.788767	1	11.28278	34
1	--	0.436817	1.331267	0	11.7196	35

test #26
7	--	0.397479	0.411136	6	0.39748	1
6	--	0.134657	0.165758	5	0.53214	2
5	--	0.272571	0.62133	4	0.80471	3
4	--	0.658074	0.224857	5	1.02957	4
5	--	0.288007	0.545926	4	1.31758	5
4	--	0.230352	0.498379	3	1.54793	6
3	--	0.321301	0.129822	4	1.67775	7
4	--	0.251416	0.241048	5	1.9188	8
5	--	0.621523	0.319875	6	2.23868	9
6	--	0.181773	0.238356	5	2.42045	10
5	--	0.199064	0.402162	4	2.61951	11
4	--	0.197144	0.1603	5	2.77981	12
5	--	0.090924	0.41127	4	2.87073	13
4	--	0.622833	0.39121	5	3.26194	14
5	--	0.333031	0.115956	6	3.3779	15
6	--	0.15048	0.539631	5	3.52838	16
5	--	0.122775	0.388123	4	3.65116	17
4	--	0.274417	0.111402	5	3.76256	18
5	--	0.536073	0.552243	4	4.29863	19
4	--	0.50442	0.388896	5	4.68753	20
5	--	0.567395	0.519159	6	5.20669	21
6	--	0.342556	0.556593	5	5.54925	22
5	--	0.53652	0.302831	6	5.85208	23
6	--	0.230865	0.389294	5	6.08294	24
5	--	0.237491	0.163664	6	6.2466	25
6	--	0.41669	0.503177	5	6.66329	26
5	--	0.352574	0.274012	6	6.9373	27
6	--	0.662664	0.34331	7	7.28061	28
7	--	0.276277	0.166116	8	7.44673	29
8	--	0.448483	0.421258	9	7.86799	30
9	--	0.603069	0.568188	10	8.43618	31

test #27
7	--	0.361686	0.205217	8	0.20522	1
8	--	0.165366	0.789583	7	0.37059	2
7	--	0.278493	0.722357	6	0.64908	3
6	--	0.45155	0.474071	5	1.10063	4
5	--	0.371254	0.51834	4	1.47188	5
4	--	0.399727	0.462238	3	1.87161	6
3	--	0.12108	0.748098	2	1.99269	7
2	--	0.265661	0.66077	1	2.25835	8
1	--	0.508608	0.788459	0	2.76696	9

test #28
7	--	0.136105	0.138825	6	0.1361	1
6	--	0.377949	0.553602	5	0.51405	2
5	--	0.129479	0.442037	4	0.64353	3
4	--	0.486634	0.431918	5	1.07545	4
5	--	0.517508	0.491456	6	1.56691	5
6	--	0.650088	0.357251	7	1.92416	6
7	--	0.41276	0.308294	8	2.23245	7
8	--	0.758434	0.726804	9	2.95925	8
9	--	0.570302	1.492033	8	3.52955	9
8	--	0.503979	0.336711	9	3.86626	10
9	--	0.332746	0.339251	8	4.19901	11
8	--	0.557836	0.242768	9	4.44178	12
9	--	1.370833	1.372346	8	5.81261	13
8	--	0.20858	0.726291	7	6.02119	14
7	--	0.570441	0.510927	8	6.53212	15
8	--	0.960216	0.678595	9	7.21072	16
9	--	0.573505	0.481111	10	7.69183	17

test #29
7	--	0.198324	0.618669	6	0.19832	1
6	--	0.590021	0.199364	7	0.39768	2
7	--	0.116583	0.114061	8	0.51174	3
8	--	0.15427	0.481178	7	0.66601	4
7	--	0.11467	0.542706	6	0.78068	5
6	--	0.244664	0.283092	5	1.02534	6
5	--	0.191387	0.176602	6	1.20194	7
6	--	0.584947	0.359442	7	1.56138	8
7	--	0.216491	0.119093	8	1.68047	9
8	--	0.344042	0.193125	9	1.87359	10
9	--	0.668715	1.179065	8	2.54231	11
8	--	0.205636	0.496571	7	2.74795	12
7	--	0.133677	0.691588	6	2.88163	13
6	--	0.162905	0.418342	5	3.04453	14
5	--	0.145236	0.283999	4	3.18977	15
4	--	0.304868	0.105661	5	3.29543	16
5	--	0.486078	0.267275	6	3.56271	17
6	--	0.226991	0.209021	7	3.77173	18
7	--	0.138675	0.147203	6	3.91041	19
6	--	0.404167	0.126771	7	4.03718	20
7	--	0.460386	0.37461	8	4.41179	21
8	--	0.423778	0.457661	7	4.83557	22
7	--	0.211527	0.115088	8	4.95066	23
8	--	0.289842	0.201209	9	5.15187	24
9	--	0.651677	0.390967	10	5.54284	25

test #30
7	--	0.701115	0.445006	8	0.44501	1
8	--	0.546377	0.158481	9	0.60349	2
9	--	0.298623	1.183716	8	0.90211	3
8	--	0.913624	0.643218	9	1.54533	4
9	--	1.259627	0.609307	10	2.15464	5

test #31
7	--	0.424324	0.192264	8	0.19226	1
8	--	0.997914	0.535199	9	0.72746	2
9	--	1.462124	1.605796	8	2.18958	3
8	--	0.392904	0.625399	7	2.58248	4
7	--	0.379341	0.197218	8	2.7797	5
8	--	0.148019	0.231434	7	2.92772	6
7	--	0.413579	0.515063	6	3.3413	7
6	--	0.225958	0.297599	5	3.56726	8
5	--	0.2874	0.172575	6	3.73984	9
6	--	0.349642	0.377408	5	4.08948	10
5	--	0.443892	0.149094	6	4.23857	11
6	--	0.205594	0.509616	5	4.44416	12
5	--	0.205215	0.475569	4	4.64938	13
4	--	0.157728	0.224165	3	4.80711	14
3	--	0.230112	0.186491	4	4.9936	15
4	--	0.200531	0.514051	3	5.19413	16
3	--	0.510009	0.202343	4	5.39647	17
4	--	0.314061	0.383223	3	5.71053	18
3	--	0.355238	0.298124	4	6.00865	19
4	--	0.420968	0.271017	5	6.27967	20
5	--	0.091528	0.256461	4	6.3712	21
4	--	0.47021	0.241756	5	6.61296	22
5	--	0.176528	0.296282	4	6.78949	23
4	--	0.233271	0.505587	3	7.02276	24
3	--	0.671049	0.295906	4	7.31867	25
4	--	0.145412	0.129184	5	7.44785	26
5	--	0.095558	0.594724	4	7.54341	27
4	--	0.649793	0.362532	5	7.90594	28
5	--	0.240297	0.238705	6	8.14464	29
6	--	0.453309	0.121863	7	8.2665	30
7	--	0.325565	0.579213	6	8.59206	31
6	--	0.136245	0.452534	5	8.7283	32
5	--	0.29527	0.359126	4	9.02357	33
4	--	0.160816	0.515164	3	9.18439	34
3	--	0.484193	0.314428	4	9.49882	35
4	--	0.400651	0.32684	5	9.82566	36
5	--	0.114774	0.336183	4	9.94043	37
4	--	0.097957	0.25371	3	10.03839	38
3	--	0.250452	0.311101	2	10.28884	39
2	--	0.527348	0.837541	1	10.81619	40
1	--	1.78667	1.215167	2	12.03136	41
2	--	0.298865	0.88707	1	12.33022	42
1	--	0.279104	0.520881	0	12.60932	43

test #32
7	--	0.530249	0.322218	8	0.32222	1
8	--	0.355535	0.356296	7	0.67776	2
7	--	0.20345	0.266848	6	0.88121	3
6	--	0.255804	0.117264	7	0.99847	4
7	--	0.481081	0.475442	8	1.47391	5
8	--	0.94968	0.183502	9	1.65741	6
9	--	0.569256	1.473918	8	2.22667	7
8	--	0.539895	0.375947	9	2.60262	8
9	--	1.203413	1.20482	8	3.80603	9
8	--	0.461319	0.413926	9	4.21996	10
9	--	1.738513	0.991709	10	5.21167	11

test #33
7	--	0.209401	0.466688	6	0.2094	1
6	--	0.232736	0.404319	5	0.44214	2
5	--	0.100955	0.425003	4	0.5431	3
4	--	0.36426	0.282848	5	0.82595	4
5	--	0.398962	0.160618	6	0.98657	5
6	--	0.489116	0.138846	7	1.12542	6
7	--	0.437255	0.513125	6	1.56268	7
6	--	0.284413	0.4381	5	1.84709	8
5	--	0.312086	0.5046	4	2.15918	9
4	--	0.346744	0.182553	5	2.34173	10
5	--	0.271319	0.104918	6	2.44665	11
6	--	0.180669	0.40396	5	2.62732	12
5	--	0.602093	0.215247	6	2.84257	13
6	--	0.137474	0.237295	5	2.98004	14
5	--	0.11205	0.335125	4	3.09209	15
4	--	0.268252	0.536809	3	3.36034	16
3	--	0.375598	0.437205	2	3.73594	17
2	--	0.254305	0.18277	3	3.91871	18
3	--	0.491685	0.48955	4	4.40826	19
4	--	0.580465	0.595172	3	4.98872	20
3	--	0.389412	0.22228	4	5.211	21
4	--	0.244101	0.517433	3	5.4551	22
3	--	0.281972	0.27204	4	5.72714	23
4	--	0.133939	0.323361	3	5.86108	24
3	--	0.328508	0.241402	4	6.10248	25
4	--	0.134132	0.147168	3	6.23661	26
3	--	0.321018	0.529435	2	6.55763	27
2	--	0.616511	0.828936	1	7.17414	28
1	--	0.305764	0.456525	0	7.4799	29

test #34
7	--	0.1667	0.680796	6	0.1667	1
6	--	0.3903	0.530026	5	0.557	2
5	--	0.219675	0.472572	4	0.77668	3
4	--	0.257376	0.270914	3	1.03406	4
3	--	0.181202	0.561485	2	1.21526	5
2	--	0.888862	0.817704	3	2.03296	6
3	--	0.206113	0.368931	2	2.23907	7
2	--	0.573675	0.53982	3	2.77889	8
3	--	0.510336	0.24632	4	3.02521	9
4	--	0.178769	0.130447	5	3.15566	10
5	--	0.315565	0.373938	4	3.47122	11
4	--	0.371882	0.521965	3	3.8431	12
3	--	0.131307	0.359078	2	3.97441	13
2	--	0.417709	0.813239	1	4.39212	14
1	--	0.261067	0.879525	0	4.65319	15

test #35
7	--	0.560909	0.352673	8	0.35267	1
8	--	0.209019	0.217055	7	0.56169	2
7	--	0.211319	0.314631	6	0.77301	3
6	--	0.442195	0.137429	7	0.91044	4
7	--	0.130853	0.46209	6	1.04129	5
6	--	0.213903	0.099674	7	1.14096	6
7	--	0.152054	0.424221	6	1.29301	7
6	--	0.242483	0.12602	7	1.41903	8
7	--	0.137389	0.706396	6	1.55642	9
6	--	0.117917	0.204354	5	1.67434	10
5	--	0.295983	0.14064	6	1.81498	11
6	--	0.477006	0.132325	7	1.9473	12
7	--	0.255834	0.39425	6	2.20313	13
6	--	0.358929	0.399002	5	2.56206	14
5	--	0.214698	0.553712	4	2.77676	15
4	--	0.180041	0.248498	3	2.9568	16
3	--	0.167884	0.726164	2	3.12468	17
2	--	0.66423	0.142283	3	3.26696	18
3	--	0.364818	0.672951	2	3.63178	19
2	--	0.142766	0.17898	1	3.77455	20
1	--	0.673328	1.561844	0	4.44788	21

test #36
7	--	0.234587	0.747973	6	0.23459	1
6	--	0.272956	0.404541	5	0.50755	2
5	--	0.092689	0.368868	4	0.60024	3
4	--	0.293835	0.296627	3	0.89408	4
3	--	0.358219	0.2719	4	1.16598	5
4	--	0.311903	0.146532	5	1.31251	6
5	--	0.252519	0.331198	4	1.56503	7
4	--	0.41127	0.363622	5	1.92865	8
5	--	0.170537	0.39067	4	2.09919	9
4	--	0.151569	0.229573	3	2.25076	10
3	--	0.144159	0.746289	2	2.39492	11
2	--	0.263956	0.214335	3	2.60926	12
3	--	0.301226	0.717913	2	2.91049	13
2	--	0.217714	0.347094	1	3.1282	14
1	--	0.813584	0.468661	2	3.59686	15
2	--	0.818908	0.835651	1	4.41577	16
1	--	0.382135	1.246625	0	4.79791	17

test #37
7	--	0.274703	0.289325	6	0.2747	1
6	--	0.265115	0.110117	7	0.38482	2
7	--	0.188995	0.189752	6	0.57382	3
6	--	0.309749	0.565395	5	0.88357	4
5	--	0.311513	0.296033	6	1.1796	5
6	--	0.336347	0.274675	7	1.45428	6
7	--	0.666511	0.311215	8	1.7655	7
8	--	0.762365	0.606391	9	2.37189	8
9	--	0.391737	0.639207	8	2.76363	9
8	--	0.57556	0.186986	9	2.95062	10
9	--	0.92514	0.883918	10	3.83454	11

test #38
7	--	0.480571	0.516932	6	0.48057	1
6	--	0.105765	0.203623	5	0.58633	2
5	--	0.229066	0.525787	4	0.8154	3
4	--	0.15228	0.248371	3	0.96768	4
3	--	0.764797	0.696758	4	1.66444	5
4	--	0.483618	0.474068	5	2.13851	6
5	--	0.438333	0.547139	4	2.57684	7
4	--	0.320178	0.144192	5	2.72103	8
5	--	0.601936	0.37125	6	3.09228	9
6	--	0.135591	0.36568	5	3.22787	10
5	--	0.637212	0.144353	6	3.37222	11
6	--	0.6079	0.232538	7	3.60476	12
7	--	0.273112	0.747513	6	3.87787	13
6	--	0.667126	0.284503	7	4.16237	14
7	--	0.434746	0.198128	8	4.3605	15
8	--	0.464365	0.766882	7	4.82486	16
7	--	0.215545	0.166389	8	4.99125	17
8	--	0.458975	0.34839	9	5.33964	18
9	--	0.415839	0.790293	8	5.75548	19
8	--	0.4693	0.592925	7	6.22478	20
7	--	0.290432	0.581047	6	6.51521	21
6	--	0.321658	0.240223	7	6.75543	22
7	--	0.301804	0.312213	6	7.05723	23
6	--	0.147958	0.151478	5	7.20519	24
5	--	0.326783	0.410695	4	7.53197	25
4	--	0.451993	0.197282	5	7.72925	26
5	--	0.398319	0.372975	6	8.10223	27
6	--	0.265608	0.136541	7	8.23877	28
7	--	0.403248	0.349562	8	8.58833	29
8	--	0.20943	0.202603	9	8.79093	30
9	--	0.943909	0.447745	10	9.23867	31

test #39
7	--	0.191638	0.295974	6	0.19164	1
6	--	0.184676	0.516357	5	0.37632	2
5	--	0.285913	0.11839	6	0.49471	3
6	--	0.297514	0.342294	5	0.79222	4
5	--	0.171815	0.098806	6	0.89103	5
6	--	0.521281	0.255476	7	1.14651	6
7	--	0.113977	0.402173	6	1.26049	7
6	--	0.171168	0.167161	7	1.42765	8
7	--	0.388415	0.163664	8	1.59131	9
8	--	0.195299	0.844247	7	1.78661	10
7	--	0.166219	0.204171	6	1.95283	11
6	--	0.361404	0.600837	5	2.31423	12
5	--	0.40761	0.119473	6	2.4337	13
6	--	0.242412	0.225018	7	2.65872	14
7	--	0.545773	0.494762	8	3.15348	15
8	--	0.365518	0.342194	9	3.49567	16
9	--	0.462512	0.579113	8	3.95818	17
8	--	0.64828	0.593969	9	4.55215	18
9	--	0.275817	0.728173	8	4.82797	19
8	--	0.560898	0.607579	7	5.38887	20
7	--	0.670039	0.21747	8	5.60634	21
8	--	0.156765	0.374037	7	5.7631	22
7	--	0.106554	0.668124	6	5.86965	23
6	--	0.404223	0.332162	7	6.20181	24
7	--	0.71012	0.576297	8	6.77811	25
8	--	0.210571	0.383667	7	6.98868	26
7	--	0.185278	0.468421	6	7.17396	27
6	--	0.312771	0.2669	7	7.44086	28
7	--	0.29106	0.455303	6	7.73192	29
6	--	0.156682	0.425505	5	7.8886	30
5	--	0.199318	0.382532	4	8.08792	31
4	--	0.301085	0.636406	3	8.389	32
3	--	0.396024	0.153515	4	8.54252	33
4	--	0.093302	0.337783	3	8.63582	34
3	--	0.194211	0.151034	4	8.78685	35
4	--	0.370251	0.62116	3	9.1571	36
3	--	0.449238	0.305831	4	9.46293	37
4	--	0.283727	0.537636	3	9.74666	38
3	--	0.274938	0.21854	4	9.9652	39
4	--	0.201313	0.208257	3	10.16651	40
3	--	0.428135	0.431946	2	10.59465	41
2	--	0.347623	0.578811	1	10.94227	42
1	--	1.26078	0.830441	2	11.77271	43
2	--	0.520119	0.330722	3	12.10343	44
3	--	0.253728	0.465951	2	12.35716	45
2	--	0.198056	0.150365	3	12.50752	46
3	--	0.301298	0.331025	2	12.80882	47
2	--	0.42475	0.348899	3	13.15772	48
3	--	0.115428	0.470951	2	13.27315	49
2	--	0.413197	0.192695	3	13.46585	50
3	--	0.359077	0.623583	2	13.82493	51
2	--	0.861349	0.721359	3	14.54629	52
3	--	0.743988	0.534201	4	15.08049	53
4	--	0.202588	0.204226	3	15.28308	54
3	--	0.339218	0.157533	4	15.44061	55
4	--	0.355563	0.568597	3	15.79617	56
3	--	0.164407	0.199639	2	15.96058	57
2	--	0.353999	0.579426	1	16.31458	58
1	--	1.179253	1.243656	0	17.49383	59

test #40
7	--	0.189907	0.228156	6	0.18991	1
6	--	0.320815	0.173246	7	0.36316	2
7	--	0.406682	0.555035	6	0.76984	3
6	--	0.168071	0.110368	7	0.88021	4
7	--	0.485291	0.710644	6	1.3655	5
6	--	0.098627	0.189277	5	1.46413	6
5	--	0.15603	0.200854	4	1.62016	7
4	--	0.39296	0.106676	5	1.72684	8
5	--	0.600298	0.262349	6	1.98919	9
6	--	0.250713	0.414109	5	2.2399	10
5	--	0.135175	0.089281	6	2.32918	11
6	--	0.471857	0.254455	7	2.58364	12
7	--	0.217413	0.365792	6	2.80105	13
6	--	0.386132	0.326613	7	3.12766	14
7	--	0.222424	0.329098	6	3.35008	15
6	--	0.146506	0.357543	5	3.49659	16
5	--	0.202143	0.15686	6	3.65345	17
6	--	0.124249	0.171079	5	3.7777	18
5	--	0.396377	0.19271	6	3.97041	19
6	--	0.124502	0.368229	5	4.09491	20
5	--	0.342153	0.476988	4	4.43706	21
4	--	0.255825	0.24347	5	4.68053	22
5	--	0.310101	0.188452	6	4.86898	23
6	--	0.313509	0.505717	5	5.18249	24
5	--	0.191811	0.584569	4	5.3743	25
4	--	0.170613	0.540183	3	5.54491	26
3	--	0.108599	0.741215	2	5.65351	27
2	--	0.60521	0.627241	1	6.25872	28
1	--	1.572165	0.351326	2	6.61005	29
2	--	0.521645	0.36268	3	6.97273	30
3	--	0.130992	0.185903	2	7.10372	31
2	--	0.927087	0.253223	3	7.35694	32
3	--	0.703718	0.642824	4	7.99976	33
4	--	0.620854	0.104714	5	8.10447	34
5	--	0.399103	0.355066	6	8.45954	35
6	--	0.207778	0.47914	5	8.66732	36
5	--	0.227102	0.348581	4	8.89442	37
4	--	0.300931	0.237954	5	9.13237	38
5	--	0.427406	0.275086	6	9.40746	39
6	--	0.097828	0.568237	5	9.50529	40
5	--	0.325371	0.293006	6	9.7983	41
6	--	0.654693	0.330214	7	10.12851	42
7	--	0.117732	0.473619	6	10.24624	43
6	--	0.605675	0.262902	7	10.50914	44
7	--	0.462721	0.319257	8	10.8284	45
8	--	0.277201	0.361296	7	11.1056	46
7	--	0.540969	0.549395	6	11.64657	47
6	--	0.650021	0.107766	7	11.75434	48
7	--	0.258395	0.374568	6	12.01274	49
6	--	0.502831	0.597439	5	12.51557	50
5	--	0.193728	0.30711	4	12.7093	51
4	--	0.33109	0.382268	3	13.04039	52
3	--	0.605502	0.114594	4	13.15498	53
4	--	0.404848	0.485968	3	13.55983	54
3	--	0.228996	0.727338	2	13.78883	55
2	--	0.251199	0.261155	1	14.04003	56
1	--	0.880619	1.666383	0	14.92065	57

test #41
7	--	0.30053	0.515332	6	0.30053	1
6	--	0.230925	0.232107	5	0.53145	2
5	--	0.163717	0.264806	4	0.69517	3
4	--	0.407064	0.296133	5	0.9913	4
5	--	0.118141	0.284171	4	1.10944	5
4	--	0.635644	0.163645	5	1.27309	6
5	--	0.464158	0.639374	4	1.73725	7
4	--	0.198615	0.57703	3	1.93587	8
3	--	0.419628	0.257125	4	2.19299	9
4	--	0.305796	0.406882	3	2.49879	10
3	--	0.645188	0.167567	4	2.66636	11
4	--	0.415127	0.190668	5	2.85703	12
5	--	0.403537	0.555356	4	3.26057	13
4	--	0.419219	0.10758	5	3.36815	14
5	--	0.323235	0.399862	4	3.69139	15
4	--	0.141257	0.181965	3	3.83265	16
3	--	0.431624	0.1459	4	3.97855	17
4	--	0.098469	0.662113	3	4.07702	18
3	--	0.236395	0.236678	2	4.31342	19
2	--	0.493684	0.516243	1	4.8071	20
1	--	1.370383	0.769531	2	5.57663	21
2	--	0.474445	0.295427	3	5.87206	22
3	--	0.25622	0.387037	2	6.12828	23
2	--	0.579531	0.430064	3	6.55834	24
3	--	0.581162	0.275149	4	6.83349	25
4	--	0.236104	0.241508	3	7.06959	26
3	--	0.219305	0.142192	4	7.21178	27
4	--	0.181468	0.202755	3	7.39325	28
3	--	0.206879	0.514704	2	7.60013	29
2	--	0.742514	0.36256	3	7.96269	30
3	--	0.608793	0.221692	4	8.18438	31
4	--	0.369296	0.373609	3	8.55368	32
3	--	0.276633	0.125821	4	8.6795	33
4	--	0.106233	0.114601	3	8.78573	34
3	--	0.11302	0.319244	2	8.89875	35
2	--	0.464886	0.624632	1	9.36364	36
1	--	1.218213	1.449409	0	10.58185	37

test #42
7	--	0.179637	0.324297	6	0.17964	1
6	--	0.2255	0.336674	5	0.40514	2
5	--	0.291279	0.34354	4	0.69642	3
4	--	0.122357	0.094176	5	0.7906	4
5	--	0.350649	0.159341	6	0.94994	5
6	--	0.63841	0.173588	7	1.12353	6
7	--	0.171278	0.529698	6	1.29481	7
6	--	0.12312	0.397798	5	1.41793	8
5	--	0.221958	0.274954	4	1.63989	9
4	--	0.46316	0.164613	5	1.8045	10
5	--	0.228765	0.412268	4	2.03326	11
4	--	0.661184	0.27536	5	2.30862	12
5	--	0.60376	0.228473	6	2.53709	13
6	--	0.352171	0.155634	7	2.69272	14
7	--	0.392085	0.305223	8	2.99794	15
8	--	0.157718	0.215332	7	3.15566	16
7	--	0.263547	0.634917	6	3.41921	17
6	--	0.209996	0.463266	5	3.62921	18
5	--	0.337504	0.380088	4	3.96671	19
4	--	0.388025	0.110641	5	4.07735	20
5	--	0.35087	0.247059	6	4.32441	21
6	--	0.214701	0.585877	5	4.53911	22
5	--	0.257797	0.284577	4	4.79691	23
4	--	0.441101	0.189811	5	4.98672	24
5	--	0.362365	0.201182	6	5.1879	25
6	--	0.570672	0.447873	7	5.63577	26
7	--	0.521931	0.49099	8	6.12676	27
8	--	0.72589	0.244903	9	6.37166	28
9	--	0.507381	0.53602	8	6.87904	29
8	--	0.963651	0.249066	9	7.12811	30
9	--	1.507196	0.636835	10	7.76495	31

test #43
7	--	0.563353	0.488725	8	0.48872	1
8	--	0.147408	0.85212	7	0.63613	2
7	--	0.669229	0.150811	8	0.78694	3
8	--	0.802843	0.555582	9	1.34252	4
9	--	0.37626	0.735557	8	1.71878	5
8	--	0.166747	0.562683	7	1.88553	6
7	--	0.599274	0.519074	8	2.4046	7
8	--	0.352819	0.211085	9	2.61568	8
9	--	0.811985	0.522438	10	3.13812	9

test #44
7	--	0.43365	0.623414	6	0.43365	1
6	--	0.130787	0.282105	5	0.56444	2
5	--	0.286017	0.497079	4	0.85046	3
4	--	0.303779	0.120784	5	0.97124	4
5	--	0.166353	0.281459	4	1.13759	5
4	--	0.275654	0.587516	3	1.41324	6
3	--	0.694851	0.344478	4	1.75772	7
4	--	0.483522	0.477849	5	2.23557	8
5	--	0.540429	0.483054	6	2.71862	9
6	--	0.138773	0.31225	5	2.85739	10
5	--	0.151477	0.143993	6	3.00138	11
6	--	0.478725	0.144058	7	3.14544	12
7	--	0.293025	0.464388	6	3.43846	13
6	--	0.260804	0.258454	7	3.69691	14
7	--	0.725314	0.331039	8	4.02795	15
8	--	0.789068	0.400309	9	4.42826	16
9	--	0.27422	0.882548	8	4.70248	17
8	--	0.320295	0.455142	7	5.02278	18
7	--	0.152031	0.20907	6	5.17481	19
6	--	0.343724	0.151639	7	5.32645	20
7	--	0.437679	0.143797	8	5.47025	21
8	--	0.831623	0.31204	9	5.78229	22
9	--	1.00823	1.528705	8	6.79052	23
8	--	0.851182	0.173248	9	6.96377	24
9	--	0.727279	0.620828	10	7.5846	25

test #45
7	--	0.324313	0.554037	6	0.32431	1
6	--	0.208853	0.619318	5	0.53316	2
5	--	0.522563	0.24976	6	0.78292	3
6	--	0.369274	0.102803	7	0.88572	4
7	--	0.331628	0.377673	6	1.21735	5
6	--	0.556344	0.241384	7	1.45873	6
7	--	0.324436	0.381709	6	1.78317	7
6	--	0.183252	0.117126	7	1.9003	8
7	--	0.143173	0.259721	6	2.04347	9
6	--	0.380852	0.368263	7	2.41173	10
7	--	0.628157	0.472841	8	2.88457	11
8	--	0.265043	0.308111	7	3.14961	12
7	--	0.268645	0.151266	8	3.30088	13
8	--	0.453318	0.377139	9	3.67802	14
9	--	0.456368	0.77862	8	4.13439	15
8	--	0.459001	0.211573	9	4.34596	16
9	--	0.406226	1.313497	8	4.75219	17
8	--	0.295766	0.956874	7	5.04796	18
7	--	0.262627	0.128241	8	5.1762	19
8	--	0.301486	0.190484	9	5.36668	20
9	--	1.400738	0.954902	10	6.32158	21

test #46
7	--	0.354669	0.44208	6	0.35467	1
6	--	0.173879	0.122864	7	0.47753	2
7	--	0.154347	0.413873	6	0.63188	3
6	--	0.289458	0.345533	5	0.92134	4
5	--	0.582901	0.093556	6	1.0149	5
6	--	0.217821	0.540312	5	1.23272	6
5	--	0.59353	0.26991	6	1.50263	7
6	--	0.523643	0.519006	7	2.02164	8
7	--	0.593356	0.438046	8	2.45969	9
8	--	0.359534	0.154576	9	2.61427	10
9	--	1.78558	0.774071	10	3.38834	11

test #47
7	--	0.707977	0.372351	8	0.37235	1
8	--	0.843845	0.961713	7	1.21619	2
7	--	0.452004	0.227719	8	1.44391	3
8	--	0.19141	0.559167	7	1.63532	4
7	--	0.151746	0.648103	6	1.78707	5
6	--	0.11458	0.52676	5	1.90165	6
5	--	0.532849	0.210555	6	2.11221	7
6	--	0.25767	0.564848	5	2.36988	8
5	--	0.481665	0.251423	6	2.6213	9
6	--	0.108461	0.111483	5	2.72976	10
5	--	0.319956	0.121491	6	2.85125	11
6	--	0.368439	0.314636	7	3.16589	12
7	--	0.710545	0.180033	8	3.34592	13
8	--	0.636891	0.188218	9	3.53414	14
9	--	1.16799	1.313452	8	4.70213	15
8	--	0.353134	0.879499	7	5.05526	16
7	--	0.316524	0.222064	8	5.27732	17
8	--	0.594563	0.896824	7	5.87188	18
7	--	0.377773	0.145071	8	6.01695	19
8	--	0.226856	0.431168	7	6.24381	20
7	--	0.457899	0.620691	6	6.70171	21
6	--	0.452103	0.508173	5	7.15381	22
5	--	0.469232	0.235539	6	7.38935	23
6	--	0.234331	0.372746	5	7.62368	24
5	--	0.479384	0.1214	6	7.74508	25
6	--	0.144518	0.629648	5	7.8896	26
5	--	0.215351	0.12761	6	8.01721	27
6	--	0.139184	0.492805	5	8.15639	28
5	--	0.295578	0.546525	4	8.45197	29
4	--	0.179678	0.109327	5	8.5613	30
5	--	0.59275	0.143053	6	8.70435	31
6	--	0.571979	0.143007	7	8.84736	32
7	--	0.198609	0.652191	6	9.04597	33
6	--	0.418466	0.390949	7	9.43692	34
7	--	0.2206	0.264141	6	9.65752	35
6	--	0.233586	0.3187	5	9.89111	36
5	--	0.379211	0.251927	6	10.14304	37
6	--	0.277708	0.11927	7	10.26231	38
7	--	0.598424	0.219895	8	10.48221	39
8	--	0.296455	0.365069	7	10.77867	40
7	--	0.274691	0.204037	8	10.98271	41
8	--	0.150332	0.835433	7	11.13304	42
7	--	0.321388	0.145479	8	11.27852	43
8	--	0.724917	0.205192	9	11.48371	44
9	--	0.557083	1.762024	8	12.04079	45
8	--	0.607134	0.830604	7	12.64792	46
7	--	0.476131	0.234828	8	12.88275	47
8	--	0.848192	0.156548	9	13.0393	48
9	--	0.302637	0.767046	8	13.34194	49
8	--	0.299255	0.932825	7	13.6412	50
7	--	0.584939	0.294899	8	13.9361	51
8	--	0.271216	0.281551	7	14.20732	52
7	--	0.295273	0.137772	8	14.34509	53
8	--	0.419415	0.960237	7	14.76451	54
7	--	0.237857	0.645584	6	15.00237	55
6	--	0.360794	0.321288	7	15.32366	56
7	--	0.532048	0.140438	8	15.4641	57
8	--	0.213499	0.376987	7	15.6776	58
7	--	0.410256	0.242204	8	15.9198	59
8	--	0.330552	0.210471	9	16.13027	60
9	--	0.337738	0.25159	10	16.38186	61

test #48
7	--	0.184553	0.117744	8	0.11774	1
8	--	0.63705	0.169959	9	0.2877	2
9	--	0.32711	1.057387	8	0.61481	3
8	--	0.58996	0.963495	7	1.20477	4
7	--	0.326725	0.296434	8	1.5012	5
8	--	0.241739	0.19407	9	1.69527	6
9	--	0.685298	0.567473	10	2.26274	7

test #49
7	--	0.597927	0.546548	8	0.54655	1
8	--	0.20013	0.29029	7	0.74668	2
7	--	0.132058	0.210223	6	0.87874	3
6	--	0.122014	0.269944	5	1.00075	4
5	--	0.31205	0.258289	6	1.25904	5
6	--	0.189798	0.128775	7	1.38782	6
7	--	0.189232	0.183639	8	1.57146	7
8	--	0.781507	0.547346	9	2.11881	8
9	--	1.583177	0.268341	10	2.38715	9

test #50
7	--	0.410998	0.275905	8	0.2759	1
8	--	0.431439	0.933459	7	0.70734	2
7	--	0.194347	0.200997	6	0.90169	3
6	--	0.107642	0.381142	5	1.00933	4
5	--	0.546415	0.148912	6	1.15824	5
6	--	0.366345	0.463636	5	1.52458	6
5	--	0.227175	0.47164	4	1.75176	7
4	--	0.124368	0.193388	3	1.87613	8
3	--	0.450081	0.263774	4	2.1399	9
4	--	0.558473	0.21459	5	2.35449	10
5	--	0.258902	0.319467	4	2.61339	11
4	--	0.293792	0.213246	5	2.82664	12
5	--	0.194299	0.293675	4	3.02094	13
4	--	0.552067	0.146086	5	3.16703	14
5	--	0.235508	0.223923	6	3.39095	15
6	--	0.514661	0.441202	7	3.83215	16
7	--	0.152785	0.697693	6	3.98493	17
6	--	0.131233	0.118401	7	4.10333	18
7	--	0.445562	0.262356	8	4.36569	19
8	--	0.458245	0.184756	9	4.55045	20
9	--	0.463378	0.931385	8	5.01383	21
8	--	0.207431	0.223979	7	5.22126	22
7	--	0.177875	0.259336	6	5.39914	23
6	--	0.150408	0.182413	5	5.54955	24
5	--	0.216386	0.126585	6	5.67613	25
6	--	0.249425	0.39341	5	5.92555	26
5	--	0.097103	0.215343	4	6.02265	27
4	--	0.373028	0.166993	5	6.18964	28
5	--	0.099111	0.260452	4	6.28875	29
4	--	0.428866	0.19577	5	6.48452	30
5	--	0.254795	0.401616	4	6.73932	31
4	--	0.278566	0.17507	5	6.91439	32
5	--	0.386896	0.266074	6	7.18046	33
6	--	0.539384	0.576608	5	7.71984	34
5	--	0.22387	0.13256	6	7.8524	35
6	--	0.188517	0.314055	5	8.04092	36
5	--	0.490473	0.114818	6	8.15574	37
6	--	0.300702	0.252599	7	8.40834	38
7	--	0.762895	0.55431	8	8.96265	39
8	--	0.140522	0.357706	7	9.10317	40
7	--	0.417412	0.140985	8	9.24415	41
8	--	0.228635	0.685741	7	9.47279	42
7	--	0.248202	0.337596	6	9.72099	43
6	--	0.28663	0.260837	7	9.98183	44
7	--	0.341531	0.34637	6	10.32336	45
6	--	0.212109	0.656108	5	10.53547	46
5	--	0.417474	0.482062	4	10.95294	47
4	--	0.352461	0.158433	5	11.11137	48
5	--	0.551804	0.46566	6	11.57703	49
6	--	0.140913	0.179596	5	11.71794	50
5	--	0.176519	0.370329	4	11.89446	51
4	--	0.104574	0.33155	3	11.99903	52
3	--	0.107456	0.238043	2	12.10649	53
2	--	0.194741	0.750934	1	12.30123	54
1	--	1.773091	1.159175	2	13.46041	55
2	--	0.586738	0.38666	3	13.84707	56
3	--	0.258074	0.186937	4	14.03401	57
4	--	0.233613	0.45583	3	14.26762	58
3	--	0.161997	0.457261	2	14.42962	59
2	--	0.384418	0.247272	3	14.67689	60
3	--	0.249056	0.234674	4	14.91156	61
4	--	0.643372	0.230547	5	15.14211	62
5	--	0.156185	0.362146	4	15.29829	63
4	--	0.485783	0.399531	5	15.69782	64
5	--	0.139437	0.125513	6	15.82333	65
6	--	0.621897	0.119474	7	15.9428	66
7	--	0.377729	0.144209	8	16.08701	67
8	--	0.809401	0.549779	9	16.63679	68
9	--	0.260174	1.230341	8	16.89696	69
8	--	0.168817	0.428879	7	17.06578	70
7	--	0.15703	0.703002	6	17.22281	71
6	--	0.499525	0.376737	7	17.59955	72
7	--	0.189336	0.121429	8	17.72098	73
8	--	0.622165	0.46148	9	18.18246	74
9	--	1.353782	0.564309	10	18.74677	75

test #51
7	--	0.161066	0.118894	8	0.11889	1
8	--	0.151661	0.771133	7	0.27055	2
7	--	0.140023	0.245452	6	0.41057	3
6	--	0.409527	0.286351	7	0.69692	4
7	--	0.245269	0.163512	8	0.86043	5
8	--	0.714315	0.617779	9	1.47821	6
9	--	1.166064	0.267086	10	1.7453	7

test #52
7	--	0.157447	0.165592	6	0.15745	1
6	--	0.382783	0.619397	5	0.54023	2
5	--	0.518275	0.28567	6	0.8259	3
6	--	0.604705	0.09382	7	0.91972	4
7	--	0.584987	0.296183	8	1.2159	5
8	--	0.432949	0.919844	7	1.64885	6
7	--	0.17752	0.346159	6	1.82637	7
6	--	0.212826	0.597209	5	2.0392	8
5	--	0.446079	0.105728	6	2.14493	9
6	--	0.26669	0.164631	7	2.30956	10
7	--	0.256749	0.337286	6	2.56631	11
6	--	0.617307	0.162829	7	2.72914	12
7	--	0.577672	0.223751	8	2.95289	13
8	--	0.443655	0.202113	9	3.155	14
9	--	0.721373	0.555188	10	3.71019	15

test #53
7	--	0.308045	0.446917	6	0.30804	1
6	--	0.285176	0.26833	7	0.57637	2
7	--	0.605542	0.224957	8	0.80133	3
8	--	0.945791	0.178997	9	0.98033	4
9	--	0.719211	1.674327	8	1.69954	5
8	--	0.502343	0.955928	7	2.20188	6
7	--	0.509034	0.265833	8	2.46771	7
8	--	0.720229	0.17213	9	2.63984	8
9	--	0.585406	1.205883	8	3.22525	9
8	--	0.621208	0.146885	9	3.37213	10
9	--	0.602508	1.408451	8	3.97464	11
8	--	0.722425	0.150898	9	4.12554	12
9	--	0.885769	1.589309	8	5.01131	13
8	--	0.2124	0.857468	7	5.22371	14
7	--	0.486164	0.174978	8	5.39869	15
8	--	0.281318	0.263627	9	5.66232	16
9	--	0.527959	1.330565	8	6.19028	17
8	--	0.795674	0.336714	9	6.52699	18
9	--	0.40002	1.500647	8	6.92701	19
8	--	0.183555	0.161077	9	7.08809	20
9	--	1.350229	1.1173	10	8.20539	21

test #54
7	--	0.1573	0.446491	6	0.1573	1
6	--	0.377699	0.167274	7	0.32457	2
7	--	0.272041	0.540791	6	0.59661	3
6	--	0.126239	0.369247	5	0.72285	4
5	--	0.50885	0.146715	6	0.86957	5
6	--	0.452452	0.468675	5	1.32202	6
5	--	0.249413	0.102064	6	1.42408	7
6	--	0.172156	0.516023	5	1.59624	8
5	--	0.510761	0.217683	6	1.81392	9
6	--	0.615811	0.12731	7	1.94123	10
7	--	0.109241	0.587668	6	2.05047	11
6	--	0.584573	0.222652	7	2.27312	12
7	--	0.463235	0.233171	8	2.50629	13
8	--	0.938924	0.526298	9	3.03259	14
9	--	0.3258	1.398212	8	3.35839	15
8	--	0.691875	0.402718	9	3.76111	16
9	--	0.734669	1.006954	8	4.49578	17
8	--	0.258812	0.140536	9	4.63632	18
9	--	1.117629	1.625572	8	5.75395	19
8	--	0.560274	0.309223	9	6.06317	20
9	--	0.466928	0.306158	10	6.36933	21

test #55
7	--	0.682152	0.210838	8	0.21084	1
8	--	0.151948	0.893277	7	0.36279	2
7	--	0.223788	0.107474	8	0.47026	3
8	--	0.831337	0.453277	9	0.92354	4
9	--	0.255359	0.596736	8	1.1789	5
8	--	0.542445	0.391846	9	1.57075	6
9	--	0.257043	0.447762	8	1.82779	7
8	--	0.623729	0.259153	9	2.08694	8
9	--	0.887511	0.540922	10	2.62786	9

test #56
7	--	0.1063	0.366859	6	0.1063	1
6	--	0.298198	0.143409	7	0.24971	2
7	--	0.123521	0.303282	6	0.37323	3
6	--	0.282766	0.132955	7	0.50618	4
7	--	0.232551	0.208607	8	0.71479	5
8	--	0.32331	0.165885	9	0.88067	6
9	--	0.88072	1.46541	8	1.76139	7
8	--	0.660681	0.770326	7	2.42207	8
7	--	0.182389	0.160441	8	2.58251	9
8	--	0.688419	0.329159	9	2.91167	10
9	--	1.206819	1.24269	8	4.11849	11
8	--	0.882724	0.366781	9	4.48527	12
9	--	0.855922	1.665875	8	5.34119	13
8	--	0.630196	0.899352	7	5.97139	14
7	--	0.134324	0.685758	6	6.10571	15
6	--	0.423002	0.464668	5	6.52871	16
5	--	0.516226	0.268116	6	6.79683	17
6	--	0.560948	0.196078	7	6.99291	18
7	--	0.574593	0.119359	8	7.11227	19
8	--	0.188917	0.298997	7	7.30119	20
7	--	0.37489	0.461072	6	7.67608	21
6	--	0.109111	0.306753	5	7.78519	22
5	--	0.129446	0.207743	4	7.91464	23
4	--	0.278053	0.387176	3	8.19269	24
3	--	0.536685	0.710969	2	8.72937	25
2	--	0.163425	0.192435	1	8.89279	26
1	--	0.912525	1.139467	0	9.80531	27

test #57
7	--	0.662387	0.461725	8	0.46172	1
8	--	0.563797	0.387004	9	0.84872	2
9	--	1.7498	0.849138	10	1.69786	3

test #58
7	--	0.412418	0.199778	8	0.19978	1
8	--	0.967207	0.227779	9	0.42756	2
9	--	0.64634	0.501916	10	0.92948	3

test #59
7	--	0.302559	0.331085	6	0.30256	1
6	--	0.576765	0.397732	7	0.70029	2
7	--	0.49283	0.187941	8	0.88823	3
8	--	0.304352	0.156565	9	1.0448	4
9	--	0.399189	0.696781	8	1.44399	5
8	--	0.280083	0.63317	7	1.72407	6
7	--	0.241165	0.667311	6	1.96523	7
6	--	0.155252	0.130195	7	2.09543	8
7	--	0.497654	0.385741	8	2.48117	9
8	--	0.587722	0.43177	9	2.91294	10
9	--	0.327934	0.857053	8	3.24087	11
8	--	0.685497	0.573855	9	3.81473	12
9	--	0.874467	1.425505	8	4.6892	13
8	--	0.190406	0.321957	7	4.87961	14
7	--	0.705993	0.403705	8	5.28331	15
8	--	0.284025	0.944554	7	5.56734	16
7	--	0.418333	0.279853	8	5.84719	17
8	--	0.653616	0.25163	9	6.09882	18
9	--	0.573627	0.443882	10	6.5427	19

test #60
7	--	0.451245	0.44689	8	0.44689	1
8	--	0.409237	0.179334	9	0.62622	2
9	--	1.308085	1.395155	8	1.9343	3
8	--	0.491907	0.25745	9	2.19175	4
9	--	0.399826	0.384651	10	2.5764	5

test #61
7	--	0.134185	0.294414	6	0.13418	1
6	--	0.386989	0.312136	7	0.44632	2
7	--	0.276313	0.161057	8	0.60738	3
8	--	0.296967	0.326214	7	0.90435	4
7	--	0.144666	0.525944	6	1.04902	5
6	--	0.440125	0.134007	7	1.18303	6
7	--	0.142433	0.201428	6	1.32546	7
6	--	0.238968	0.537264	5	1.56443	8
5	--	0.242434	0.182571	6	1.747	9
6	--	0.593864	0.49267	7	2.23967	10
7	--	0.4985	0.467019	8	2.70669	11
8	--	0.326851	0.299291	9	3.00598	12
9	--	1.451415	0.392432	10	3.39841	13

test #62
7	--	0.427246	0.620974	6	0.42725	1
6	--	0.151964	0.651826	5	0.57921	2
5	--	0.089429	0.139844	4	0.66864	3
4	--	0.115329	0.212577	3	0.78397	4
3	--	0.652214	0.740977	2	1.43618	5
2	--	0.17612	0.628844	1	1.6123	6
1	--	1.464605	1.099859	2	2.71216	7
2	--	0.963554	0.432325	3	3.14448	8
3	--	0.133749	0.304667	2	3.27823	9
2	--	0.557033	0.839185	1	3.83526	10
1	--	0.52039	1.724924	0	4.35565	11

test #63
7	--	0.69964	0.233364	8	0.23336	1
8	--	0.546342	0.38997	9	0.62333	2
9	--	0.546606	1.1209	8	1.16994	3
8	--	0.208823	0.507367	7	1.37876	4
7	--	0.165531	0.540006	6	1.54429	5
6	--	0.230139	0.214588	7	1.75888	6
7	--	0.483641	0.152233	8	1.91111	7
8	--	0.749247	0.182271	9	2.09338	8
9	--	1.49342	0.532853	10	2.62623	9

test #64
7	--	0.280876	0.690376	6	0.28088	1
6	--	0.318377	0.376266	5	0.59926	2
5	--	0.098414	0.257754	4	0.69767	3
4	--	0.241523	0.3437	3	0.93919	4
3	--	0.157494	0.633294	2	1.09668	5
2	--	0.586555	0.157754	3	1.25443	6
3	--	0.508667	0.213939	4	1.46837	7
4	--	0.366096	0.36517	5	1.83354	8
5	--	0.61355	0.399253	6	2.23279	9
6	--	0.151646	0.544364	5	2.38444	10
5	--	0.402823	0.457808	4	2.78726	11
4	--	0.451153	0.139176	5	2.92644	12
5	--	0.400364	0.42714	4	3.3268	13
4	--	0.198345	0.170205	5	3.497	14
5	--	0.512695	0.577603	4	4.0097	15
4	--	0.214809	0.213692	5	4.22339	16
5	--	0.497262	0.643143	4	4.72065	17
4	--	0.568172	0.353228	5	5.07388	18
5	--	0.188535	0.230074	4	5.26242	19
4	--	0.566224	0.121101	5	5.38352	20
5	--	0.338462	0.270742	6	5.65426	21
6	--	0.152295	0.571903	5	5.80656	22
5	--	0.250742	0.33026	4	6.0573	23
4	--	0.462599	0.133918	5	6.19122	24
5	--	0.360508	0.29502	6	6.48624	25
6	--	0.099606	0.219593	5	6.58585	26
5	--	0.296974	0.314501	4	6.88282	27
4	--	0.525953	0.495643	5	7.37846	28
5	--	0.493765	0.167678	6	7.54614	29
6	--	0.452302	0.194823	7	7.74096	30
7	--	0.230087	0.190344	8	7.9313	31
8	--	0.151228	0.525461	7	8.08253	32
7	--	0.123122	0.158973	6	8.20565	33
6	--	0.12364	0.186963	5	8.32929	34
5	--	0.580204	0.242345	6	8.57163	35
6	--	0.141793	0.114141	7	8.68577	36
7	--	0.134379	0.37336	6	8.82015	37
6	--	0.163397	0.427292	5	8.98355	38
5	--	0.548495	0.179705	6	9.16325	39
6	--	0.436494	0.296667	7	9.45992	40
7	--	0.109446	0.234081	6	9.56937	41
6	--	0.559206	0.109161	7	9.67853	42
7	--	0.467171	0.197495	8	9.87603	43
8	--	0.294875	0.432119	7	10.17091	44
7	--	0.196274	0.544767	6	10.36718	45
6	--	0.167057	0.143379	7	10.51056	46
7	--	0.217276	0.292701	6	10.72784	47
6	--	0.113988	0.421777	5	10.84183	48
5	--	0.122825	0.211385	4	10.96465	49
4	--	0.163949	0.178594	3	11.1286	50
3	--	0.179794	0.223673	2	11.30839	51
2	--	0.534034	0.222568	3	11.53096	52
3	--	0.407615	0.249059	4	11.78002	53
4	--	0.542751	0.150946	5	11.93097	54
5	--	0.134732	0.276847	4	12.0657	55
4	--	0.267518	0.426804	3	12.33322	56
3	--	0.12131	0.433023	2	12.45453	57
2	--	0.615807	0.387428	3	12.84196	58
3	--	0.346543	0.119438	4	12.9614	59
4	--	0.397512	0.221218	5	13.18262	60
5	--	0.435838	0.204118	6	13.38674	61
6	--	0.372114	0.550549	5	13.75885	62
5	--	0.170916	0.351736	4	13.92977	63
4	--	0.094575	0.331845	3	14.02435	64
3	--	0.408344	0.247464	4	14.27181	65
4	--	0.345568	0.1178	5	14.38961	66
5	--	0.13638	0.224221	4	14.52599	67
4	--	0.220573	0.317908	3	14.74656	68
3	--	0.245961	0.665622	2	14.99252	69
2	--	0.307615	0.500739	1	15.30014	70
1	--	0.646976	0.575743	2	15.87588	71
2	--	0.187313	0.654748	1	16.06319	72
1	--	0.74221	0.7759	0	16.8054	73

test #65
7	--	0.173481	0.247978	6	0.17348	1
6	--	0.330434	0.355298	5	0.50391	2
5	--	0.08962	0.281171	4	0.59353	3
4	--	0.184511	0.267987	3	0.77804	4
3	--	0.601948	0.247473	4	1.02551	5
4	--	0.129621	0.141855	3	1.15513	6
3	--	0.566274	0.616429	2	1.7214	7
2	--	0.993395	0.914852	3	2.63625	8
3	--	0.151437	0.402801	2	2.78769	9
2	--	0.405872	0.33287	3	3.12056	10
3	--	0.582917	0.600098	2	3.70348	11
2	--	0.977213	0.809525	3	4.513	12
3	--	0.508368	0.389004	4	4.902	13
4	--	0.334131	0.358051	3	5.23613	14
3	--	0.306744	0.317695	2	5.54287	15
2	--	0.458836	0.312211	3	5.85508	16
3	--	0.301971	0.567925	2	6.15705	17
2	--	0.874698	0.368677	3	6.52573	18
3	--	0.244881	0.645934	2	6.77061	19
2	--	0.588802	0.495105	3	7.26571	20
3	--	0.31693	0.404678	2	7.58264	21
2	--	0.966479	0.673183	3	8.25582	22
3	--	0.16163	0.334774	2	8.41745	23
2	--	0.343979	0.301756	3	8.71921	24
3	--	0.461894	0.370568	4	9.08978	25
4	--	0.11864	0.514184	3	9.20842	26
3	--	0.120038	0.205944	2	9.32846	27
2	--	0.488177	0.636227	1	9.81664	28
1	--	0.250864	0.571106	0	10.0675	29

test #66
7	--	0.359809	0.584613	6	0.35981	1
6	--	0.093633	0.554102	5	0.45344	2
5	--	0.582063	0.286664	6	0.7401	3
6	--	0.288091	0.338287	5	1.02819	4
5	--	0.245334	0.530357	4	1.27352	5
4	--	0.37837	0.249104	5	1.52262	6
5	--	0.390869	0.36145	6	1.88407	7
6	--	0.156368	0.357017	5	2.04044	8
5	--	0.240852	0.35055	4	2.28129	9
4	--	0.32474	0.136635	5	2.41793	10
5	--	0.361766	0.267291	6	2.68522	11
6	--	0.211812	0.574357	5	2.89703	12
5	--	0.262439	0.413883	4	3.15947	13
4	--	0.57248	0.094992	5	3.25446	14
5	--	0.295189	0.400445	4	3.54965	15
4	--	0.131211	0.202891	3	3.68086	16
3	--	0.55099	0.272907	4	3.95377	17
4	--	0.157536	0.503966	3	4.11131	18
3	--	0.33725	0.707816	2	4.44856	19
2	--	0.282438	0.303721	1	4.731	20
1	--	1.120921	0.269589	2	5.00059	21
2	--	0.28838	0.384756	1	5.28897	22
1	--	0.304635	0.76771	0	5.59361	23

test #67
7	--	0.462725	0.379095	8	0.3791	1
8	--	0.41775	0.321271	9	0.70037	2
9	--	0.288965	0.731601	8	0.98934	3
8	--	0.434072	0.354044	9	1.34338	4
9	--	0.270977	0.579988	8	1.61436	5
8	--	0.147941	0.503499	7	1.7623	6
7	--	0.39754	0.232993	8	1.99529	7
8	--	0.512989	0.26047	9	2.25576	8
9	--	1.412124	0.639587	10	2.89535	9

test #68
7	--	0.267599	0.281741	6	0.2676	1
6	--	0.478697	0.334976	7	0.60258	2
7	--	0.131499	0.238234	6	0.73408	3
6	--	0.36786	0.134231	7	0.86831	4
7	--	0.317485	0.339898	6	1.18579	5
6	--	0.144592	0.108596	7	1.29439	6
7	--	0.17833	0.147371	8	1.44176	7
8	--	0.199053	0.332623	7	1.64081	8
7	--	0.289151	0.385186	6	1.92996	9
6	--	0.093282	0.42934	5	2.02324	10
5	--	0.473161	0.407652	6	2.43089	11
6	--	0.158083	0.198739	5	2.58897	12
5	--	0.298959	0.30488	4	2.88793	13
4	--	0.408049	0.159205	5	3.04714	14
5	--	0.197433	0.57748	4	3.24457	15
4	--	0.167363	0.149911	5	3.39448	16
5	--	0.563108	0.62424	4	3.95759	17
4	--	0.416074	0.311155	5	4.26875	18
5	--	0.092695	0.11883	4	4.36145	19
4	--	0.161083	0.119948	5	4.4814	20
5	--	0.149504	0.3987	4	4.6309	21
4	--	0.115437	0.510199	3	4.74634	22
3	--	0.728427	0.623436	4	5.36978	23
4	--	0.633514	0.29411	5	5.66389	24
5	--	0.511713	0.151369	6	5.81526	25
6	--	0.460132	0.137914	7	5.95317	26
7	--	0.726605	0.458012	8	6.41118	27
8	--	0.22149	0.197849	9	6.60903	28
9	--	1.712174	0.981502	10	7.59053	29

test #69
7	--	0.468808	0.728618	6	0.46881	1
6	--	0.545785	0.34911	7	0.81792	2
7	--	0.365927	0.338182	8	1.1561	3
8	--	0.420759	0.286512	9	1.44261	4
9	--	1.285476	1.734467	8	2.72809	5
8	--	0.332457	0.343049	7	3.06055	6
7	--	0.704464	0.190323	8	3.25087	7
8	--	0.162332	0.697853	7	3.4132	8
7	--	0.378877	0.586173	6	3.79208	9
6	--	0.630057	0.639303	5	4.42214	10
5	--	0.293886	0.17515	6	4.59729	11
6	--	0.360324	0.351723	7	4.94901	12
7	--	0.631972	0.640928	6	5.58098	13
6	--	0.203879	0.111505	7	5.69248	14
7	--	0.581225	0.129595	8	5.82207	15
8	--	0.534766	0.571497	7	6.35684	16
7	--	0.172459	0.347236	6	6.5293	17
6	--	0.445835	0.220849	7	6.75015	18
7	--	0.312191	0.570201	6	7.06234	19
6	--	0.469636	0.519056	5	7.53198	20
5	--	0.224796	0.115188	6	7.64717	21
6	--	0.098045	0.194602	5	7.74521	22
5	--	0.290373	0.207361	6	7.95257	23
6	--	0.221665	0.231586	5	8.17423	24
5	--	0.189317	0.211951	4	8.36355	25
4	--	0.210258	0.415763	3	8.57381	26
3	--	0.495176	0.673465	2	9.06899	27
2	--	0.15716	0.580718	1	9.22615	28
1	--	0.269479	0.420644	0	9.49563	29

test #70
7	--	0.16274	0.186155	6	0.16274	1
6	--	0.333597	0.09415	7	0.25689	2
7	--	0.414321	0.336348	8	0.59324	3
8	--	0.717417	0.188803	9	0.78204	4
9	--	0.509238	0.350082	10	1.13212	5

test #71
7	--	0.15962	0.114538	8	0.11454	1
8	--	0.387244	0.285431	9	0.39997	2
9	--	0.255349	1.21773	8	0.65532	3
8	--	0.180314	0.725823	7	0.83563	4
7	--	0.294378	0.19301	8	1.02864	5
8	--	0.290459	0.919694	7	1.3191	6
7	--	0.289123	0.214036	8	1.53314	7
8	--	0.498874	0.541328	7	2.03201	8
7	--	0.49571	0.442083	8	2.47409	9
8	--	0.375231	0.488632	7	2.84932	10
7	--	0.306286	0.605326	6	3.15561	11
6	--	0.142682	0.335971	5	3.29829	12
5	--	0.374383	0.609409	4	3.67267	13
4	--	0.599864	0.368561	5	4.04123	14
5	--	0.307483	0.241798	6	4.28303	15
6	--	0.150419	0.418394	5	4.43345	16
5	--	0.144043	0.584107	4	4.57749	17
4	--	0.400009	0.555924	3	4.9775	18
3	--	0.179611	0.11955	4	5.09705	19
4	--	0.262241	0.295905	3	5.35929	20
3	--	0.47092	0.155569	4	5.51486	21
4	--	0.192189	0.332309	3	5.70705	22
3	--	0.542331	0.447128	4	6.15418	23
4	--	0.472284	0.394815	5	6.549	24
5	--	0.161246	0.521258	4	6.71025	25
4	--	0.319354	0.326526	3	7.0296	26
3	--	0.317406	0.21751	4	7.24711	27
4	--	0.206289	0.474298	3	7.4534	28
3	--	0.594149	0.144012	4	7.59741	29
4	--	0.314553	0.527514	3	7.91196	30
3	--	0.695329	0.284933	4	8.19689	31
4	--	0.661089	0.220922	5	8.41781	32
5	--	0.398772	0.509863	4	8.81658	33
4	--	0.197799	0.195695	5	9.01228	34
5	--	0.624111	0.102601	6	9.11488	35
6	--	0.520254	0.382199	7	9.49708	36
7	--	0.15463	0.168006	6	9.65171	37
6	--	0.135894	0.428232	5	9.7876	38
5	--	0.455268	0.481228	4	10.24287	39
4	--	0.355058	0.093027	5	10.3359	40
5	--	0.482392	0.336522	6	10.67242	41
6	--	0.228556	0.246389	5	10.90098	42
5	--	0.579831	0.555746	6	11.45673	43
6	--	0.189902	0.347003	5	11.64663	44
5	--	0.552613	0.40417	6	12.0508	45
6	--	0.460818	0.508979	5	12.51162	46
5	--	0.27293	0.365696	4	12.78455	47
4	--	0.460213	0.416283	5	13.20083	48
5	--	0.096818	0.124752	4	13.29765	49
4	--	0.264365	0.221973	5	13.51962	50
5	--	0.107999	0.168936	4	13.62762	51
4	--	0.106219	0.199018	3	13.73384	52
3	--	0.202795	0.373869	2	13.93664	53
2	--	1.004205	0.386105	3	14.32274	54
3	--	0.268323	0.507461	2	14.59106	55
2	--	0.391032	0.444366	1	14.98209	56
1	--	0.906211	1.20487	0	15.8883	57

test #72
7	--	0.248648	0.138764	8	0.13876	1
8	--	0.855718	0.96325	7	0.99448	2
7	--	0.128224	0.361664	6	1.1227	3
6	--	0.13512	0.259219	5	1.25782	4
5	--	0.570894	0.260737	6	1.51856	5
6	--	0.290994	0.109256	7	1.62782	6
7	--	0.234076	0.735746	6	1.8619	7
6	--	0.299805	0.552346	5	2.1617	8
5	--	0.31969	0.369653	4	2.48139	9
4	--	0.227869	0.313998	3	2.70926	10
3	--	0.209427	0.312942	2	2.91869	11
2	--	0.251886	0.418224	1	3.17058	12
1	--	0.250893	1.162719	0	3.42147	13

test #73
7	--	0.110672	0.218009	6	0.11067	1
6	--	0.327584	0.410314	5	0.43825	2
5	--	0.265416	0.640511	4	0.70367	3
4	--	0.181332	0.144708	5	0.84838	4
5	--	0.244847	0.145506	6	0.99389	5
6	--	0.50777	0.3333	7	1.32719	6
7	--	0.285452	0.214552	8	1.54174	7
8	--	0.635972	0.236103	9	1.77784	8
9	--	1.39804	0.38342	10	2.16126	9

test #74
7	--	0.322712	0.13292	8	0.13292	1
8	--	0.143429	0.375262	7	0.27635	2
7	--	0.420914	0.150541	8	0.42689	3
8	--	0.907224	0.222351	9	0.64924	4
9	--	0.93531	0.410401	10	1.05964	5

test #75
7	--	0.711678	0.658878	8	0.65888	1
8	--	0.779351	0.147152	9	0.80603	2
9	--	1.451318	0.290447	10	1.09648	3

test #76
7	--	0.348688	0.435111	6	0.34869	1
6	--	0.330925	0.327808	7	0.6765	2
7	--	0.280816	0.324626	6	0.95732	3
6	--	0.331312	0.328123	7	1.28544	4
7	--	0.114343	0.359361	6	1.39978	5
6	--	0.159983	0.11954	7	1.51932	6
7	--	0.164703	0.184702	6	1.68402	7
6	--	0.128153	0.253964	5	1.81217	8
5	--	0.142319	0.548469	4	1.95449	9
4	--	0.540565	0.26813	5	2.22262	10
5	--	0.104544	0.608121	4	2.32716	11
4	--	0.239418	0.259214	3	2.56658	12
3	--	0.418175	0.612348	2	2.98476	13
2	--	0.322207	0.176391	3	3.16115	14
3	--	0.1819	0.367217	2	3.34305	15
2	--	0.265051	0.386057	1	3.6081	16
1	--	0.717733	0.850763	0	4.32583	17

test #77
7	--	0.543939	0.711364	6	0.54394	1
6	--	0.339344	0.312945	7	0.85688	2
7	--	0.230412	0.322568	6	1.08729	3
6	--	0.567442	0.340049	7	1.42734	4
7	--	0.444759	0.230395	8	1.65774	5
8	--	0.369944	0.705013	7	2.02768	6
7	--	0.368895	0.210983	8	2.23866	7
8	--	0.748224	0.702394	9	2.94105	8
9	--	0.307922	1.224073	8	3.24897	9
8	--	0.165121	0.151121	9	3.40009	10
9	--	0.505079	0.952699	8	3.90517	11
8	--	0.685588	0.344775	9	4.24995	12
9	--	1.261729	1.63979	8	5.51168	13
8	--	0.607367	0.307292	9	5.81897	14
9	--	0.652208	0.293307	10	6.11228	15

test #78
7	--	0.110559	0.13874	6	0.11056	1
6	--	0.195377	0.489021	5	0.30594	2
5	--	0.346006	0.092531	6	0.39847	3
6	--	0.483218	0.633339	5	0.88169	4
5	--	0.365374	0.527592	4	1.24706	5
4	--	0.223847	0.242039	3	1.47091	6
3	--	0.468085	0.232818	4	1.70373	7
4	--	0.312992	0.158088	5	1.86182	8
5	--	0.602198	0.579903	6	2.44172	9
6	--	0.479462	0.107715	7	2.54944	10
7	--	0.189531	0.197908	6	2.73897	11
6	--	0.573872	0.504867	7	3.24384	12
7	--	0.344368	0.152619	8	3.39646	13
8	--	0.725544	0.456372	9	3.85283	14
9	--	0.733718	0.311985	10	4.16481	15

test #79
7	--	0.349859	0.522291	6	0.34986	1
6	--	0.288805	0.324235	5	0.63866	2
5	--	0.584553	0.10334	6	0.742	3
6	--	0.39029	0.101103	7	0.8431	4
7	--	0.473184	0.415429	8	1.25853	5
8	--	0.403469	0.595394	7	1.662	6
7	--	0.463368	0.543322	6	2.12537	7
6	--	0.482745	0.149395	7	2.27477	8
7	--	0.608301	0.570314	8	2.84508	9
8	--	0.872112	0.317822	9	3.1629	10
9	--	0.339342	1.64968	8	3.50224	11
8	--	0.610442	0.498384	9	4.00062	12
9	--	0.759771	1.413059	8	4.76039	13
8	--	0.545377	0.395109	9	5.1555	14
9	--	0.256272	0.293915	8	5.41177	15
8	--	0.502402	0.391743	9	5.80351	16
9	--	1.491277	0.872389	10	6.6759	17

test #80
7	--	0.215127	0.560916	6	0.21513	1
6	--	0.463401	0.267592	7	0.48272	2
7	--	0.652858	0.121541	8	0.60426	3
8	--	0.634193	0.171314	9	0.77557	4
9	--	0.304267	0.677852	8	1.07984	5
8	--	0.199406	0.166177	9	1.24602	6
9	--	1.34649	0.36064	10	1.60666	7

test #81
7	--	0.737377	0.494404	8	0.4944	1
8	--	0.241407	0.673474	7	0.73581	2
7	--	0.342827	0.524528	6	1.07864	3
6	--	0.134081	0.119809	7	1.19845	4
7	--	0.380873	0.145458	8	1.34391	5
8	--	0.161886	1.000978	7	1.5058	6
7	--	0.20066	0.672592	6	1.70646	7
6	--	0.160066	0.378847	5	1.86653	8
5	--	0.251721	0.311519	4	2.11825	9
4	--	0.110113	0.162501	3	2.22836	10
3	--	0.239959	0.218446	4	2.44681	11
4	--	0.116009	0.113732	5	2.56054	12
5	--	0.481296	0.226022	6	2.78656	13
6	--	0.0999	0.332285	5	2.88646	14
5	--	0.21095	0.322317	4	3.09741	15
4	--	0.095624	0.220906	3	3.19303	16
3	--	0.317578	0.157782	4	3.35081	17
4	--	0.182394	0.196594	3	3.5332	18
3	--	0.35574	0.317155	4	3.85036	19
4	--	0.233625	0.623281	3	4.08398	20
3	--	0.679368	0.136125	4	4.2201	21
4	--	0.459024	0.391003	5	4.6111	22
5	--	0.327327	0.479689	4	4.93843	23
4	--	0.438273	0.53098	3	5.3767	24
3	--	0.515043	0.130656	4	5.50736	25
4	--	0.214532	0.17783	5	5.68519	26
5	--	0.152016	0.465317	4	5.83721	27
4	--	0.249955	0.413219	3	6.08717	28
3	--	0.557223	0.18166	4	6.26883	29
4	--	0.515125	0.147795	5	6.41663	30
5	--	0.116518	0.50475	4	6.53315	31
4	--	0.28477	0.615429	3	6.81792	32
3	--	0.250028	0.200782	4	7.0187	33
4	--	0.142966	0.550199	3	7.16167	34
3	--	0.322768	0.293814	4	7.45548	35
4	--	0.321706	0.327413	3	7.77719	36
3	--	0.563524	0.599452	2	8.34071	37
2	--	0.166998	0.358225	1	8.50771	38
1	--	0.504689	0.794561	0	9.0124	39

test #82
7	--	0.250855	0.56656	6	0.25086	1
6	--	0.486082	0.376244	7	0.6271	2
7	--	0.29703	0.287494	8	0.91459	3
8	--	0.881406	0.236171	9	1.15076	4
9	--	0.414373	0.924282	8	1.56513	5
8	--	0.477843	0.407482	9	1.97261	6
9	--	0.72985	0.624751	10	2.59736	7

test #83
7	--	0.247861	0.11467	8	0.11467	1
8	--	0.491936	0.179126	9	0.2938	2
9	--	0.517294	0.416506	10	0.71031	3

test #84
7	--	0.202483	0.167442	8	0.16744	1
8	--	0.565345	0.144733	9	0.31217	2
9	--	1.00974	1.322608	8	1.32191	3
8	--	0.28984	0.950762	7	1.61175	4
7	--	0.138668	0.649571	6	1.75042	5
6	--	0.293679	0.36375	5	2.0441	6
5	--	0.20041	0.358068	4	2.24451	7
4	--	0.609358	0.235669	5	2.48018	8
5	--	0.444927	0.100711	6	2.58089	9
6	--	0.307981	0.096089	7	2.67698	10
7	--	0.731979	0.476274	8	3.15325	11
8	--	0.529191	0.604892	7	3.68244	12
7	--	0.457432	0.12806	8	3.8105	13
8	--	0.682839	0.760449	7	4.49334	14
7	--	0.147384	0.257708	6	4.64072	15
6	--	0.130426	0.634585	5	4.77115	16
5	--	0.636107	0.596213	6	5.36736	17
6	--	0.276078	0.214383	7	5.58174	18
7	--	0.74993	0.113631	8	5.69537	19
8	--	0.694238	0.540158	9	6.23553	20
9	--	0.634787	0.27819	10	6.51372	21

test #85
7	--	0.343112	0.438116	6	0.34311	1
6	--	0.11757	0.219352	5	0.46068	2
5	--	0.500286	0.58066	4	0.96097	3
4	--	0.135301	0.26158	3	1.09627	4
3	--	0.616221	0.258613	4	1.35488	5
4	--	0.30864	0.233423	5	1.5883	6
5	--	0.15857	0.251349	4	1.74687	7
4	--	0.551603	0.202464	5	1.94933	8
5	--	0.13206	0.266803	4	2.08139	9
4	--	0.500598	0.169513	5	2.2509	10
5	--	0.475075	0.334077	6	2.58498	11
6	--	0.615734	0.519496	7	3.10448	12
7	--	0.412188	0.541415	6	3.51667	13
6	--	0.319749	0.14501	7	3.66168	14
7	--	0.330751	0.553548	6	3.99243	15
6	--	0.172088	0.432634	5	4.16452	16
5	--	0.11293	0.166533	4	4.27745	17
4	--	0.099687	0.564337	3	4.37714	18
3	--	0.540801	0.107647	4	4.48479	19
4	--	0.152076	0.53351	3	4.63687	20
3	--	0.263093	0.270056	2	4.89996	21
2	--	0.545295	0.621399	1	5.44526	22
1	--	0.354352	0.365208	0	5.79961	23

test #86
7	--	0.167093	0.175765	6	0.16709	1
6	--	0.374866	0.289683	7	0.45677	2
7	--	0.189901	0.187828	8	0.6446	3
8	--	0.468719	0.320271	9	0.96487	4
9	--	1.272884	0.843724	10	1.80859	5

test #87
7	--	0.331857	0.215655	8	0.21566	1
8	--	0.853611	0.63109	9	0.84675	2
9	--	0.838568	0.646423	10	1.49317	3

test #88
7	--	0.144281	0.244455	6	0.14428	1
6	--	0.165146	0.276553	5	0.30943	2
5	--	0.410753	0.234104	6	0.54353	3
6	--	0.238873	0.190972	7	0.7345	4
7	--	0.350749	0.143058	8	0.87756	5
8	--	0.184106	0.714167	7	1.06167	6
7	--	0.16024	0.237796	6	1.22191	7
6	--	0.650799	0.451531	7	1.67344	8
7	--	0.618841	0.243703	8	1.91714	9
8	--	0.245173	0.628011	7	2.16231	10
7	--	0.351711	0.138195	8	2.30051	11
8	--	0.368589	0.691056	7	2.6691	12
7	--	0.2645	0.136687	8	2.80579	13
8	--	0.311557	0.448485	7	3.11735	14
7	--	0.167536	0.119933	8	3.23728	15
8	--	0.427854	0.586586	7	3.66513	16
7	--	0.619861	0.114829	8	3.77996	17
8	--	0.989783	0.554864	9	4.33482	18
9	--	1.070642	0.466454	10	4.80127	19

test #89
7	--	0.697458	0.416296	8	0.4163	1
8	--	0.765786	0.230399	9	0.6467	2
9	--	1.549546	0.811934	10	1.45863	3

test #90
7	--	0.421212	0.605261	6	0.42121	1
6	--	0.411661	0.487415	5	0.83287	2
5	--	0.178184	0.234707	4	1.01105	3
4	--	0.346817	0.162558	5	1.17361	4
5	--	0.177522	0.28645	4	1.35113	5
4	--	0.316923	0.598974	3	1.66805	6
3	--	0.259043	0.234542	4	1.90259	7
4	--	0.379958	0.598286	3	2.28255	8
3	--	0.2111	0.260528	2	2.49365	9
2	--	0.156163	0.248385	1	2.64981	10
1	--	0.40405	0.345184	2	2.99499	11
2	--	0.162169	0.321855	1	3.15716	12
1	--	1.061109	0.398275	2	3.55544	13
2	--	0.159881	0.547388	1	3.71532	14
1	--	0.426607	1.639419	0	4.14193	15

test #91
7	--	0.496171	0.11075	8	0.11075	1
8	--	0.231885	0.862475	7	0.34263	2
7	--	0.378158	0.227328	8	0.56996	3
8	--	0.322135	0.842923	7	0.8921	4
7	--	0.475348	0.246244	8	1.13834	5
8	--	0.150879	0.631679	7	1.28922	6
7	--	0.140608	0.262469	6	1.42983	7
6	--	0.107979	0.269542	5	1.53781	8
5	--	0.394042	0.38971	6	1.92752	9
6	--	0.215265	0.44011	5	2.14278	10
5	--	0.093626	0.381441	4	2.23641	11
4	--	0.173903	0.229641	3	2.41031	12
3	--	0.191971	0.686286	2	2.60228	13
2	--	0.470657	0.439574	3	3.04185	14
3	--	0.45009	0.47388	2	3.49194	15
2	--	0.797911	0.689761	3	4.1817	16
3	--	0.601502	0.334667	4	4.51637	17
4	--	0.380861	0.538653	3	4.89723	18
3	--	0.667257	0.229427	4	5.12666	19
4	--	0.669964	0.318246	5	5.44491	20
5	--	0.093147	0.438402	4	5.53806	21
4	--	0.126541	0.190178	3	5.6646	22
3	--	0.302314	0.165561	4	5.83016	23
4	--	0.135501	0.253285	3	5.96566	24
3	--	0.456749	0.589735	2	6.42241	25
2	--	0.563703	0.518971	3	6.94138	26
3	--	0.162468	0.152319	4	7.0937	27
4	--	0.50877	0.663698	3	7.60247	28
3	--	0.46194	0.213558	4	7.81603	29
4	--	0.215351	0.257776	3	8.03138	30
3	--	0.121304	0.275743	2	8.15268	31
2	--	0.274045	0.218043	3	8.37072	32
3	--	0.747469	0.515311	4	8.88603	33
4	--	0.098853	0.307667	3	8.98488	34
3	--	0.348717	0.405146	2	9.3336	35
2	--	0.559249	0.36368	3	9.69728	36
3	--	0.487967	0.138531	4	9.83581	37
4	--	0.188862	0.294431	3	10.02467	38
3	--	0.530051	0.462691	4	10.48736	39
4	--	0.138271	0.479914	3	10.62563	40
3	--	0.190654	0.161654	4	10.78728	41
4	--	0.429529	0.40109	5	11.18837	42
5	--	0.50422	0.60576	4	11.69259	43
4	--	0.257343	0.141816	5	11.83441	44
5	--	0.239277	0.609313	4	12.07369	45
4	--	0.597579	0.142772	5	12.21646	46
5	--	0.362569	0.238466	6	12.45493	47
6	--	0.329713	0.102272	7	12.5572	48
7	--	0.188734	0.328266	6	12.74593	49
6	--	0.095998	0.172192	5	12.84193	50
5	--	0.174699	0.168587	6	13.01052	51
6	--	0.295696	0.213681	7	13.2242	52
7	--	0.114803	0.117486	6	13.339	53
6	--	0.364975	0.276597	7	13.6156	54
7	--	0.443714	0.316981	8	13.93258	55
8	--	0.328989	0.464394	7	14.26157	56
7	--	0.279472	0.413425	6	14.54104	57
6	--	0.322356	0.414338	5	14.8634	58
5	--	0.39649	0.165824	6	15.02922	59
6	--	0.212988	0.206514	7	15.23573	60
7	--	0.493797	0.140563	8	15.37629	61
8	--	0.57219	0.416857	9	15.79315	62
9	--	1.587428	0.278331	10	16.07148	63

test #92
7	--	0.432383	0.602615	6	0.43238	1
6	--	0.1603	0.375804	5	0.59268	2
5	--	0.294785	0.185269	6	0.77795	3
6	--	0.431358	0.158625	7	0.93657	4
7	--	0.153806	0.74589	6	1.09038	5
6	--	0.402825	0.181754	7	1.27213	6
7	--	0.267761	0.355247	6	1.53989	7
6	--	0.387477	0.377455	7	1.91735	8
7	--	0.167137	0.215622	6	2.08449	9
6	--	0.613146	0.219233	7	2.30372	10
7	--	0.33756	0.245132	8	2.54885	11
8	--	0.494441	0.462143	9	3.01099	12
9	--	0.829327	0.281441	10	3.29243	13

test #93
7	--	0.17245	0.616662	6	0.17245	1
6	--	0.618988	0.224712	7	0.39716	2
7	--	0.162558	0.205617	6	0.55972	3
6	--	0.481526	0.165486	7	0.72521	4
7	--	0.159225	0.153327	8	0.87854	5
8	--	0.496896	0.140518	9	1.01906	6
9	--	1.144982	0.584374	10	1.60343	7

test #94
7	--	0.671602	0.170454	8	0.17045	1
8	--	0.808646	0.190995	9	0.36145	2
9	--	1.612442	0.678909	10	1.04036	3

test #95
7	--	0.394542	0.25805	8	0.25805	1
8	--	0.420377	0.157878	9	0.41593	2
9	--	0.307645	1.380552	8	0.72357	3
8	--	0.478296	0.342546	9	1.06612	4
9	--	0.905951	0.326599	10	1.39272	5

test #96
7	--	0.156679	0.218748	6	0.15668	1
6	--	0.144313	0.094585	7	0.25126	2
7	--	0.114256	0.490247	6	0.36552	3
6	--	0.096216	0.136612	5	0.46174	4
5	--	0.413793	0.475147	4	0.87553	5
4	--	0.264318	0.607057	3	1.13985	6
3	--	0.24218	0.558718	2	1.38203	7
2	--	0.334765	0.383231	1	1.71679	8
1	--	1.638792	0.824714	2	2.5415	9
2	--	0.288142	0.254679	3	2.79618	10
3	--	0.744182	0.554682	4	3.35086	11
4	--	0.321909	0.239258	5	3.59012	12
5	--	0.532517	0.445812	6	4.03593	13
6	--	0.527633	0.183128	7	4.21906	14
7	--	0.734907	0.187337	8	4.4064	15
8	--	0.27884	0.742392	7	4.68524	16
7	--	0.544411	0.601239	6	5.22965	17
6	--	0.398432	0.199302	7	5.42895	18
7	--	0.159059	0.311677	6	5.58801	19
6	--	0.311399	0.17437	7	5.76238	20
7	--	0.554846	0.253603	8	6.01598	21
8	--	0.280235	0.408292	7	6.29622	22
7	--	0.461167	0.363337	8	6.65956	23
8	--	0.712199	0.140875	9	6.80044	24
9	--	0.855117	1.016824	8	7.65556	25
8	--	0.438273	0.185625	9	7.84118	26
9	--	0.388236	1.084726	8	8.22942	27
8	--	0.294539	0.529532	7	8.52396	28
7	--	0.306735	0.45936	6	8.83069	29
6	--	0.22878	0.474393	5	9.05947	30
5	--	0.349361	0.230603	6	9.29007	31
6	--	0.476789	0.532617	5	9.76686	32
5	--	0.110324	0.385445	4	9.87718	33
4	--	0.18538	0.112653	5	9.98983	34
5	--	0.338499	0.125135	6	10.11497	35
6	--	0.209384	0.648932	5	10.32435	36
5	--	0.393156	0.310865	6	10.63521	37
6	--	0.39717	0.095302	7	10.73051	38
7	--	0.504262	0.601909	6	11.23477	39
6	--	0.318404	0.435725	5	11.55317	40
5	--	0.260491	0.390925	4	11.81366	41
4	--	0.249856	0.228943	5	12.0426	42
5	--	0.23738	0.411575	4	12.27998	43
4	--	0.233081	0.471873	3	12.51306	44
3	--	0.571351	0.145031	4	12.65809	45
4	--	0.587281	0.097682	5	12.75577	46
5	--	0.157778	0.150055	6	12.90583	47
6	--	0.254467	0.158399	7	13.06423	48
7	--	0.212974	0.12124	8	13.18547	49
8	--	0.267869	0.440986	7	13.45334	50
7	--	0.556459	0.269225	8	13.72256	51
8	--	0.275122	0.351643	7	13.99768	52
7	--	0.295298	0.59819	6	14.29298	53
6	--	0.30886	0.522049	5	14.60184	54
5	--	0.347644	0.186542	6	14.78838	55
6	--	0.242035	0.475995	5	15.03042	56
5	--	0.138663	0.567344	4	15.16908	57
4	--	0.528675	0.131717	5	15.3008	58
5	--	0.480866	0.380968	6	15.68177	59
6	--	0.649825	0.173472	7	15.85524	60
7	--	0.124788	0.143684	6	15.98003	61
6	--	0.588968	0.158063	7	16.13809	62
7	--	0.435501	0.35275	8	16.49084	63
8	--	0.189031	0.493579	7	16.67987	64
7	--	0.125892	0.23715	6	16.80576	65
6	--	0.399325	0.643556	5	17.20508	66
5	--	0.094058	0.291718	4	17.29914	67
4	--	0.52224	0.185854	5	17.48499	68
5	--	0.287341	0.323161	4	17.77233	69
4	--	0.243163	0.215918	5	17.98825	70
5	--	0.264671	0.21487	6	18.20312	71
6	--	0.56653	0.446442	7	18.64956	72
7	--	0.483218	0.30861	8	18.95817	73
8	--	0.500281	0.295951	9	19.25412	74
9	--	1.345145	0.344788	10	19.59891	75

test #97
7	--	0.207149	0.262821	6	0.20715	1
6	--	0.351466	0.301481	7	0.50863	2
7	--	0.208315	0.436827	6	0.71695	3
6	--	0.490411	0.092976	7	0.80993	4
7	--	0.432508	0.34997	8	1.1599	5
8	--	0.373199	0.425888	7	1.5331	6
7	--	0.753218	0.245251	8	1.77835	7
8	--	0.956407	0.309397	9	2.08775	8
9	--	0.563033	0.971547	8	2.65078	9
8	--	0.172615	0.418874	7	2.8234	10
7	--	0.468186	0.347142	8	3.17054	11
8	--	0.318718	0.235137	9	3.40568	12
9	--	1.146617	0.488685	10	3.89436	13

test #98
7	--	0.463905	0.153807	8	0.15381	1
8	--	0.282659	0.434373	7	0.43647	2
7	--	0.676942	0.689151	6	1.11341	3
6	--	0.23293	0.538532	5	1.34634	4
5	--	0.392781	0.344378	6	1.69072	5
6	--	0.478515	0.316767	7	2.00749	6
7	--	0.119256	0.201591	6	2.12675	7
6	--	0.380823	0.541169	5	2.50757	8
5	--	0.157595	0.234509	4	2.66517	9
4	--	0.596389	0.1509	5	2.81607	10
5	--	0.234523	0.621344	4	3.05059	11
4	--	0.434809	0.504382	3	3.4854	12
3	--	0.17498	0.170547	4	3.65595	13
4	--	0.398115	0.105458	5	3.76141	14
5	--	0.107127	0.574804	4	3.86854	15
4	--	0.372856	0.233397	5	4.10194	16
5	--	0.115215	0.197498	4	4.21716	17
4	--	0.548434	0.225953	5	4.44311	18
5	--	0.452169	0.118657	6	4.56177	19
6	--	0.337329	0.287953	7	4.84972	20
7	--	0.251212	0.334373	6	5.10093	21
6	--	0.400529	0.10684	7	5.20777	22
7	--	0.696292	0.119192	8	5.32696	23
8	--	0.794578	0.687204	9	6.01416	24
9	--	0.400444	1.710624	8	6.4146	25
8	--	0.366381	0.307792	9	6.72239	26
9	--	1.601757	1.265479	10	7.98787	27

test #99
7	--	0.361365	0.688008	6	0.36136	1
6	--	0.269733	0.623914	5	0.63109	2
5	--	0.340189	0.433508	4	0.97128	3
4	--	0.508305	0.661929	3	1.47958	4
3	--	0.342052	0.573055	2	1.82163	5
2	--	0.1632	0.387892	1	1.98483	6
1	--	0.867321	0.532836	2	2.51767	7
2	--	0.260166	0.698244	1	2.77784	8
1	--	0.393445	0.413987	0	3.17128	9
