start i C()	t_left		t_right 	New i	Total time generation

test #0
8	--	0.74842	0.422132	9	0.42213	1
9	--	1.559826	0.578233	10	1.00036	2

test #1
8	--	0.719129	0.198885	9	0.19888	1
9	--	1.541016	0.742595	10	0.94148	2

test #2
8	--	0.209953	0.145758	9	0.14576	1
9	--	0.300028	0.827229	8	0.44579	2
8	--	0.304174	0.367362	7	0.74996	3
7	--	0.42873	0.132745	8	0.8827	4
8	--	0.16443	0.192849	7	1.04713	5
7	--	0.113897	0.59894	6	1.16103	6
6	--	0.415909	0.100112	7	1.26114	7
7	--	0.330301	0.372222	6	1.59144	8
6	--	0.437562	0.540685	5	2.029	9
5	--	0.118014	0.238585	4	2.14701	10
4	--	0.214337	0.223441	3	2.36135	11
3	--	0.254244	0.678329	2	2.61559	12
2	--	0.361778	0.312842	3	2.92843	13
3	--	0.53345	0.246807	4	3.17524	14
4	--	0.263319	0.533562	3	3.43856	15
3	--	0.216289	0.536111	2	3.65485	16
2	--	0.437151	0.89426	1	4.092	17
1	--	0.719547	0.561465	2	4.65346	18
2	--	0.412977	0.645482	1	5.06644	19
1	--	0.494174	1.736843	0	5.56061	20

test #3
8	--	0.378002	0.141214	9	0.14121	1
9	--	0.780524	0.942388	8	0.92173	2
8	--	0.148835	0.621916	7	1.07057	3
7	--	0.278728	0.249569	8	1.32014	4
8	--	0.139619	0.55206	7	1.45976	5
7	--	0.157844	0.446479	6	1.6176	6
6	--	0.640082	0.423842	7	2.04144	7
7	--	0.553956	0.290157	8	2.3316	8
8	--	0.683013	0.186817	9	2.51842	9
9	--	1.276626	0.301699	10	2.82012	10

test #4
8	--	0.321772	0.218172	9	0.21817	1
9	--	0.829032	1.080263	8	1.0472	2
8	--	0.651396	0.957603	7	1.6986	3
7	--	0.24971	0.558285	6	1.94831	4
6	--	0.483678	0.473781	7	2.42209	5
7	--	0.626042	0.507429	8	2.92952	6
8	--	0.772951	0.146759	9	3.07628	7
9	--	0.412942	0.571654	8	3.48922	8
8	--	0.654083	0.573765	9	4.06298	9
9	--	0.414174	1.16428	8	4.47715	10
8	--	0.335978	0.350453	7	4.81313	11
7	--	0.223244	0.466787	6	5.03637	12
6	--	0.41236	0.380714	7	5.41708	13
7	--	0.131816	0.416926	6	5.5489	14
6	--	0.148503	0.25513	5	5.6974	15
5	--	0.504847	0.624023	4	6.20225	16
4	--	0.119143	0.574048	3	6.32139	17
3	--	0.518879	0.509417	4	6.83081	18
4	--	0.196985	0.564865	3	7.02779	19
3	--	0.750073	0.204683	4	7.23247	20
4	--	0.550765	0.148597	5	7.38107	21
5	--	0.533896	0.632613	4	7.91497	22
4	--	0.435847	0.670083	3	8.35082	23
3	--	0.180529	0.270362	2	8.53135	24
2	--	0.674472	0.24942	3	8.78077	25
3	--	0.428361	0.10899	4	8.88976	26
4	--	0.100769	0.154016	3	8.99053	27
3	--	0.475564	0.535437	2	9.46609	28
2	--	0.893321	0.730306	3	10.1964	29
3	--	0.369275	0.232424	4	10.42882	30
4	--	0.347125	0.191583	5	10.6204	31
5	--	0.242283	0.199329	6	10.81973	32
6	--	0.572715	0.531569	7	11.3513	33
7	--	0.267472	0.15798	8	11.50928	34
8	--	0.787796	0.42472	9	11.934	35
9	--	0.653127	1.241044	8	12.58713	36
8	--	0.329863	0.372439	7	12.91699	37
7	--	0.142204	0.152918	6	13.05919	38
6	--	0.122519	0.214584	5	13.18171	39
5	--	0.213622	0.343972	4	13.39533	40
4	--	0.159947	0.250788	3	13.55528	41
3	--	0.195851	0.146825	4	13.70211	42
4	--	0.348297	0.429094	3	14.05041	43
3	--	0.182343	0.68208	2	14.23275	44
2	--	0.784638	0.577629	3	14.81038	45
3	--	0.363678	0.279774	4	15.09015	46
4	--	0.171665	0.34268	3	15.26181	47
3	--	0.708218	0.123412	4	15.38522	48
4	--	0.195077	0.156727	5	15.54195	49
5	--	0.225296	0.234617	4	15.76725	50
4	--	0.508003	0.663866	3	16.27525	51
3	--	0.216709	0.254581	2	16.49196	52
2	--	0.683656	0.377265	3	16.86922	53
3	--	0.703606	0.569026	4	17.43825	54
4	--	0.24596	0.536179	3	17.68421	55
3	--	0.518703	0.569494	2	18.20291	56
2	--	0.326222	0.937649	1	18.52913	57
1	--	0.904332	0.546711	2	19.07584	58
2	--	0.188599	0.368361	1	19.26444	59
1	--	0.2722	0.971598	0	19.53664	60

test #5
8	--	0.527779	0.353148	9	0.35315	1
9	--	1.251737	0.602613	10	0.95576	2

test #6
8	--	0.284702	0.844908	7	0.2847	1
7	--	0.123907	0.449057	6	0.40861	2
6	--	0.254053	0.2446	7	0.65321	3
7	--	0.273927	0.696453	6	0.92714	4
6	--	0.267929	0.62923	5	1.19507	5
5	--	0.48703	0.222982	6	1.41805	6
6	--	0.416229	0.59715	5	1.83428	7
5	--	0.376331	0.395133	4	2.21061	8
4	--	0.170016	0.185307	3	2.38063	9
3	--	0.458502	0.601532	2	2.83913	10
2	--	0.881982	0.526742	3	3.36587	11
3	--	0.121734	0.419702	2	3.4876	12
2	--	0.202189	0.157172	3	3.64477	13
3	--	0.166714	0.163991	4	3.80876	14
4	--	0.396314	0.575198	3	4.20507	15
3	--	0.507053	0.45037	4	4.65544	16
4	--	0.177521	0.251302	3	4.83296	17
3	--	0.233668	0.264721	2	5.06663	18
2	--	0.789207	0.628815	3	5.69545	19
3	--	0.155328	0.475613	2	5.85078	20
2	--	0.431855	0.487919	1	6.28264	21
1	--	0.311865	0.841652	0	6.5945	22

test #7
8	--	0.556415	0.189684	9	0.18968	1
9	--	1.670939	0.650701	10	0.84038	2

test #8
8	--	0.533705	0.194778	9	0.19478	1
9	--	1.003267	0.396545	10	0.59132	2

test #9
8	--	0.143498	0.155064	7	0.1435	1
7	--	0.353676	0.509747	6	0.49718	2
6	--	0.602477	0.30593	7	0.80311	3
7	--	0.674295	0.450877	8	1.25399	4
8	--	0.275498	0.793864	7	1.52949	5
7	--	0.49694	0.192156	8	1.72165	6
8	--	0.161829	0.652992	7	1.88348	7
7	--	0.479855	0.438801	8	2.32228	8
8	--	0.823692	0.356711	9	2.67899	9
9	--	0.396836	0.327795	10	3.00679	10

test #10
8	--	0.749321	0.447147	9	0.44715	1
9	--	0.739976	0.435691	10	0.88284	2

test #11
8	--	0.258902	0.157728	9	0.15773	1
9	--	1.005697	1.435057	8	1.16343	2
8	--	0.55687	0.202806	9	1.36624	3
9	--	1.430721	1.701415	8	2.79696	4
8	--	0.611013	0.879863	7	3.40797	5
7	--	0.325615	0.329428	6	3.73359	6
6	--	0.205667	0.142343	7	3.87593	7
7	--	0.192632	0.731937	6	4.06856	8
6	--	0.412353	0.337264	7	4.40582	9
7	--	0.305115	0.405439	6	4.71094	10
6	--	0.110737	0.395628	5	4.82168	11
5	--	0.409364	0.584851	4	5.23104	12
4	--	0.649983	0.255095	5	5.48614	13
5	--	0.56127	0.527448	6	6.01359	14
6	--	0.48465	0.489434	5	6.49824	15
5	--	0.43731	0.427313	6	6.92555	16
6	--	0.292465	0.579607	5	7.21801	17
5	--	0.457683	0.371073	6	7.58908	18
6	--	0.437101	0.154621	7	7.7437	19
7	--	0.530026	0.475271	8	8.21897	20
8	--	0.696434	0.228878	9	8.44785	21
9	--	0.526342	0.565864	8	8.97419	22
8	--	0.354383	0.361302	7	9.32857	23
7	--	0.358865	0.461837	6	9.68743	24
6	--	0.187497	0.213818	5	9.87493	25
5	--	0.356096	0.392733	4	10.23103	26
4	--	0.487784	0.395382	5	10.62641	27
5	--	0.333149	0.214559	6	10.84097	28
6	--	0.245197	0.534247	5	11.08617	29
5	--	0.225435	0.441989	4	11.31161	30
4	--	0.393147	0.402949	3	11.70476	31
3	--	0.13916	0.206385	2	11.84392	32
2	--	0.615175	0.196239	3	12.04016	33
3	--	0.589121	0.150723	4	12.19088	34
4	--	0.122069	0.273919	3	12.31295	35
3	--	0.119868	0.256133	2	12.43282	36
2	--	0.323537	0.561228	1	12.75636	37
1	--	0.265283	0.310597	0	13.02164	38

test #12
8	--	0.389639	0.326813	9	0.32681	1
9	--	0.579333	1.13448	8	0.90614	2
8	--	0.63015	0.570964	9	1.4771	3
9	--	0.725073	0.720962	10	2.19806	4

test #13
8	--	0.144274	0.604376	7	0.14427	1
7	--	0.384299	0.596551	6	0.52857	2
6	--	0.352621	0.181765	7	0.71033	3
7	--	0.163596	0.544252	6	0.87393	4
6	--	0.393041	0.125029	7	0.99896	5
7	--	0.197686	0.637472	6	1.19665	6
6	--	0.335332	0.482173	5	1.53198	7
5	--	0.224707	0.567346	4	1.75669	8
4	--	0.429487	0.105007	5	1.8617	9
5	--	0.164825	0.213978	4	2.02652	10
4	--	0.173264	0.536609	3	2.19978	11
3	--	0.196082	0.215667	2	2.39586	12
2	--	0.633282	0.481474	3	2.87733	13
3	--	0.691789	0.395194	4	3.27252	14
4	--	0.431275	0.194656	5	3.46718	15
5	--	0.184381	0.218283	4	3.65156	16
4	--	0.347401	0.279913	5	3.93147	17
5	--	0.159257	0.229014	4	4.09073	18
4	--	0.628253	0.097441	5	4.18817	19
5	--	0.254945	0.308654	4	4.44311	20
4	--	0.25662	0.225247	5	4.66836	21
5	--	0.199538	0.089435	6	4.7578	22
6	--	0.159637	0.191553	5	4.91744	23
5	--	0.410741	0.613135	4	5.32818	24
4	--	0.309802	0.462054	3	5.63798	25
3	--	0.425547	0.74014	2	6.06353	26
2	--	0.220178	0.944372	1	6.28371	27
1	--	0.932713	0.646043	2	6.92975	28
2	--	0.650122	0.504348	3	7.4341	29
3	--	0.266104	0.254172	4	7.68827	30
4	--	0.138741	0.108114	5	7.79638	31
5	--	0.237997	0.10053	6	7.89691	32
6	--	0.189098	0.173948	7	8.07086	33
7	--	0.320726	0.330303	6	8.39159	34
6	--	0.577892	0.633069	5	8.96948	35
5	--	0.100258	0.255522	4	9.06974	36
4	--	0.150246	0.120219	5	9.18996	37
5	--	0.425216	0.102469	6	9.29243	38
6	--	0.173538	0.116183	7	9.40861	39
7	--	0.627932	0.472854	8	9.88146	40
8	--	0.512511	0.293613	9	10.17507	41
9	--	1.055392	0.687014	10	10.86208	42

test #14
8	--	0.59121	0.72372	7	0.59121	1
7	--	0.112304	0.618509	6	0.70351	2
6	--	0.265269	0.257568	7	0.96108	3
7	--	0.18728	0.218383	6	1.14836	4
6	--	0.402106	0.319944	7	1.4683	5
7	--	0.198092	0.662101	6	1.66639	6
6	--	0.30166	0.407126	5	1.96805	7
5	--	0.241074	0.532581	4	2.20912	8
4	--	0.161419	0.170217	3	2.37054	9
3	--	0.66934	0.633405	4	3.00394	10
4	--	0.249658	0.124322	5	3.12826	11
5	--	0.537231	0.456644	6	3.5849	12
6	--	0.220057	0.404085	5	3.80496	13
5	--	0.259824	0.518327	4	4.06478	14
4	--	0.468137	0.171572	5	4.23635	15
5	--	0.483583	0.481317	6	4.71767	16
6	--	0.296242	0.108357	7	4.82603	17
7	--	0.640257	0.244096	8	5.07013	18
8	--	0.523802	0.384955	9	5.45509	19
9	--	0.846422	0.937455	8	6.30151	20
8	--	0.29221	0.21805	9	6.51956	21
9	--	1.341846	0.299047	10	6.81861	22

test #15
8	--	0.779316	0.307916	9	0.30792	1
9	--	0.730469	1.576582	8	1.03839	2
8	--	0.814981	0.166093	9	1.20448	3
9	--	1.171805	0.325781	10	1.53026	4

test #16
8	--	0.914177	0.180123	9	0.18012	1
9	--	1.628401	0.857149	10	1.03727	2

test #17
8	--	0.162112	0.353815	7	0.16211	1
7	--	0.739128	0.474056	8	0.63617	2
8	--	0.616183	0.354006	9	0.99018	3
9	--	0.953424	1.328382	8	1.9436	4
8	--	0.141533	0.198393	7	2.08513	5
7	--	0.753545	0.47356	8	2.55869	6
8	--	0.27848	0.894442	7	2.83717	7
7	--	0.23353	0.108654	8	2.94582	8
8	--	0.453099	0.358428	9	3.30425	9
9	--	0.380569	1.046347	8	3.68482	10
8	--	0.543879	0.714792	7	4.2287	11
7	--	0.307735	0.139663	8	4.36836	12
8	--	0.147765	0.527165	7	4.51612	13
7	--	0.476015	0.558566	6	4.99214	14
6	--	0.15706	0.247807	5	5.1492	15
5	--	0.295599	0.217568	6	5.36677	16
6	--	0.638261	0.32858	7	5.69535	17
7	--	0.191073	0.251535	6	5.88642	18
6	--	0.327294	0.138225	7	6.02464	19
7	--	0.387248	0.249638	8	6.27428	20
8	--	0.554756	0.312923	9	6.5872	21
9	--	1.169211	0.297692	10	6.88489	22

test #18
8	--	0.545809	0.597552	7	0.54581	1
7	--	0.245864	0.586624	6	0.79167	2
6	--	0.665328	0.606224	7	1.39789	3
7	--	0.646094	0.241139	8	1.63903	4
8	--	0.27323	0.737623	7	1.91226	5
7	--	0.534719	0.124982	8	2.03724	6
8	--	0.261491	0.198877	9	2.23612	7
9	--	0.269298	1.129092	8	2.50542	8
8	--	0.178334	0.645681	7	2.68375	9
7	--	0.108839	0.457714	6	2.79259	10
6	--	0.371508	0.613028	5	3.1641	11
5	--	0.161344	0.156666	6	3.32077	12
6	--	0.651264	0.622206	7	3.94298	13
7	--	0.617529	0.128148	8	4.07113	14
8	--	0.34942	0.158452	9	4.22958	15
9	--	0.654691	0.461686	10	4.69127	16

test #19
8	--	0.831967	0.161108	9	0.16111	1
9	--	0.293728	0.518856	8	0.45484	2
8	--	0.91186	0.778345	9	1.23318	3
9	--	0.268485	0.745945	8	1.50166	4
8	--	0.163774	0.434882	7	1.66543	5
7	--	0.173789	0.421564	6	1.83922	6
6	--	0.277168	0.164264	7	2.00348	7
7	--	0.528697	0.285731	8	2.28921	8
8	--	0.673235	0.175324	9	2.46453	9
9	--	0.503499	0.66242	8	2.96803	10
8	--	0.215357	0.176661	9	3.14469	11
9	--	0.778578	1.49859	8	3.92327	12
8	--	0.508981	0.422824	9	4.34609	13
9	--	0.490522	0.644777	8	4.83661	14
8	--	0.330645	0.421922	7	5.16725	15
7	--	0.302402	0.23693	8	5.40418	16
8	--	0.78044	0.293283	9	5.69746	17
9	--	0.848214	0.272193	10	5.96965	18

test #20
8	--	0.202043	0.333674	7	0.20204	1
7	--	0.474881	0.15943	8	0.36147	2
8	--	0.409162	0.997426	7	0.77063	3
7	--	0.745943	0.650423	8	1.42105	4
8	--	0.730351	0.373312	9	1.79436	5
9	--	1.040369	1.177096	8	2.83473	6
8	--	0.464099	0.407562	9	3.24229	7
9	--	0.386614	0.783522	8	3.6289	8
8	--	0.255026	0.66153	7	3.88393	9
7	--	0.113553	0.67076	6	3.99748	10
6	--	0.156621	0.18651	5	4.1541	11
5	--	0.1997	0.260384	4	4.3538	12
4	--	0.191149	0.482222	3	4.54495	13
3	--	0.212717	0.636212	2	4.75767	14
2	--	0.537775	0.26564	3	5.02331	15
3	--	0.2381	0.642263	2	5.26141	16
2	--	0.433295	0.231374	3	5.49278	17
3	--	0.280834	0.657844	2	5.77361	18
2	--	0.314664	0.650066	1	6.08827	19
1	--	0.939005	0.619925	2	6.70819	20
2	--	0.766758	0.993343	1	7.47495	21
1	--	0.637554	0.627532	2	8.10248	22
2	--	0.390145	0.220699	3	8.32318	23
3	--	0.739992	0.351906	4	8.67509	24
4	--	0.33109	0.260355	5	8.93545	25
5	--	0.446356	0.145723	6	9.08117	26
6	--	0.212074	0.363559	5	9.29324	27
5	--	0.474606	0.203867	6	9.49711	28
6	--	0.21934	0.524193	5	9.71645	29
5	--	0.259283	0.19649	6	9.91294	30
6	--	0.492327	0.328956	7	10.2419	31
7	--	0.193161	0.227217	6	10.43506	32
6	--	0.333281	0.40189	5	10.76834	33
5	--	0.13616	0.280478	4	10.9045	34
4	--	0.127318	0.284169	3	11.03182	35
3	--	0.225232	0.149749	4	11.18157	36
4	--	0.494802	0.323421	5	11.50499	37
5	--	0.20866	0.265369	4	11.71365	38
4	--	0.343869	0.233375	5	11.94703	39
5	--	0.589188	0.434424	6	12.38145	40
6	--	0.165785	0.36784	5	12.54723	41
5	--	0.195807	0.20858	4	12.74304	42
4	--	0.292427	0.270556	5	13.0136	43
5	--	0.262556	0.240576	6	13.25418	44
6	--	0.531438	0.314142	7	13.56832	45
7	--	0.148017	0.251667	6	13.71634	46
6	--	0.099832	0.61661	5	13.81617	47
5	--	0.187906	0.157277	6	13.97345	48
6	--	0.245552	0.318719	5	14.219	49
5	--	0.51911	0.092034	6	14.31103	50
6	--	0.309351	0.597739	5	14.62038	51
5	--	0.13068	0.126489	6	14.74687	52
6	--	0.331042	0.233178	7	14.98005	53
7	--	0.711909	0.35055	8	15.3306	54
8	--	0.407358	0.146153	9	15.47675	55
9	--	0.362453	0.931374	8	15.8392	56
8	--	0.259363	0.430746	7	16.09856	57
7	--	0.183445	0.749232	6	16.282	58
6	--	0.547062	0.436589	7	16.71859	59
7	--	0.672802	0.130994	8	16.84958	60
8	--	0.657092	0.287424	9	17.137	61
9	--	0.473257	0.697169	8	17.61026	62
8	--	0.745969	0.614711	9	18.22497	63
9	--	1.032918	1.705152	8	19.25789	64
8	--	0.31406	0.165579	9	19.42347	65
9	--	1.756295	1.785338	8	21.17977	66
8	--	0.209612	0.626937	7	21.38938	67
7	--	0.405685	0.34761	8	21.73699	68
8	--	0.184363	0.292918	7	21.92135	69
7	--	0.626438	0.222452	8	22.1438	70
8	--	0.920628	0.471855	9	22.61566	71
9	--	1.391185	0.817719	10	23.43338	72

test #21
8	--	0.704008	0.509411	9	0.50941	1
9	--	1.145455	0.878038	10	1.38745	2

test #22
8	--	0.372248	0.819028	7	0.37225	1
7	--	0.379475	0.344046	8	0.7163	2
8	--	0.272643	0.444967	7	0.98894	3
7	--	0.492502	0.719329	6	1.48144	4
6	--	0.109578	0.400169	5	1.59102	5
5	--	0.323537	0.176209	6	1.76723	6
6	--	0.17244	0.138461	7	1.90569	7
7	--	0.239177	0.409737	6	2.14487	8
6	--	0.28141	0.227823	7	2.37269	9
7	--	0.113666	0.176652	6	2.48636	10
6	--	0.457134	0.471693	5	2.94349	11
5	--	0.421589	0.216579	6	3.16007	12
6	--	0.446725	0.294358	7	3.45443	13
7	--	0.639444	0.2465	8	3.70093	14
8	--	0.211218	0.225165	7	3.91215	15
7	--	0.298464	0.307806	6	4.21061	16
6	--	0.19499	0.225837	5	4.4056	17
5	--	0.358491	0.289605	6	4.6952	18
6	--	0.273333	0.307006	5	4.96853	19
5	--	0.196363	0.266162	4	5.16489	20
4	--	0.236535	0.184598	5	5.34949	21
5	--	0.142012	0.330878	4	5.4915	22
4	--	0.583677	0.338284	5	5.82978	23
5	--	0.124844	0.381853	4	5.95462	24
4	--	0.332337	0.384773	3	6.28696	25
3	--	0.21404	0.262634	2	6.501	26
2	--	0.339577	0.200104	3	6.7011	27
3	--	0.115741	0.189614	2	6.81684	28
2	--	0.177512	0.305501	1	6.99435	29
1	--	1.564181	0.468813	2	7.46316	30
2	--	0.9632	0.341158	3	7.80432	31
3	--	0.17433	0.354783	2	7.97865	32
2	--	0.523246	0.642984	1	8.5019	33
1	--	0.370326	1.39104	0	8.87223	34

test #23
8	--	0.371058	0.485734	7	0.37106	1
7	--	0.363389	0.428828	6	0.73445	2
6	--	0.111219	0.517275	5	0.84567	3
5	--	0.220856	0.198451	6	1.04412	4
6	--	0.446723	0.341687	7	1.38581	5
7	--	0.756146	0.408908	8	1.79472	6
8	--	0.535052	0.447325	9	2.24204	7
9	--	0.824273	0.735722	10	2.97776	8

test #24
8	--	0.499798	0.618713	7	0.4998	1
7	--	0.29916	0.237256	8	0.73706	2
8	--	0.145838	0.195358	7	0.8829	3
7	--	0.171504	0.122507	8	1.00541	4
8	--	0.534953	0.205311	9	1.21072	5
9	--	0.917856	1.14701	8	2.12858	6
8	--	0.181637	0.614449	7	2.31022	7
7	--	0.199074	0.419673	6	2.50929	8
6	--	0.380046	0.631947	5	2.88934	9
5	--	0.390741	0.158806	6	3.04815	10
6	--	0.634171	0.585527	7	3.63368	11
7	--	0.415163	0.364057	8	3.99774	12
8	--	0.895309	0.890906	9	4.88865	13
9	--	0.71894	0.721045	8	5.60759	14
8	--	0.436869	0.898473	7	6.04446	15
7	--	0.558116	0.722491	6	6.60258	16
6	--	0.229339	0.153491	7	6.75607	17
7	--	0.174134	0.517973	6	6.9302	18
6	--	0.258095	0.35676	5	7.1883	19
5	--	0.188226	0.547311	4	7.37653	20
4	--	0.183279	0.151029	5	7.52756	21
5	--	0.48266	0.185494	6	7.71305	22
6	--	0.516957	0.095174	7	7.80822	23
7	--	0.193792	0.547792	6	8.00201	24
6	--	0.132208	0.298102	5	8.13422	25
5	--	0.185138	0.227539	4	8.31936	26
4	--	0.496377	0.516342	3	8.81574	27
3	--	0.497931	0.137951	4	8.95369	28
4	--	0.406771	0.67025	3	9.36046	29
3	--	0.127002	0.603143	2	9.48746	30
2	--	0.388923	0.224718	3	9.71218	31
3	--	0.377928	0.425048	2	10.09011	32
2	--	0.480754	0.731701	1	10.57086	33
1	--	0.450229	0.569974	0	11.02109	34

test #25
8	--	0.6337	0.140389	9	0.14039	1
9	--	0.37132	1.649479	8	0.51171	2
8	--	0.666513	0.27465	9	0.78636	3
9	--	1.09957	1.190698	8	1.88593	4
8	--	0.569383	0.555437	9	2.44137	5
9	--	0.487632	1.491011	8	2.929	6
8	--	0.533219	0.300234	9	3.22923	7
9	--	1.097343	1.384646	8	4.32657	8
8	--	0.705994	0.254017	9	4.58059	9
9	--	1.02748	0.910387	10	5.49098	10

test #26
8	--	0.147895	0.301394	7	0.1479	1
7	--	0.163569	0.376314	6	0.31147	2
6	--	0.131217	0.331654	5	0.44269	3
5	--	0.15892	0.207688	4	0.60161	4
4	--	0.143759	0.415611	3	0.74537	5
3	--	0.443468	0.64813	2	1.18884	6
2	--	0.235969	0.297663	1	1.42481	7
1	--	0.914921	0.715498	2	2.14031	8
2	--	0.403274	0.282291	3	2.4226	9
3	--	0.402316	0.731392	2	2.82492	10
2	--	0.472859	0.737124	1	3.29778	11
1	--	0.38172	0.27756	2	3.57534	12
2	--	0.162557	0.6592	1	3.7379	13
1	--	1.433461	0.578656	2	4.31656	14
2	--	0.663387	0.158181	3	4.47474	15
3	--	0.251404	0.310421	2	4.72614	16
2	--	0.481006	0.501106	1	5.20715	17
1	--	1.389704	0.643792	2	5.85094	18
2	--	0.177632	0.60169	1	6.02857	19
1	--	1.456154	1.025036	2	7.05361	20
2	--	0.84733	0.600971	3	7.65458	21
3	--	0.128558	0.491374	2	7.78314	22
2	--	0.375359	0.242299	3	8.02544	23
3	--	0.151311	0.582937	2	8.17675	24
2	--	0.270713	0.369578	1	8.44746	25
1	--	1.416802	0.633219	2	9.08068	26
2	--	0.629997	0.378055	3	9.45874	27
3	--	0.602208	0.38543	4	9.84417	28
4	--	0.15801	0.533415	3	10.00218	29
3	--	0.210802	0.711587	2	10.21298	30
2	--	0.370594	0.330066	3	10.54305	31
3	--	0.484003	0.466434	4	11.00948	32
4	--	0.314683	0.241662	5	11.25114	33
5	--	0.16859	0.127545	6	11.37868	34
6	--	0.645972	0.45257	7	11.83125	35
7	--	0.211907	0.689357	6	12.04316	36
6	--	0.213878	0.312774	5	12.25704	37
5	--	0.154997	0.161785	4	12.41204	38
4	--	0.18376	0.221237	3	12.5958	39
3	--	0.418647	0.109566	4	12.70537	40
4	--	0.328171	0.654225	3	13.03354	41
3	--	0.135584	0.536515	2	13.16912	42
2	--	0.746583	0.404505	3	13.57362	43
3	--	0.284088	0.278288	4	13.85191	44
4	--	0.315356	0.387563	3	14.16727	45
3	--	0.619742	0.196289	4	14.36356	46
4	--	0.120176	0.451547	3	14.48374	47
3	--	0.322881	0.256299	4	14.74004	48
4	--	0.184804	0.253283	3	14.92484	49
3	--	0.278319	0.129128	4	15.05397	50
4	--	0.127515	0.193504	3	15.18148	51
3	--	0.168334	0.18615	2	15.34981	52
2	--	0.452501	0.232856	3	15.58267	53
3	--	0.735086	0.224985	4	15.80765	54
4	--	0.157939	0.347273	3	15.96559	55
3	--	0.233968	0.298559	2	16.19956	56
2	--	0.357852	0.355297	3	16.55486	57
3	--	0.524227	0.292078	4	16.84694	58
4	--	0.095571	0.12435	3	16.94251	59
3	--	0.324202	0.297812	4	17.24032	60
4	--	0.413173	0.578086	3	17.65349	61
3	--	0.188862	0.586605	2	17.84235	62
2	--	0.188475	0.913907	1	18.03083	63
1	--	1.728547	1.1022	2	19.13303	64
2	--	0.181562	0.309221	1	19.31459	65
1	--	1.59102	0.653632	2	19.96822	66
2	--	0.336653	0.689422	1	20.30487	67
1	--	1.352303	0.379744	2	20.68461	68
2	--	0.720098	0.509207	3	21.19382	69
3	--	0.147493	0.235842	2	21.34131	70
2	--	0.772976	0.163771	3	21.50508	71
3	--	0.517873	0.120974	4	21.62605	72
4	--	0.096389	0.653277	3	21.72244	73
3	--	0.759507	0.364847	4	22.08729	74
4	--	0.426067	0.175841	5	22.26313	75
5	--	0.500236	0.538863	4	22.76337	76
4	--	0.268303	0.124642	5	22.88801	77
5	--	0.198186	0.550087	4	23.0862	78
4	--	0.603955	0.519799	5	23.606	79
5	--	0.531952	0.120592	6	23.72659	80
6	--	0.246443	0.664706	5	23.97303	81
5	--	0.341229	0.253303	6	24.22633	82
6	--	0.153811	0.521731	5	24.38014	83
5	--	0.275022	0.30348	4	24.65516	84
4	--	0.51425	0.644936	3	25.16941	85
3	--	0.138222	0.188165	2	25.30763	86
2	--	0.993824	0.169745	3	25.47737	87
3	--	0.207825	0.176018	4	25.65339	88
4	--	0.165491	0.24341	3	25.81888	89
3	--	0.19388	0.53065	2	26.01276	90
2	--	0.342869	0.204683	3	26.21744	91
3	--	0.111193	0.642739	2	26.32863	92
2	--	0.379385	0.160724	3	26.48935	93
3	--	0.308122	0.181275	4	26.67063	94
4	--	0.37876	0.168523	5	26.83915	95
5	--	0.413267	0.455572	4	27.25242	96
4	--	0.252299	0.096256	5	27.34868	97
5	--	0.338566	0.135407	6	27.48409	98
6	--	0.570106	0.336102	7	27.82019	99
7	--	0.512955	0.428366	8	28.24856	100
8	--	0.227689	0.427332	7	28.47625	101
7	--	0.372412	0.299952	8	28.7762	102
8	--	0.472705	0.873224	7	29.2489	103
7	--	0.342195	0.159265	8	29.40816	104
8	--	0.166126	0.272297	7	29.57429	105
7	--	0.586288	0.254353	8	29.82864	106
8	--	0.266696	0.297635	7	30.09534	107
7	--	0.268891	0.242211	8	30.33755	108
8	--	0.499115	0.254166	9	30.59172	109
9	--	0.48836	0.874676	8	31.08008	110
8	--	0.274907	0.228693	9	31.30877	111
9	--	1.1216	1.369798	8	32.43037	112
8	--	0.300093	0.516915	7	32.73046	113
7	--	0.322232	0.194935	8	32.9254	114
8	--	0.28586	0.726725	7	33.21126	115
7	--	0.167749	0.401137	6	33.37901	116
6	--	0.640311	0.601542	7	33.98055	117
7	--	0.142359	0.680534	6	34.12291	118
6	--	0.095971	0.368524	5	34.21888	119
5	--	0.532631	0.131982	6	34.35086	120
6	--	0.379476	0.506096	5	34.73034	121
5	--	0.239581	0.227421	6	34.95776	122
6	--	0.28298	0.310264	5	35.24074	123
5	--	0.239023	0.106076	6	35.34682	124
6	--	0.405279	0.37858	7	35.7254	125
7	--	0.622995	0.237715	8	35.96312	126
8	--	0.169812	0.612315	7	36.13293	127
7	--	0.329964	0.387813	6	36.46289	128
6	--	0.414017	0.354428	7	36.81732	129
7	--	0.143409	0.28593	6	36.96073	130
6	--	0.569378	0.335536	7	37.29627	131
7	--	0.160572	0.6941	6	37.45684	132
6	--	0.191269	0.292171	5	37.64811	133
5	--	0.332018	0.304369	6	37.95248	134
6	--	0.351145	0.651184	5	38.30362	135
5	--	0.284568	0.146095	6	38.44972	136
6	--	0.522395	0.115142	7	38.56486	137
7	--	0.277308	0.111788	8	38.67665	138
8	--	0.459758	0.600306	7	39.13641	139
7	--	0.346948	0.111064	8	39.24747	140
8	--	0.644538	0.473971	9	39.72144	141
9	--	0.503916	1.717649	8	40.22536	142
8	--	0.233876	0.516242	7	40.45924	143
7	--	0.357234	0.120196	8	40.57944	144
8	--	0.270606	0.853461	7	40.85005	145
7	--	0.445544	0.236163	8	41.08621	146
8	--	0.293483	0.348202	7	41.37969	147
7	--	0.234479	0.311305	6	41.61417	148
6	--	0.375126	0.477385	5	41.9893	149
5	--	0.281557	0.313255	4	42.27086	150
4	--	0.11597	0.641168	3	42.38683	151
3	--	0.149637	0.327552	2	42.53647	152
2	--	0.28366	0.876872	1	42.82013	153
1	--	1.043154	0.78921	2	43.60934	154
2	--	0.350117	0.729466	1	43.95946	155
1	--	1.39416	1.653605	0	45.35362	156

test #27
8	--	0.738384	0.715854	9	0.71585	1
9	--	0.333791	0.279408	10	0.99526	2

test #28
8	--	0.618402	0.233164	9	0.23316	1
9	--	1.187087	0.473684	10	0.70684	2

test #29
8	--	0.41176	0.926616	7	0.41176	1
7	--	0.162621	0.167846	6	0.57438	2
6	--	0.572685	0.320112	7	0.89449	3
7	--	0.318223	0.154089	8	1.04858	4
8	--	0.181719	0.430241	7	1.2303	5
7	--	0.167275	0.427299	6	1.39758	6
6	--	0.515861	0.283027	7	1.68061	7
7	--	0.107365	0.166788	6	1.78797	8
6	--	0.253395	0.132169	7	1.92014	9
7	--	0.294095	0.566689	6	2.21424	10
6	--	0.273734	0.309442	5	2.48797	11
5	--	0.448513	0.361691	6	2.84966	12
6	--	0.47501	0.121114	7	2.97077	13
7	--	0.254485	0.141146	8	3.11192	14
8	--	0.277733	0.153591	9	3.26551	15
9	--	1.000627	0.395005	10	3.66051	16

test #30
8	--	0.496825	0.699234	7	0.49682	1
7	--	0.255631	0.5359	6	0.75245	2
6	--	0.292973	0.245326	7	0.99778	3
7	--	0.164541	0.410613	6	1.16232	4
6	--	0.551968	0.471021	7	1.63334	5
7	--	0.110769	0.220933	6	1.74411	6
6	--	0.341381	0.281756	7	2.02587	7
7	--	0.680971	0.165559	8	2.19143	8
8	--	0.197343	0.687581	7	2.38877	9
7	--	0.359196	0.257586	8	2.64636	10
8	--	0.861489	0.238535	9	2.8849	11
9	--	0.93616	0.251964	10	3.13686	12

test #31
8	--	0.950375	0.323145	9	0.32314	1
9	--	0.700132	1.105158	8	1.02327	2
8	--	0.248676	0.176207	9	1.19948	3
9	--	0.556387	0.948965	8	1.75587	4
8	--	0.180009	0.294115	7	1.93588	5
7	--	0.380118	0.244395	8	2.18028	6
8	--	0.170133	0.191595	7	2.35041	7
7	--	0.213462	0.484561	6	2.56387	8
6	--	0.130905	0.5053	5	2.69477	9
5	--	0.450028	0.164047	6	2.85882	10
6	--	0.160521	0.11126	7	2.97008	11
7	--	0.227348	0.181807	8	3.15189	12
8	--	0.655311	0.385355	9	3.53725	13
9	--	0.512749	0.261264	10	3.79851	14

test #32
8	--	0.939762	0.418388	9	0.41839	1
9	--	0.585607	1.687655	8	1.004	2
8	--	0.383108	0.249089	9	1.25309	3
9	--	1.285328	0.26874	10	1.52183	4

test #33
8	--	0.149442	0.919259	7	0.14944	1
7	--	0.199753	0.39432	6	0.34919	2
6	--	0.392327	0.64307	5	0.74152	3
5	--	0.391654	0.332226	6	1.07375	4
6	--	0.157803	0.146787	7	1.22054	5
7	--	0.650449	0.191767	8	1.41231	6
8	--	0.679497	0.223716	9	1.63603	7
9	--	0.817803	1.130214	8	2.45383	8
8	--	0.231461	0.171839	9	2.62567	9
9	--	0.396662	1.048739	8	3.02233	10
8	--	0.433895	0.385876	9	3.40821	11
9	--	0.825785	0.914802	8	4.23399	12
8	--	0.268175	0.695149	7	4.50217	13
7	--	0.299358	0.220238	8	4.72241	14
8	--	0.522488	0.208085	9	4.93049	15
9	--	0.358011	1.046321	8	5.2885	16
8	--	0.345934	0.451549	7	5.63443	17
7	--	0.34205	0.1258	8	5.76023	18
8	--	0.687775	0.470151	9	6.23038	19
9	--	0.735887	0.794873	8	6.96627	20
8	--	0.440247	0.651341	7	7.40652	21
7	--	0.474904	0.44246	8	7.84898	22
8	--	0.187914	0.554414	7	8.03689	23
7	--	0.572439	0.284076	8	8.32097	24
8	--	0.684603	0.802453	7	9.00557	25
7	--	0.316514	0.210377	8	9.21595	26
8	--	0.315783	0.195535	9	9.41149	27
9	--	1.607158	0.355933	10	9.76742	28

test #34
8	--	0.838266	0.389677	9	0.38968	1
9	--	0.267256	0.293807	8	0.65694	2
8	--	0.174764	0.297679	7	0.8317	3
7	--	0.585818	0.171647	8	1.00335	4
8	--	0.185452	0.216918	7	1.1888	5
7	--	0.642706	0.204564	8	1.39336	6
8	--	0.531308	0.897715	7	1.92467	7
7	--	0.447271	0.14658	8	2.07125	8
8	--	0.322813	0.157692	9	2.22894	9
9	--	1.24885	1.025152	10	3.25409	10

test #35
8	--	0.355758	1.004298	7	0.35576	1
7	--	0.747614	0.234428	8	0.59019	2
8	--	0.732189	0.590829	9	1.18102	3
9	--	1.710598	1.0658	10	2.24682	4

test #36
8	--	0.681193	0.624511	9	0.62451	1
9	--	0.318666	0.97348	8	0.94318	2
8	--	0.217615	0.272625	7	1.1608	3
7	--	0.218269	0.625823	6	1.37907	4
6	--	0.158368	0.280702	5	1.53744	5
5	--	0.284152	0.61655	4	1.82159	6
4	--	0.256403	0.447197	3	2.07799	7
3	--	0.441149	0.601663	2	2.51914	8
2	--	0.723902	0.66049	3	3.17963	9
3	--	0.317809	0.689132	2	3.49744	10
2	--	0.243455	0.913893	1	3.7409	11
1	--	0.404147	0.607912	0	4.14505	12

test #37
8	--	0.557276	0.301758	9	0.30176	1
9	--	0.524243	0.261595	10	0.56336	2

test #38
8	--	0.232772	0.429539	7	0.23277	1
7	--	0.583492	0.470199	8	0.70297	2
8	--	0.762839	0.287323	9	0.99029	3
9	--	0.773068	0.394241	10	1.38453	4

test #39
8	--	0.239203	0.341935	7	0.2392	1
7	--	0.460242	0.375777	8	0.61498	2
8	--	0.263226	0.635691	7	0.87821	3
7	--	0.677292	0.228978	8	1.10719	4
8	--	0.88756	0.535944	9	1.64313	5
9	--	0.309004	1.35069	8	1.95213	6
8	--	0.926402	0.398635	9	2.35077	7
9	--	1.680894	0.983307	10	3.33408	8

test #40
8	--	0.152288	0.169865	7	0.15229	1
7	--	0.413029	0.483621	6	0.56532	2
6	--	0.536458	0.490498	7	1.05582	3
7	--	0.229277	0.124983	8	1.1808	4
8	--	0.1521	0.322136	7	1.3329	5
7	--	0.372273	0.430015	6	1.70517	6
6	--	0.322081	0.237403	7	1.94257	7
7	--	0.583722	0.14215	8	2.08472	8
8	--	0.470466	0.276987	9	2.36171	9
9	--	1.763511	0.559224	10	2.92093	10

test #41
8	--	0.846929	0.367989	9	0.36799	1
9	--	1.505344	0.570435	10	0.93843	2

test #42
8	--	0.360453	0.503077	7	0.36045	1
7	--	0.376341	0.144191	8	0.50464	2
8	--	0.94249	0.489741	9	0.99438	3
9	--	1.349747	0.520379	10	1.51476	4

test #43
8	--	0.24825	0.230296	9	0.2303	1
9	--	1.741182	0.36451	10	0.59481	2

test #44
8	--	0.986812	0.408367	9	0.40837	1
9	--	0.679168	0.715931	8	1.08754	2
8	--	0.412232	0.671894	7	1.49977	3
7	--	0.439179	0.585163	6	1.93895	4
6	--	0.318313	0.290524	7	2.22947	5
7	--	0.106441	0.19257	6	2.33591	6
6	--	0.151432	0.396299	5	2.48734	7
5	--	0.106948	0.29833	4	2.59429	8
4	--	0.100177	0.319142	3	2.69447	9
3	--	0.584788	0.564563	4	3.25903	10
4	--	0.431303	0.316837	5	3.57587	11
5	--	0.201882	0.148399	6	3.72427	12
6	--	0.292283	0.328643	5	4.01655	13
5	--	0.189357	0.244591	4	4.20591	14
4	--	0.119065	0.377002	3	4.32497	15
3	--	0.390924	0.343267	4	4.66824	16
4	--	0.2284	0.204706	5	4.87295	17
5	--	0.216617	0.500924	4	5.08957	18
4	--	0.359583	0.387046	3	5.44915	19
3	--	0.61013	0.232742	4	5.68189	20
4	--	0.174248	0.666601	3	5.85614	21
3	--	0.205451	0.192944	4	6.04908	22
4	--	0.118534	0.137171	3	6.16761	23
3	--	0.140616	0.203788	2	6.30823	24
2	--	0.558363	0.250725	3	6.55895	25
3	--	0.336191	0.177141	4	6.73609	26
4	--	0.481766	0.118385	5	6.85447	27
5	--	0.284938	0.293081	4	7.13941	28
4	--	0.18794	0.529203	3	7.32735	29
3	--	0.265047	0.519052	2	7.5924	30
2	--	0.496251	0.151423	3	7.74382	31
3	--	0.109909	0.187736	2	7.85373	32
2	--	0.344022	0.578582	1	8.19775	33
1	--	1.435577	0.489672	2	8.68742	34
2	--	0.26827	0.818219	1	8.95569	35
1	--	1.17204	0.589129	2	9.54482	36
2	--	0.24661	0.142092	3	9.68691	37
3	--	0.188151	0.319343	2	9.87506	38
2	--	0.613413	0.268254	3	10.14331	39
3	--	0.277366	0.23884	4	10.38215	40
4	--	0.570154	0.283983	5	10.66613	41
5	--	0.500101	0.449264	6	11.11539	42
6	--	0.129876	0.442043	5	11.24527	43
5	--	0.380401	0.383004	4	11.62567	44
4	--	0.110148	0.209795	3	11.73582	45
3	--	0.571544	0.338421	4	12.07424	46
4	--	0.248136	0.186614	5	12.26085	47
5	--	0.470184	0.553025	4	12.73103	48
4	--	0.607368	0.48194	5	13.21297	49
5	--	0.412339	0.192443	6	13.40541	50
6	--	0.481818	0.223254	7	13.62866	51
7	--	0.573316	0.534132	8	14.16279	52
8	--	0.41346	0.488779	7	14.57625	53
7	--	0.211979	0.387152	6	14.78823	54
6	--	0.152565	0.195368	5	14.94079	55
5	--	0.123092	0.461041	4	15.06388	56
4	--	0.357649	0.641318	3	15.42153	57
3	--	0.167526	0.157597	4	15.57913	58
4	--	0.562549	0.236237	5	15.81537	59
5	--	0.300299	0.186832	6	16.0022	60
6	--	0.51036	0.155637	7	16.15784	61
7	--	0.650739	0.133945	8	16.29178	62
8	--	0.242878	0.600035	7	16.53466	63
7	--	0.468618	0.422482	8	16.95714	64
8	--	0.697222	0.57883	9	17.53597	65
9	--	0.554745	1.074635	8	18.09072	66
8	--	0.233098	0.496014	7	18.32382	67
7	--	0.469378	0.471175	6	18.7932	68
6	--	0.113208	0.427908	5	18.90641	69
5	--	0.38833	0.324923	6	19.23133	70
6	--	0.294875	0.10681	7	19.33814	71
7	--	0.342237	0.513295	6	19.68038	72
6	--	0.517016	0.29323	7	19.97361	73
7	--	0.190972	0.57655	6	20.16458	74
6	--	0.170039	0.156726	7	20.32131	75
7	--	0.189467	0.222848	6	20.51078	76
6	--	0.553771	0.210631	7	20.72141	77
7	--	0.138126	0.529531	6	20.85954	78
6	--	0.49571	0.146622	7	21.00616	79
7	--	0.550409	0.29872	8	21.30488	80
8	--	0.459863	0.176143	9	21.48102	81
9	--	0.785411	1.464896	8	22.26643	82
8	--	0.671856	0.58959	9	22.85602	83
9	--	0.648457	0.504059	10	23.36008	84

test #45
8	--	0.640061	0.822368	7	0.64006	1
7	--	0.190754	0.660883	6	0.83081	2
6	--	0.435521	0.60852	5	1.26633	3
5	--	0.116696	0.180316	4	1.38303	4
4	--	0.181602	0.299547	3	1.56463	5
3	--	0.11772	0.53024	2	1.68235	6
2	--	0.625208	0.279711	3	1.96206	7
3	--	0.199671	0.458021	2	2.16173	8
2	--	0.168268	0.738851	1	2.33	9
1	--	0.419398	0.839979	0	2.7494	10

test #46
8	--	0.948211	0.199422	9	0.19942	1
9	--	1.597782	1.113838	10	1.31326	2

test #47
8	--	0.8737	0.343541	9	0.34354	1
9	--	0.420185	1.162526	8	0.76372	2
8	--	0.385421	0.239582	9	1.0033	3
9	--	0.675306	1.059203	8	1.67861	4
8	--	0.179086	0.294212	7	1.8577	5
7	--	0.133686	0.400293	6	1.99139	6
6	--	0.46292	0.481475	5	2.45431	7
5	--	0.215259	0.518707	4	2.66957	8
4	--	0.226824	0.621527	3	2.89639	9
3	--	0.572998	0.178159	4	3.07455	10
4	--	0.151967	0.130797	5	3.20535	11
5	--	0.295255	0.096299	6	3.30165	12
6	--	0.25614	0.507532	5	3.55779	13
5	--	0.357146	0.566162	4	3.91494	14
4	--	0.275512	0.492193	3	4.19045	15
3	--	0.413072	0.127506	4	4.31796	16
4	--	0.601739	0.177988	5	4.49595	17
5	--	0.55222	0.483774	6	4.97972	18
6	--	0.098391	0.526009	5	5.07811	19
5	--	0.196919	0.127215	6	5.20533	20
6	--	0.301441	0.454511	5	5.50677	21
5	--	0.1154	0.3392	4	5.62217	22
4	--	0.326335	0.208922	5	5.83109	23
5	--	0.458311	0.119815	6	5.95091	24
6	--	0.3241	0.437106	5	6.27501	25
5	--	0.325164	0.236652	6	6.51166	26
6	--	0.259863	0.293745	5	6.77152	27
5	--	0.200198	0.363496	4	6.97172	28
4	--	0.20999	0.509304	3	7.18171	29
3	--	0.459537	0.195467	4	7.37718	30
4	--	0.477866	0.301657	5	7.67884	31
5	--	0.247915	0.334098	4	7.92676	32
4	--	0.211926	0.540612	3	8.13869	33
3	--	0.760871	0.107962	4	8.24665	34
4	--	0.317411	0.276067	5	8.52272	35
5	--	0.111111	0.286329	4	8.63383	36
4	--	0.280418	0.660507	3	8.91425	37
3	--	0.266429	0.198692	4	9.11294	38
4	--	0.183927	0.334864	3	9.29687	39
3	--	0.193271	0.434509	2	9.49014	40
2	--	0.548	0.602179	1	10.03814	41
1	--	1.338568	1.636954	0	11.37671	42

test #48
8	--	0.639289	0.348301	9	0.3483	1
9	--	1.390788	0.298417	10	0.64672	2

test #49
8	--	0.160814	0.679646	7	0.16081	1
7	--	0.280952	0.494199	6	0.44176	2
6	--	0.270661	0.610464	5	0.71242	3
5	--	0.385882	0.122108	6	0.83453	4
6	--	0.178455	0.297683	5	1.01299	5
5	--	0.276627	0.204489	6	1.21748	6
6	--	0.431892	0.184655	7	1.40214	7
7	--	0.621946	0.572642	8	1.97478	8
8	--	0.762413	0.267032	9	2.24181	9
9	--	1.065209	1.143247	8	3.30702	10
8	--	0.315022	0.193684	9	3.5007	11
9	--	0.427527	0.446912	8	3.92823	12
8	--	0.564336	0.7355	7	4.49257	13
7	--	0.328327	0.455584	6	4.8209	14
6	--	0.175706	0.106645	7	4.92754	15
7	--	0.391295	0.399124	6	5.31884	16
6	--	0.282726	0.396825	5	5.60157	17
5	--	0.264073	0.406214	4	5.86564	18
4	--	0.269718	0.226828	5	6.09247	19
5	--	0.139443	0.253454	4	6.23191	20
4	--	0.150729	0.144701	5	6.37661	21
5	--	0.384482	0.40986	4	6.76109	22
4	--	0.171468	0.519431	3	6.93256	23
3	--	0.582847	0.246504	4	7.17906	24
4	--	0.143469	0.438238	3	7.32253	25
3	--	0.447778	0.415088	4	7.73762	26
4	--	0.329874	0.588402	3	8.06749	27
3	--	0.403491	0.107634	4	8.17512	28
4	--	0.372502	0.539352	3	8.54762	29
3	--	0.185149	0.582151	2	8.73277	30
2	--	0.280108	0.229421	3	8.96219	31
3	--	0.667437	0.309043	4	9.27123	32
4	--	0.12038	0.131009	3	9.39161	33
3	--	0.440723	0.163468	4	9.55508	34
4	--	0.453528	0.127945	5	9.68302	35
5	--	0.456588	0.220143	6	9.90316	36
6	--	0.14762	0.410862	5	10.05078	37
5	--	0.310763	0.416359	4	10.36154	38
4	--	0.390353	0.202551	5	10.56409	39
5	--	0.114554	0.183964	4	10.67864	40
4	--	0.11847	0.332729	3	10.79711	41
3	--	0.445589	0.448443	2	11.2427	42
2	--	0.913552	0.966754	1	12.15625	43
1	--	1.114433	0.632501	2	12.78875	44
2	--	0.443531	0.261191	3	13.04994	45
3	--	0.691344	0.206989	4	13.25693	46
4	--	0.272609	0.260769	5	13.5177	47
5	--	0.420962	0.208508	6	13.72621	48
6	--	0.589078	0.194254	7	13.92046	49
7	--	0.313977	0.361931	6	14.23444	50
6	--	0.204371	0.276701	5	14.43881	51
5	--	0.148574	0.375089	4	14.58738	52
4	--	0.193232	0.112458	5	14.69984	53
5	--	0.373654	0.199169	6	14.89901	54
6	--	0.437281	0.108618	7	15.00763	55
7	--	0.365136	0.668484	6	15.37277	56
6	--	0.146691	0.127563	7	15.50033	57
7	--	0.63825	0.398515	8	15.89885	58
8	--	0.402649	0.830703	7	16.3015	59
7	--	0.126636	0.114127	8	16.41563	60
8	--	0.511066	0.377074	9	16.7927	61
9	--	1.268584	0.606825	10	17.39952	62

test #50
8	--	0.899631	0.258712	9	0.25871	1
9	--	1.466233	1.527802	8	1.72494	2
8	--	0.651396	0.715678	7	2.37634	3
7	--	0.348643	0.219785	8	2.59612	4
8	--	0.663743	0.724148	7	3.25986	5
7	--	0.255965	0.517728	6	3.51582	6
6	--	0.495669	0.163481	7	3.6793	7
7	--	0.369409	0.255467	8	3.93477	8
8	--	0.324802	0.147977	9	4.08275	9
9	--	0.699677	0.402639	10	4.48539	10

test #51
8	--	0.823302	0.483141	9	0.48314	1
9	--	0.769002	1.159492	8	1.25214	2
8	--	0.207256	0.198211	9	1.45035	3
9	--	1.536391	0.585501	10	2.03585	4

test #52
8	--	0.270292	0.260839	9	0.26084	1
9	--	1.574044	0.810764	10	1.0716	2

test #53
8	--	0.318298	0.731478	7	0.3183	1
7	--	0.703651	0.125774	8	0.44407	2
8	--	0.269596	0.734595	7	0.71367	3
7	--	0.270626	0.704411	6	0.9843	4
6	--	0.188044	0.361203	5	1.17234	5
5	--	0.129721	0.108286	6	1.28063	6
6	--	0.153174	0.635095	5	1.4338	7
5	--	0.465862	0.341173	6	1.77497	8
6	--	0.613211	0.569439	7	2.34441	9
7	--	0.535818	0.372822	8	2.71723	10
8	--	0.621445	0.614459	9	3.33169	11
9	--	0.821551	0.609457	10	3.94115	12

test #54
8	--	0.466696	0.257606	9	0.25761	1
9	--	1.384703	1.324119	10	1.58173	2

test #55
8	--	0.207661	0.555284	7	0.20766	1
7	--	0.61533	0.501233	8	0.70889	2
8	--	0.643205	0.710046	7	1.35209	3
7	--	0.39312	0.575336	6	1.74521	4
6	--	0.125919	0.198608	5	1.87113	5
5	--	0.299695	0.294332	6	2.16546	6
6	--	0.289713	0.362109	5	2.45517	7
5	--	0.449059	0.195725	6	2.65089	8
6	--	0.252086	0.113799	7	2.76469	9
7	--	0.400803	0.214457	8	2.97915	10
8	--	0.176274	0.633553	7	3.15542	11
7	--	0.530149	0.44988	8	3.6053	12
8	--	0.417471	0.422755	7	4.02277	13
7	--	0.229878	0.658996	6	4.25265	14
6	--	0.370992	0.474501	5	4.62364	15
5	--	0.116364	0.601483	4	4.74	16
4	--	0.21758	0.58711	3	4.95758	17
3	--	0.760934	0.261458	4	5.21904	18
4	--	0.332671	0.585777	3	5.55171	19
3	--	0.421463	0.506595	2	5.97317	20
2	--	0.238406	0.261948	1	6.21158	21
1	--	0.757943	0.838268	0	6.96952	22

test #56
8	--	0.73359	0.451179	9	0.45118	1
9	--	0.684171	0.698292	8	1.13535	2
8	--	0.221219	0.735592	7	1.35657	3
7	--	0.717479	0.469589	8	1.82616	4
8	--	0.277958	0.441792	7	2.10412	5
7	--	0.702909	0.297798	8	2.40192	6
8	--	0.246462	0.274945	7	2.64838	7
7	--	0.276677	0.241966	8	2.89035	8
8	--	0.467686	0.39031	9	3.28066	9
9	--	1.33247	1.123579	10	4.40424	10

test #57
8	--	0.364903	0.783182	7	0.3649	1
7	--	0.383307	0.686348	6	0.74821	2
6	--	0.198979	0.323711	5	0.94719	3
5	--	0.339109	0.168625	6	1.11581	4
6	--	0.557687	0.341775	7	1.45759	5
7	--	0.595576	0.380561	8	1.83815	6
8	--	0.385446	0.808697	7	2.2236	7
7	--	0.639137	0.174294	8	2.39789	8
8	--	0.506657	0.643558	7	2.90455	9
7	--	0.598214	0.240593	8	3.14514	10
8	--	0.605851	0.332082	9	3.47722	11
9	--	0.656117	0.610273	10	4.08749	12

test #58
8	--	0.316559	0.146301	9	0.1463	1
9	--	0.328786	1.660009	8	0.47509	2
8	--	0.939712	0.619342	9	1.09443	3
9	--	0.587282	1.174739	8	1.68171	4
8	--	0.519835	0.306736	9	1.98845	5
9	--	0.54501	0.608335	8	2.53346	6
8	--	0.462943	0.513166	7	2.9964	7
7	--	0.271933	0.520213	6	3.26833	8
6	--	0.563624	0.101087	7	3.36942	9
7	--	0.224355	0.390779	6	3.59378	10
6	--	0.144941	0.452578	5	3.73872	11
5	--	0.345315	0.111597	6	3.85032	12
6	--	0.551042	0.170628	7	4.02095	13
7	--	0.268376	0.19378	8	4.21473	14
8	--	0.663973	0.417091	9	4.63182	15
9	--	0.388856	1.186901	8	5.02068	16
8	--	0.300158	0.568971	7	5.32084	17
7	--	0.113496	0.579592	6	5.43434	18
6	--	0.166784	0.232041	5	5.60112	19
5	--	0.234678	0.526747	4	5.8358	20
4	--	0.161929	0.364719	3	5.99773	21
3	--	0.348867	0.634849	2	6.3466	22
2	--	0.773283	0.332174	3	6.67877	23
3	--	0.21281	0.38068	2	6.89158	24
2	--	0.157433	0.70488	1	7.04901	25
1	--	0.768251	1.422269	0	7.81726	26

test #59
8	--	0.81981	0.79622	9	0.79622	1
9	--	1.184533	0.820065	10	1.61628	2

test #60
8	--	0.173416	0.392226	7	0.17342	1
7	--	0.238533	0.207902	8	0.38132	2
8	--	0.379795	0.408038	7	0.76112	3
7	--	0.231231	0.699387	6	0.99235	4
6	--	0.095622	0.608981	5	1.08797	5
5	--	0.580707	0.459152	6	1.54712	6
6	--	0.189773	0.189462	7	1.73658	7
7	--	0.121324	0.714157	6	1.8579	8
6	--	0.25517	0.585244	5	2.11307	9
5	--	0.181732	0.584979	4	2.2948	10
4	--	0.13799	0.126018	5	2.42082	11
5	--	0.245666	0.299183	4	2.66649	12
4	--	0.190913	0.095435	5	2.76193	13
5	--	0.107744	0.229493	4	2.86967	14
4	--	0.160712	0.349567	3	3.03038	15
3	--	0.126993	0.253016	2	3.15737	16
2	--	0.146903	0.786808	1	3.30427	17
1	--	0.779084	0.841955	0	4.08335	18

test #61
8	--	0.23953	0.422465	7	0.23953	1
7	--	0.25512	0.249025	8	0.48855	2
8	--	0.355222	0.991563	7	0.84377	3
7	--	0.425966	0.207722	8	1.05149	4
8	--	0.74046	0.47207	9	1.52356	5
9	--	1.127464	1.072982	10	2.59654	6

test #62
8	--	0.364413	0.933578	7	0.36441	1
7	--	0.496695	0.530929	6	0.86111	2
6	--	0.629686	0.563937	7	1.42505	3
7	--	0.11458	0.482965	6	1.53963	4
6	--	0.647637	0.443543	7	1.98317	5
7	--	0.442949	0.588936	6	2.42612	6
6	--	0.416616	0.543555	5	2.84274	7
5	--	0.156338	0.424004	4	2.99908	8
4	--	0.496718	0.148384	5	3.14746	9
5	--	0.105939	0.459044	4	3.2534	10
4	--	0.389917	0.132039	5	3.38544	11
5	--	0.29085	0.166203	6	3.55164	12
6	--	0.150241	0.212949	5	3.70188	13
5	--	0.415169	0.210728	6	3.91261	14
6	--	0.476725	0.507652	5	4.38933	15
5	--	0.214929	0.110441	6	4.49977	16
6	--	0.473295	0.285165	7	4.78493	17
7	--	0.241279	0.367121	6	5.02621	18
6	--	0.470571	0.425111	7	5.45132	19
7	--	0.212561	0.251256	6	5.66388	20
6	--	0.259033	0.464928	5	5.92291	21
5	--	0.158076	0.099444	6	6.02235	22
6	--	0.41724	0.536789	5	6.43959	23
5	--	0.153487	0.216719	4	6.59308	24
4	--	0.104156	0.121337	3	6.69724	25
3	--	0.494352	0.271247	4	6.96849	26
4	--	0.590653	0.635559	3	7.55914	27
3	--	0.140214	0.20357	2	7.69935	28
2	--	0.757991	0.879336	1	8.45734	29
1	--	1.018947	0.801691	2	9.25903	30
2	--	0.385805	0.430007	1	9.64483	31
1	--	0.695419	0.806668	0	10.34025	32

test #63
8	--	0.465136	0.157306	9	0.15731	1
9	--	1.787096	0.922829	10	1.08014	2

test #64
8	--	0.601124	0.365524	9	0.36552	1
9	--	0.657162	0.82167	8	1.02268	2
8	--	0.265174	0.727821	7	1.28785	3
7	--	0.328754	0.16846	8	1.45631	4
8	--	0.37357	0.516988	7	1.82988	5
7	--	0.244323	0.349301	6	2.0742	6
6	--	0.617996	0.236839	7	2.31104	7
7	--	0.285909	0.635516	6	2.59695	8
6	--	0.63931	0.155703	7	2.75265	9
7	--	0.497784	0.337493	8	3.09014	10
8	--	0.839205	0.593574	9	3.68371	11
9	--	0.322267	0.593726	8	4.00598	12
8	--	0.737748	0.348518	9	4.3545	13
9	--	0.443056	0.304258	10	4.65876	14

test #65
8	--	0.285752	0.272188	9	0.27219	1
9	--	1.179734	1.410725	8	1.45192	2
8	--	0.459197	0.202872	9	1.65479	3
9	--	1.000744	0.828264	10	2.48305	4

test #66
8	--	0.956707	0.147317	9	0.14732	1
9	--	0.321069	0.71873	8	0.46839	2
8	--	0.164539	0.32217	7	0.63293	3
7	--	0.579935	0.733418	6	1.21287	4
6	--	0.545165	0.315029	7	1.5279	5
7	--	0.210856	0.419822	6	1.73876	6
6	--	0.266716	0.1001	7	1.83886	7
7	--	0.422369	0.441468	6	2.26123	8
6	--	0.337785	0.128183	7	2.38941	9
7	--	0.175021	0.215973	6	2.56443	10
6	--	0.669298	0.449753	7	3.01418	11
7	--	0.396918	0.52276	6	3.4111	12
6	--	0.317847	0.402374	5	3.72895	13
5	--	0.241706	0.421453	4	3.97066	14
4	--	0.236877	0.121495	5	4.09216	15
5	--	0.109073	0.611644	4	4.20123	16
4	--	0.477034	0.549938	3	4.67826	17
3	--	0.489203	0.579999	2	5.16746	18
2	--	0.189383	0.160987	3	5.32845	19
3	--	0.209394	0.259778	2	5.53784	20
2	--	0.881339	0.475592	3	6.01343	21
3	--	0.344146	0.312752	4	6.32618	22
4	--	0.484186	0.460061	5	6.78624	23
5	--	0.512969	0.198598	6	6.98484	24
6	--	0.307333	0.433394	5	7.29217	25
5	--	0.14992	0.282727	4	7.44209	26
4	--	0.118016	0.167119	3	7.56011	27
3	--	0.336941	0.750339	2	7.89705	28
2	--	0.238165	0.234198	3	8.13125	29
3	--	0.285526	0.719689	2	8.41678	30
2	--	0.501282	0.833574	1	8.91806	31
1	--	0.696327	1.237225	0	9.61439	32

test #67
8	--	0.801354	0.47307	9	0.47307	1
9	--	0.365006	0.908721	8	0.83808	2
8	--	0.522044	0.791849	7	1.36012	3
7	--	0.283028	0.717045	6	1.64315	4
6	--	0.398888	0.430834	5	2.04204	5
5	--	0.139734	0.107219	6	2.14926	6
6	--	0.132349	0.664975	5	2.28161	7
5	--	0.259154	0.204842	6	2.48645	8
6	--	0.396063	0.0938	7	2.58025	9
7	--	0.337135	0.579195	6	2.91739	10
6	--	0.446565	0.232962	7	3.15035	11
7	--	0.137017	0.283423	6	3.28737	12
6	--	0.447561	0.160865	7	3.44823	13
7	--	0.289782	0.330605	6	3.73801	14
6	--	0.572625	0.146903	7	3.88491	15
7	--	0.247223	0.146003	8	4.03091	16
8	--	0.819227	0.50199	9	4.5329	17
9	--	0.427872	0.77701	8	4.96077	18
8	--	0.618096	0.804468	7	5.57887	19
7	--	0.129991	0.331061	6	5.70886	20
6	--	0.12677	0.234123	5	5.83563	21
5	--	0.367907	0.236218	6	6.07185	22
6	--	0.109147	0.114823	5	6.181	23
5	--	0.242859	0.096041	6	6.27704	24
6	--	0.255733	0.432328	5	6.53277	25
5	--	0.555758	0.132903	6	6.66567	26
6	--	0.417763	0.383954	7	7.04962	27
7	--	0.531928	0.316282	8	7.3659	28
8	--	0.744494	0.762092	7	8.11039	29
7	--	0.140722	0.408774	6	8.25111	30
6	--	0.241337	0.341756	5	8.49245	31
5	--	0.112051	0.150334	4	8.6045	32
4	--	0.101617	0.210795	3	8.70612	33
3	--	0.484845	0.180087	4	8.88621	34
4	--	0.517172	0.374569	5	9.26078	35
5	--	0.620114	0.148287	6	9.40907	36
6	--	0.096549	0.204648	5	9.50562	37
5	--	0.324102	0.40493	4	9.82972	38
4	--	0.526331	0.363975	5	10.1937	39
5	--	0.541606	0.341551	6	10.53525	40
6	--	0.316768	0.415081	5	10.85202	41
5	--	0.197638	0.22266	4	11.04966	42
4	--	0.241776	0.572061	3	11.29144	43
3	--	0.464496	0.619158	2	11.75594	44
2	--	0.435929	0.181283	3	11.93722	45
3	--	0.413734	0.565405	2	12.35095	46
2	--	0.81321	0.781797	3	13.13275	47
3	--	0.450338	0.314275	4	13.44703	48
4	--	0.147049	0.340355	3	13.59408	49
3	--	0.109552	0.124172	2	13.70363	50
2	--	0.323866	0.139999	3	13.84363	51
3	--	0.355733	0.2883	4	14.13193	52
4	--	0.219563	0.277853	3	14.35149	53
3	--	0.166288	0.286901	2	14.51778	54
2	--	0.98378	0.23714	3	14.75492	55
3	--	0.163237	0.749031	2	14.91816	56
2	--	0.756585	0.224562	3	15.14272	57
3	--	0.106837	0.261555	2	15.24956	58
2	--	0.166038	0.523346	1	15.4156	59
1	--	0.715207	0.30914	2	15.72474	60
2	--	0.54564	0.530045	3	16.25478	61
3	--	0.604177	0.415944	4	16.67072	62
4	--	0.144639	0.143929	5	16.81465	63
5	--	0.128326	0.145223	4	16.94298	64
4	--	0.207172	0.265341	3	17.15015	65
3	--	0.49911	0.195287	4	17.34544	66
4	--	0.664443	0.220459	5	17.5659	67
5	--	0.34978	0.205666	6	17.77157	68
6	--	0.307049	0.139992	7	17.91156	69
7	--	0.35041	0.695577	6	18.26197	70
6	--	0.645653	0.405755	7	18.66773	71
7	--	0.178863	0.17255	8	18.84028	72
8	--	0.325534	0.833843	7	19.16581	73
7	--	0.244857	0.335101	6	19.41067	74
6	--	0.652664	0.167067	7	19.57774	75
7	--	0.301823	0.115817	8	19.69356	76
8	--	0.511092	0.352562	9	20.04612	77
9	--	0.573675	0.301555	10	20.34768	78

test #68
8	--	0.303965	0.668566	7	0.30396	1
7	--	0.674101	0.365075	8	0.66904	2
8	--	0.639075	0.612205	9	1.28124	3
9	--	0.440842	0.407314	10	1.68855	4

test #69
8	--	0.991095	1.003725	7	0.9911	1
7	--	0.408011	0.45071	6	1.39911	2
6	--	0.620567	0.196561	7	1.59567	3
7	--	0.164633	0.325518	6	1.7603	4
6	--	0.143454	0.447376	5	1.90375	5
5	--	0.089348	0.256461	4	1.9931	6
4	--	0.307525	0.6635	3	2.30062	7
3	--	0.505039	0.751385	2	2.80566	8
2	--	0.154001	0.216686	1	2.95966	9
1	--	0.765043	0.26461	2	3.22427	10
2	--	0.591303	0.295054	3	3.51932	11
3	--	0.487314	0.39219	4	3.91151	12
4	--	0.345942	0.321832	5	4.23334	13
5	--	0.549777	0.558906	4	4.78312	14
4	--	0.163856	0.099956	5	4.88308	15
5	--	0.127266	0.113803	6	4.99688	16
6	--	0.27747	0.284573	5	5.27435	17
5	--	0.355063	0.105387	6	5.37974	18
6	--	0.257699	0.11957	7	5.49931	19
7	--	0.546704	0.395035	8	5.89435	20
8	--	0.660313	0.553366	9	6.44772	21
9	--	0.331706	1.513257	8	6.77943	22
8	--	0.221953	0.271744	7	7.00138	23
7	--	0.180702	0.73936	6	7.18208	24
6	--	0.185612	0.531146	5	7.36769	25
5	--	0.294196	0.220647	6	7.58834	26
6	--	0.100768	0.142995	5	7.68911	27
5	--	0.357346	0.327158	6	8.01627	28
6	--	0.248626	0.149312	7	8.16558	29
7	--	0.658267	0.373965	8	8.53954	30
8	--	0.189176	0.432709	7	8.72872	31
7	--	0.191189	0.393118	6	8.91991	32
6	--	0.461995	0.331506	7	9.25142	33
7	--	0.179676	0.578282	6	9.4311	34
6	--	0.17246	0.312982	5	9.60356	35
5	--	0.586474	0.625945	4	10.19003	36
4	--	0.292888	0.563328	3	10.48292	37
3	--	0.158488	0.703588	2	10.64141	38
2	--	0.324754	0.616704	1	10.96616	39
1	--	0.692124	0.480998	2	11.44716	40
2	--	0.891596	0.778746	3	12.22591	41
3	--	0.210274	0.344772	2	12.43618	42
2	--	0.368678	0.268419	3	12.7046	43
3	--	0.391992	0.27695	4	12.98155	44
4	--	0.134393	0.344872	3	13.11594	45
3	--	0.135195	0.225558	2	13.25114	46
2	--	0.443038	0.600187	1	13.69418	47
1	--	0.848003	0.852419	0	14.54218	48

test #70
8	--	0.293214	0.613247	7	0.29321	1
7	--	0.225777	0.522331	6	0.51899	2
6	--	0.56592	0.367432	7	0.88642	3
7	--	0.300186	0.20777	8	1.09419	4
8	--	0.792223	0.28354	9	1.37773	5
9	--	1.615752	0.621465	10	1.9992	6

test #71
8	--	0.776869	0.937519	7	0.77687	1
7	--	0.134352	0.508318	6	0.91122	2
6	--	0.170191	0.487569	5	1.08141	3
5	--	0.237495	0.553998	4	1.31891	4
4	--	0.589701	0.536313	5	1.85522	5
5	--	0.179867	0.588412	4	2.03509	6
4	--	0.509693	0.10506	5	2.14015	7
5	--	0.47863	0.207423	6	2.34757	8
6	--	0.316183	0.228177	7	2.57575	9
7	--	0.19561	0.10923	8	2.68498	10
8	--	0.762046	0.908159	7	3.44703	11
7	--	0.173105	0.138924	8	3.58595	12
8	--	0.498245	0.275366	9	3.86132	13
9	--	0.6543	1.085113	8	4.51562	14
8	--	0.599144	0.352051	9	4.86767	15
9	--	1.599422	0.625	10	5.49267	16

test #72
8	--	0.817588	0.694316	9	0.69432	1
9	--	0.271552	0.536986	8	0.96587	2
8	--	0.300964	0.587991	7	1.26683	3
7	--	0.24511	0.363348	6	1.51194	4
6	--	0.150905	0.228047	5	1.66285	5
5	--	0.634351	0.262396	6	1.92525	6
6	--	0.116427	0.174921	5	2.04168	7
5	--	0.310489	0.453194	4	2.35217	8
4	--	0.284954	0.120472	5	2.47264	9
5	--	0.105963	0.199959	4	2.5786	10
4	--	0.289358	0.379114	3	2.86796	11
3	--	0.208109	0.752981	2	3.07607	12
2	--	0.277192	0.383186	1	3.35326	13
1	--	0.97617	1.692209	0	4.32943	14

test #73
8	--	0.590845	0.233207	9	0.23321	1
9	--	0.417386	1.588866	8	0.6506	2
8	--	0.181696	0.145348	9	0.79595	3
9	--	0.543277	1.773935	8	1.33923	4
8	--	0.346846	0.383538	7	1.68608	5
7	--	0.613808	0.323598	8	2.00968	6
8	--	0.394049	0.571095	7	2.40373	7
7	--	0.741817	0.270757	8	2.67449	8
8	--	0.401576	0.760363	7	3.07607	9
7	--	0.209673	0.40084	6	3.28574	10
6	--	0.186212	0.244759	5	3.47195	11
5	--	0.208731	0.311283	4	3.68068	12
4	--	0.407538	0.616407	3	4.08822	13
3	--	0.166556	0.570227	2	4.25478	14
2	--	0.608953	0.220578	3	4.47536	15
3	--	0.742249	0.756278	2	5.21761	16
2	--	0.696744	0.745791	1	5.91435	17
1	--	1.111972	1.189566	0	7.02632	18

test #74
8	--	0.517296	0.635446	7	0.5173	1
7	--	0.143498	0.580722	6	0.6608	2
6	--	0.357059	0.150888	7	0.81169	3
7	--	0.501457	0.625605	6	1.31315	4
6	--	0.355664	0.154274	7	1.46742	5
7	--	0.334636	0.114541	8	1.58196	6
8	--	0.205932	0.210223	7	1.78789	7
7	--	0.43789	0.259451	8	2.04734	8
8	--	0.961732	0.598586	9	2.64593	9
9	--	1.192892	0.971493	10	3.61742	10

test #75
8	--	0.366766	0.343276	9	0.34328	1
9	--	0.772852	0.452863	10	0.79614	2

test #76
8	--	0.471098	0.190155	9	0.19016	1
9	--	0.800393	1.024032	8	0.99055	2
8	--	0.318411	0.5498	7	1.30896	3
7	--	0.261317	0.349115	6	1.57028	4
6	--	0.288059	0.420433	5	1.85834	5
5	--	0.174016	0.525625	4	2.03236	6
4	--	0.48248	0.228558	5	2.26092	7
5	--	0.595109	0.423864	6	2.68478	8
6	--	0.627516	0.224075	7	2.90886	9
7	--	0.170708	0.302448	6	3.07957	10
6	--	0.602285	0.264636	7	3.34421	11
7	--	0.26475	0.200101	8	3.54431	12
8	--	0.873995	0.580656	9	4.12497	13
9	--	0.615262	1.374171	8	4.74023	14
8	--	0.632015	0.603193	9	5.34342	15
9	--	0.554377	0.775072	8	5.8978	16
8	--	0.210235	0.747872	7	6.10804	17
7	--	0.116092	0.14578	6	6.22413	18
6	--	0.596437	0.219667	7	6.4438	19
7	--	0.73883	0.417657	8	6.86146	20
8	--	0.377181	0.798306	7	7.23864	21
7	--	0.50084	0.667215	6	7.73948	22
6	--	0.335741	0.492359	5	8.07522	23
5	--	0.326507	0.14445	6	8.21967	24
6	--	0.254758	0.49375	5	8.47443	25
5	--	0.09961	0.386398	4	8.57404	26
4	--	0.222629	0.624283	3	8.79667	27
3	--	0.654303	0.491306	4	9.28798	28
4	--	0.165425	0.224187	3	9.4534	29
3	--	0.309775	0.533701	2	9.76318	30
2	--	0.675129	0.862519	1	10.43831	31
1	--	0.513458	0.846179	0	10.95177	32

test #77
8	--	0.174239	0.885498	7	0.17424	1
7	--	0.381937	0.46783	6	0.55618	2
6	--	0.168461	0.386117	5	0.72464	3
5	--	0.346597	0.203436	6	0.92808	4
6	--	0.643996	0.506111	7	1.43419	5
7	--	0.556056	0.228627	8	1.66282	6
8	--	0.532266	0.581257	7	2.19509	7
7	--	0.14837	0.25172	6	2.34346	8
6	--	0.147244	0.323721	5	2.4907	9
5	--	0.499103	0.635742	4	2.9898	10
4	--	0.594871	0.262331	5	3.25213	11
5	--	0.506621	0.576998	4	3.75875	12
4	--	0.168648	0.095593	5	3.85434	13
5	--	0.158018	0.098636	6	3.95298	14
6	--	0.412736	0.098521	7	4.0515	15
7	--	0.37714	0.297344	8	4.34884	16
8	--	0.654212	0.161228	9	4.51007	17
9	--	1.322895	1.643865	8	5.83297	18
8	--	0.255862	0.592647	7	6.08883	19
7	--	0.411382	0.19911	8	6.28794	20
8	--	0.409787	0.245761	9	6.5337	21
9	--	0.9388	0.375088	10	6.90879	22

test #78
8	--	0.479919	0.325197	9	0.3252	1
9	--	0.292457	0.391698	8	0.61766	2
8	--	0.192418	0.177349	9	0.79501	3
9	--	0.411074	1.046067	8	1.20608	4
8	--	0.351635	0.30249	9	1.50857	5
9	--	1.125359	0.891061	10	2.39963	6

test #79
8	--	0.586246	0.197404	9	0.1974	1
9	--	0.89375	0.470802	10	0.6682	2

test #80
8	--	0.293751	0.51802	7	0.29375	1
7	--	0.114574	0.679944	6	0.40832	2
6	--	0.50669	0.313319	7	0.72164	3
7	--	0.645336	0.459143	8	1.18078	4
8	--	0.216112	0.183849	9	1.36463	5
9	--	0.572163	1.664987	8	1.93679	6
8	--	0.447202	0.302686	9	2.23948	7
9	--	0.89764	0.433353	10	2.67283	8

test #81
8	--	0.226646	0.589496	7	0.22665	1
7	--	0.13526	0.471339	6	0.36191	2
6	--	0.564812	0.108661	7	0.47057	3
7	--	0.577471	0.425095	8	0.89567	4
8	--	0.721128	0.167226	9	1.0629	5
9	--	0.997171	0.78611	10	1.84901	6

test #82
8	--	0.566021	0.275557	9	0.27556	1
9	--	0.462343	0.623752	8	0.7379	2
8	--	0.713686	0.783124	7	1.45159	3
7	--	0.315707	0.197533	8	1.64912	4
8	--	0.735761	0.310459	9	1.95958	5
9	--	0.542708	0.257624	10	2.2172	6

test #83
8	--	0.945376	0.492511	9	0.49251	1
9	--	1.030163	1.414677	8	1.52267	2
8	--	0.850883	0.555216	9	2.07789	3
9	--	0.386523	0.269715	10	2.34761	4

test #84
8	--	0.70387	0.55464	9	0.55464	1
9	--	1.49932	0.372745	10	0.92738	2

test #85
8	--	0.159231	0.372636	7	0.15923	1
7	--	0.570012	0.192353	8	0.35158	2
8	--	0.691102	0.789139	7	1.04268	3
7	--	0.388853	0.415886	6	1.43153	4
6	--	0.447018	0.25782	7	1.68935	5
7	--	0.253997	0.48488	6	1.94335	6
6	--	0.22237	0.118642	7	2.06199	7
7	--	0.747249	0.243435	8	2.30543	8
8	--	0.157024	0.215161	7	2.46245	9
7	--	0.362027	0.201505	8	2.66395	10
8	--	0.158685	0.487804	7	2.82263	11
7	--	0.321457	0.110083	8	2.93271	12
8	--	0.454344	0.630414	7	3.38705	13
7	--	0.441008	0.330218	8	3.71727	14
8	--	0.185028	0.347238	7	3.9023	15
7	--	0.371131	0.668954	6	4.27343	16
6	--	0.328557	0.338381	5	4.60199	17
5	--	0.22616	0.315948	4	4.82815	18
4	--	0.574539	0.55596	5	5.38411	19
5	--	0.173007	0.213566	4	5.55712	20
4	--	0.09415	0.216657	3	5.65127	21
3	--	0.138436	0.412627	2	5.78971	22
2	--	0.393397	0.155648	3	5.94536	23
3	--	0.153039	0.117836	4	6.0632	24
4	--	0.150038	0.110705	5	6.1739	25
5	--	0.109549	0.19413	4	6.28345	26
4	--	0.115629	0.372634	3	6.39908	27
3	--	0.408128	0.333835	4	6.73292	28
4	--	0.212384	0.191387	5	6.92431	29
5	--	0.116667	0.272837	4	7.04098	30
4	--	0.276761	0.243778	5	7.28476	31
5	--	0.146401	0.353896	4	7.43116	32
4	--	0.114674	0.09499	5	7.52615	33
5	--	0.262667	0.530002	4	7.78882	34
4	--	0.574557	0.264112	5	8.05293	35
5	--	0.219182	0.153159	6	8.20609	36
6	--	0.1946	0.293621	5	8.40069	37
5	--	0.107952	0.373447	4	8.50864	38
4	--	0.3149	0.493374	3	8.82354	39
3	--	0.544817	0.47964	4	9.30318	40
4	--	0.61165	0.344763	5	9.64794	41
5	--	0.30911	0.375332	4	9.95705	42
4	--	0.27731	0.311589	3	10.23436	43
3	--	0.232032	0.167662	4	10.40202	44
4	--	0.433047	0.42452	5	10.82654	45
5	--	0.263833	0.404575	4	11.09037	46
4	--	0.117032	0.25168	3	11.2074	47
3	--	0.194284	0.124129	4	11.33153	48
4	--	0.457087	0.562352	3	11.78862	49
3	--	0.413239	0.163717	4	11.95234	50
4	--	0.178952	0.602335	3	12.13129	51
3	--	0.131386	0.633162	2	12.26268	52
2	--	0.385879	0.52638	1	12.64856	53
1	--	1.118232	1.420688	0	13.76679	54

test #86
8	--	0.839601	0.902399	7	0.8396	1
7	--	0.410342	0.276522	8	1.11612	2
8	--	0.201319	0.337465	7	1.31744	3
7	--	0.156738	0.128486	8	1.44593	4
8	--	0.697161	0.148974	9	1.5949	5
9	--	0.784962	0.726906	10	2.32181	6

test #87
8	--	0.304061	0.383132	7	0.30406	1
7	--	0.338066	0.572916	6	0.64213	2
6	--	0.409101	0.242537	7	0.88467	3
7	--	0.718594	0.323939	8	1.20861	4
8	--	0.209979	0.636669	7	1.41859	5
7	--	0.13884	0.395884	6	1.55743	6
6	--	0.638483	0.117932	7	1.67536	7
7	--	0.412578	0.464906	6	2.08794	8
6	--	0.348046	0.503125	5	2.43599	9
5	--	0.628404	0.234453	6	2.67044	10
6	--	0.17578	0.101502	7	2.77194	11
7	--	0.180429	0.737395	6	2.95237	12
6	--	0.434884	0.143667	7	3.09604	13
7	--	0.565309	0.390615	8	3.48666	14
8	--	0.821719	0.652791	9	4.13945	15
9	--	0.299655	0.631762	8	4.43911	16
8	--	0.316489	0.728511	7	4.7556	17
7	--	0.271893	0.21287	8	4.96847	18
8	--	0.8101	0.551435	9	5.51991	19
9	--	1.489546	0.422507	10	5.94242	20

test #88
8	--	0.394448	0.574831	7	0.39445	1
7	--	0.170271	0.37633	6	0.56472	2
6	--	0.220434	0.132024	7	0.69674	3
7	--	0.309661	0.486741	6	1.0064	4
6	--	0.207375	0.253	5	1.21378	5
5	--	0.519211	0.528873	4	1.73299	6
4	--	0.183232	0.158435	5	1.89143	7
5	--	0.563262	0.098594	6	1.99002	8
6	--	0.396128	0.359625	7	2.34964	9
7	--	0.122208	0.126696	6	2.47185	10
6	--	0.130837	0.169826	5	2.60269	11
5	--	0.116305	0.287539	4	2.71899	12
4	--	0.392007	0.480819	3	3.111	13
3	--	0.333685	0.306993	4	3.41799	14
4	--	0.199501	0.112472	5	3.53046	15
5	--	0.479764	0.209465	6	3.73992	16
6	--	0.123889	0.402331	5	3.86381	17
5	--	0.254923	0.42443	4	4.11873	18
4	--	0.329307	0.60649	3	4.44804	19
3	--	0.272587	0.108878	4	4.55692	20
4	--	0.133087	0.555955	3	4.69001	21
3	--	0.468818	0.184353	4	4.87436	22
4	--	0.107584	0.263396	3	4.98194	23
3	--	0.701487	0.283745	4	5.26569	24
4	--	0.443325	0.206511	5	5.4722	25
5	--	0.193911	0.400935	4	5.66611	26
4	--	0.315605	0.133606	5	5.79972	27
5	--	0.12941	0.504809	4	5.92913	28
4	--	0.493303	0.363758	5	6.29289	29
5	--	0.420305	0.392578	6	6.68547	30
6	--	0.622862	0.380738	7	7.06621	31
7	--	0.40088	0.160628	8	7.22684	32
8	--	0.421209	0.455766	7	7.64805	33
7	--	0.196224	0.347938	6	7.84427	34
6	--	0.127788	0.283959	5	7.97206	35
5	--	0.331097	0.470512	4	8.30316	36
4	--	0.638525	0.472709	5	8.77587	37
5	--	0.250576	0.120539	6	8.89641	38
6	--	0.277334	0.145175	7	9.04159	39
7	--	0.539756	0.313007	8	9.3546	40
8	--	0.458525	0.172487	9	9.52709	41
9	--	0.471277	0.547205	8	9.99837	42
8	--	0.337126	0.259062	9	10.25743	43
9	--	0.976446	1.252508	8	11.23388	44
8	--	0.294133	0.576184	7	11.52801	45
7	--	0.390894	0.372989	8	11.901	46
8	--	0.33898	0.577158	7	12.23998	47
7	--	0.453092	0.195438	8	12.43542	48
8	--	0.233154	0.771984	7	12.66857	49
7	--	0.219291	0.22023	6	12.88786	50
6	--	0.301186	0.151028	7	13.03889	51
7	--	0.412666	0.764094	6	13.45156	52
6	--	0.157006	0.180283	5	13.60857	53
5	--	0.429854	0.34049	6	13.94906	54
6	--	0.223666	0.109407	7	14.05847	55
7	--	0.507614	0.14182	8	14.20029	56
8	--	0.403827	0.145184	9	14.34547	57
9	--	0.983947	0.74943	10	15.0949	58

test #89
8	--	0.546636	0.821879	7	0.54664	1
7	--	0.298008	0.611469	6	0.84465	2
6	--	0.173162	0.333806	5	1.01781	3
5	--	0.403381	0.35691	6	1.37472	4
6	--	0.121981	0.121329	7	1.49605	5
7	--	0.650004	0.255205	8	1.75125	6
8	--	0.622206	0.248433	9	1.99968	7
9	--	1.770077	1.67624	10	3.67592	8

test #90
8	--	0.424761	0.458427	7	0.42476	1
7	--	0.616514	0.47672	8	0.90148	2
8	--	0.63937	0.30539	9	1.20687	3
9	--	1.67354	0.524302	10	1.73117	4

test #91
8	--	0.636436	0.867454	7	0.63644	1
7	--	0.109238	0.120076	6	0.74568	2
6	--	0.387066	0.171176	7	0.91686	3
7	--	0.13172	0.263082	6	1.04858	4
6	--	0.224687	0.171584	7	1.22016	5
7	--	0.457981	0.165375	8	1.38554	6
8	--	0.743795	0.436395	9	1.82194	7
9	--	1.377614	1.681807	8	3.19955	8
8	--	0.240968	0.541292	7	3.44052	9
7	--	0.423188	0.607205	6	3.86371	10
6	--	0.452197	0.107456	7	3.97117	11
7	--	0.460891	0.266413	8	4.23758	12
8	--	0.964146	0.200783	9	4.43836	13
9	--	0.581333	0.288165	10	4.72652	14

test #92
8	--	0.553674	0.166887	9	0.16689	1
9	--	1.312105	1.480993	8	1.47899	2
8	--	0.190532	0.375386	7	1.66952	3
7	--	0.17712	0.394063	6	1.84664	4
6	--	0.392315	0.323676	7	2.17032	5
7	--	0.576259	0.319845	8	2.49016	6
8	--	0.291072	0.871647	7	2.78123	7
7	--	0.14622	0.484391	6	2.92745	8
6	--	0.168176	0.423587	5	3.09563	9
5	--	0.619515	0.434539	6	3.53017	10
6	--	0.160984	0.494471	5	3.69115	11
5	--	0.460826	0.167835	6	3.85899	12
6	--	0.275022	0.43832	5	4.13401	13
5	--	0.173133	0.120409	6	4.25442	14
6	--	0.157761	0.325267	5	4.41218	15
5	--	0.172704	0.390523	4	4.58488	16
4	--	0.286915	0.399409	3	4.87179	17
3	--	0.15202	0.340418	2	5.02381	18
2	--	0.347597	0.193879	3	5.21769	19
3	--	0.324256	0.343204	2	5.54195	20
2	--	0.407942	0.613748	1	5.94989	21
1	--	0.957899	1.388053	0	6.90779	22

test #93
8	--	0.633885	0.448402	9	0.4484	1
9	--	0.463248	0.529596	8	0.91165	2
8	--	0.873268	0.724035	9	1.63569	3
9	--	0.524913	1.371023	8	2.1606	4
8	--	0.574168	0.573398	9	2.734	5
9	--	1.313379	0.597343	10	3.33134	6

test #94
8	--	0.174062	0.2549	7	0.17406	1
7	--	0.113232	0.704044	6	0.28729	2
6	--	0.117432	0.668391	5	0.40472	3
5	--	0.474612	0.484127	4	0.87933	4
4	--	0.195563	0.149556	5	1.02889	5
5	--	0.627955	0.280673	6	1.30956	6
6	--	0.101071	0.135451	5	1.41063	7
5	--	0.488075	0.403238	6	1.81387	8
6	--	0.582465	0.133649	7	1.94752	9
7	--	0.395587	0.6137	6	2.34311	10
6	--	0.39078	0.557369	5	2.73389	11
5	--	0.363826	0.186928	6	2.92082	12
6	--	0.196228	0.124992	7	3.04581	13
7	--	0.415544	0.216038	8	3.26185	14
8	--	0.730938	0.193337	9	3.45519	15
9	--	1.493927	1.009961	10	4.46515	16

test #95
8	--	0.178326	0.589153	7	0.17833	1
7	--	0.274218	0.336007	6	0.45255	2
6	--	0.362265	0.319157	7	0.77171	3
7	--	0.730007	0.704428	8	1.47614	4
8	--	0.389577	0.519416	7	1.86572	5
7	--	0.28964	0.323992	6	2.15536	6
6	--	0.308269	0.114459	7	2.26982	7
7	--	0.661337	0.222914	8	2.49273	8
8	--	0.290711	0.699395	7	2.78344	9
7	--	0.679483	0.642129	8	3.42557	10
8	--	0.497039	0.831384	7	3.92261	11
7	--	0.207335	0.581368	6	4.12995	12
6	--	0.15004	0.350014	5	4.27999	13
5	--	0.274776	0.278802	4	4.55477	14
4	--	0.289032	0.398937	3	4.8438	15
3	--	0.613398	0.497472	4	5.34127	16
4	--	0.489893	0.172523	5	5.51379	17
5	--	0.167537	0.306934	4	5.68133	18
4	--	0.374254	0.38482	3	6.05558	19
3	--	0.470093	0.138818	4	6.1944	20
4	--	0.138557	0.212596	3	6.33296	21
3	--	0.205979	0.526706	2	6.53894	22
2	--	0.854255	0.371961	3	6.9109	23
3	--	0.701718	0.341147	4	7.25205	24
4	--	0.111969	0.209821	3	7.36402	25
3	--	0.201845	0.119261	4	7.48328	26
4	--	0.124322	0.357296	3	7.6076	27
3	--	0.197561	0.234917	2	7.80516	28
2	--	0.206031	0.16996	3	7.97512	29
3	--	0.159009	0.561586	2	8.13413	30
2	--	0.583154	0.675092	1	8.71728	31
1	--	0.760006	0.507653	2	9.22493	32
2	--	0.419973	0.320027	3	9.54496	33
3	--	0.480921	0.423837	4	9.9688	34
4	--	0.184696	0.579796	3	10.1535	35
3	--	0.470876	0.110104	4	10.2636	36
4	--	0.54499	0.125908	5	10.38951	37
5	--	0.258031	0.464708	4	10.64754	38
4	--	0.135844	0.098464	5	10.746	39
5	--	0.629528	0.243524	6	10.98952	40
6	--	0.369982	0.411855	5	11.3595	41
5	--	0.183219	0.444152	4	11.54272	42
4	--	0.54618	0.616846	3	12.0889	43
3	--	0.365427	0.174255	4	12.26316	44
4	--	0.658289	0.63364	5	12.8968	45
5	--	0.149829	0.291402	4	13.04663	46
4	--	0.222103	0.09346	5	13.14009	47
5	--	0.137567	0.239437	4	13.27766	48
4	--	0.344302	0.533506	3	13.62196	49
3	--	0.194562	0.562886	2	13.81652	50
2	--	0.189324	0.725085	1	14.00584	51
1	--	0.365043	0.96921	0	14.37088	52

test #96
8	--	0.161197	0.847172	7	0.1612	1
7	--	0.117966	0.441668	6	0.27917	2
6	--	0.351106	0.581924	5	0.63028	3
5	--	0.461731	0.498271	4	1.09201	4
4	--	0.246928	0.253244	3	1.33894	5
3	--	0.294711	0.697543	2	1.63365	6
2	--	0.167469	0.402192	1	1.80112	7
1	--	1.692649	0.596191	2	2.39731	8
2	--	0.360692	0.339652	3	2.73696	9
3	--	0.179789	0.1751	4	2.91206	10
4	--	0.14254	0.153225	3	3.0546	11
3	--	0.515977	0.367408	4	3.42201	12
4	--	0.24677	0.662364	3	3.66878	13
3	--	0.453818	0.342736	4	4.01152	14
4	--	0.566783	0.241371	5	4.25289	15
5	--	0.105482	0.122471	4	4.35837	16
4	--	0.110522	0.485783	3	4.46889	17
3	--	0.150194	0.412921	2	4.61908	18
2	--	0.706094	0.206512	3	4.82559	19
3	--	0.287692	0.432478	2	5.11328	20
2	--	0.327952	0.773659	1	5.44123	21
1	--	0.487708	0.304263	2	5.74549	22
2	--	0.585952	0.479845	3	6.22533	23
3	--	0.46325	0.275304	4	6.50063	24
4	--	0.482892	0.099349	5	6.59998	25
5	--	0.173856	0.365308	4	6.77384	26
4	--	0.333818	0.472749	3	7.10766	27
3	--	0.273277	0.596315	2	7.38094	28
2	--	0.330113	0.417079	1	7.71105	29
1	--	0.479017	0.948761	0	8.19007	30

test #97
8	--	0.598464	0.383843	9	0.38384	1
9	--	1.270139	0.721551	10	1.10539	2

test #98
8	--	0.596846	0.789788	7	0.59685	1
7	--	0.327042	0.144631	8	0.74148	2
8	--	0.161152	0.823784	7	0.90263	3
7	--	0.119243	0.226459	6	1.02187	4
6	--	0.132361	0.357736	5	1.15423	5
5	--	0.183119	0.488526	4	1.33735	6
4	--	0.108495	0.521731	3	1.44585	7
3	--	0.154303	0.151568	4	1.59742	8
4	--	0.277853	0.428783	3	1.87527	9
3	--	0.416985	0.439643	2	2.29225	10
2	--	0.626706	0.711093	1	2.91896	11
1	--	0.681498	0.379664	2	3.29862	12
2	--	0.689362	0.395555	3	3.69418	13
3	--	0.323295	0.16278	4	3.85696	14
4	--	0.463951	0.560735	3	4.32091	15
3	--	0.245956	0.51181	2	4.56687	16
2	--	0.608413	0.890703	1	5.17528	17
1	--	1.129519	0.885734	2	6.06101	18
2	--	0.469331	0.714184	1	6.53034	19
1	--	0.52147	1.131505	0	7.05181	20

test #99
8	--	0.18417	0.1656	9	0.1656	1
9	--	1.040225	0.546216	10	0.71182	2
