N_times
i	r_arr		v_i_n	tau_i
0	[0.05072954]	0.01662	0.01831
1	[0.0469718]	0.02269	0.03816
2	[0.0142593]	0.00876	0.01089
3	[0.00814817]	0.00575	0.00653
4	[0.00679014]	0.0058	0.00588
5	[0.00760496]	0.00749	0.00745
6	[0.0112346]	0.01351	0.01302
7	[0.02246919]	0.02875	0.02763
8	[0.06654338]	0.08326	0.08681
9	[0.38024791]	0.43537	0.51912
10	[0.38500101]	0.372	0.26619
N_avar=9478.0
T_avar=[1272.74235]

Average number of individs A1:
r_arr:[8.1944]
v_i_n_test:8.70483
tau_i_test:8.44029
Max_v_i_differ=0.42858
Max_tau_i_differ:0.51233
R_i_n2:=[ 157.  215.   83.   55.   55.   72.  128.  272.  789. 4126. 3525.]
v_i_n2:[0.01662 0.02269 0.00876 0.00575 0.0058  0.00749 0.01351 0.02875 0.08326
 0.43537 0.372  ]
tau_i2:[0.01831 0.03816 0.01089 0.00653 0.00588 0.00745 0.01302 0.02763 0.08681
 0.51912 0.26619]
