N_times
i	r_arr		v_i_n	tau_i
0	[0.05072954]	0.02673	0.02972
1	[0.0469718]	0.03474	0.05315
2	[0.0142593]	0.01214	0.01517
3	[0.00814817]	0.00715	0.00779
4	[0.00679014]	0.00633	0.0067
5	[0.00760496]	0.00837	0.00784
6	[0.0112346]	0.01465	0.01409
7	[0.02246919]	0.02972	0.03012
8	[0.06654338]	0.08116	0.08791
9	[0.38024791]	0.42006	0.49642
10	[0.38500101]	0.35893	0.25111
N_avar=9708.0
T_avar=[1317.69033]

Average number of individs A1:
r_arr:[8.1944]
v_i_n_test:8.4627
tau_i_test:8.1504
Max_v_i_differ=0.41327
Max_tau_i_differ:0.48963
R_i_n2:=[ 269.  350.  122.   70.   63.   82.  145.  291.  786. 4060. 3468.]
v_i_n2:[0.02673 0.03474 0.01214 0.00715 0.00633 0.00837 0.01465 0.02972 0.08116
 0.42006 0.35893]
tau_i2:[0.02972 0.05315 0.01517 0.00779 0.0067  0.00784 0.01409 0.03012 0.08791
 0.49642 0.25111]
