N_times
i	r_arr		v_i_n	tau_i
0	[0.05072954]	0.03226	0.03508
1	[0.0469718]	0.04152	0.06243
2	[0.0142593]	0.01476	0.01882
3	[0.00814817]	0.00913	0.00993
4	[0.00679014]	0.00767	0.00726
5	[0.00760496]	0.01022	0.00961
6	[0.0112346]	0.01612	0.01559
7	[0.02246919]	0.0314	0.03098
8	[0.06654338]	0.08253	0.08987
9	[0.38024791]	0.40772	0.47843
10	[0.38500101]	0.34666	0.242
N_avar=10014.0
T_avar=[1372.12357]

Average number of individs A1:
r_arr:[8.1944]
v_i_n_test:8.29305
tau_i_test:7.96218
Max_v_i_differ=0.40093
Max_tau_i_differ:0.47164
R_i_n2:=[ 324.  416.  148.   91.   77.  102.  161.  314.  827. 4082. 3471.]
v_i_n2:[0.03226 0.04152 0.01476 0.00913 0.00767 0.01022 0.01612 0.0314  0.08253
 0.40772 0.34666]
tau_i2:[0.03508 0.06243 0.01882 0.00993 0.00726 0.00961 0.01559 0.03098 0.08987
 0.47843 0.242  ]
