N_times
i	r_arr		v_i_n	tau_i
0	[0.05072954]	0.03809	0.04258
1	[0.0469718]	0.04862	0.07662
2	[0.0142593]	0.01727	0.02373
3	[0.00814817]	0.01271	0.01397
4	[0.00679014]	0.01084	0.01185
5	[0.00760496]	0.01014	0.00995
6	[0.0112346]	0.01418	0.01279
7	[0.02246919]	0.02764	0.02863
8	[0.06654338]	0.07626	0.07975
9	[0.38024791]	0.40093	0.46167
10	[0.38500101]	0.34329	0.23847
N_avar=10696.0
T_avar=[1463.71914]

Average number of individs A1:
r_arr:[8.1944]
v_i_n_test:8.14526
tau_i_test:7.71802
Max_v_i_differ=0.39414
Max_tau_i_differ:0.45488
R_i_n2:=[ 408.  520.  184.  135.  115.  108.  151.  295.  816. 4289. 3672.]
v_i_n2:[0.03809 0.04862 0.01727 0.01271 0.01084 0.01014 0.01418 0.02764 0.07626
 0.40093 0.34329]
tau_i2:[0.04258 0.07662 0.02373 0.01397 0.01185 0.00995 0.01279 0.02863 0.07975
 0.46167 0.23847]
