N_times
i	r_arr		v_i_n	tau_i
0	[0.05072954]	0.03716	0.04132
1	[0.0469718]	0.04938	0.07566
2	[0.0142593]	0.01927	0.02294
3	[0.00814817]	0.01211	0.01338
4	[0.00679014]	0.00885	0.00877
5	[0.00760496]	0.00964	0.00895
6	[0.0112346]	0.01455	0.01513
7	[0.02246919]	0.02725	0.02668
8	[0.06654338]	0.07557	0.0807
9	[0.38024791]	0.40161	0.46253
10	[0.38500101]	0.34459	0.24393
N_avar=10425.0
T_avar=[1428.17937]

Average number of individs A1:
r_arr:[8.1944]
v_i_n_test:8.15085
tau_i_test:7.76672
Max_v_i_differ=0.39482
Max_tau_i_differ:0.45574
R_i_n2:=[ 399.  529.  207.  130.   94.  102.  152.  282.  785. 4170. 3578.]
v_i_n2:[0.03716 0.04938 0.01927 0.01211 0.00885 0.00964 0.01455 0.02725 0.07557
 0.40161 0.34459]
tau_i2:[0.04132 0.07566 0.02294 0.01338 0.00877 0.00895 0.01513 0.02668 0.0807
 0.46253 0.24393]
