N_times
i	r_arr		v_i_n	tau_i
0	[0.05072954]	0.03991	0.04352
1	[0.0469718]	0.05169	0.07843
2	[0.0142593]	0.01804	0.02233
3	[0.00814817]	0.0117	0.01241
4	[0.00679014]	0.00995	0.01023
5	[0.00760496]	0.00973	0.00925
6	[0.0112346]	0.01404	0.01304
7	[0.02246919]	0.02707	0.02572
8	[0.06654338]	0.07786	0.08129
9	[0.38024791]	0.39979	0.46796
10	[0.38500101]	0.3402	0.23581
N_avar=10285.0
T_avar=[1421.58666]

Average number of individs A1:
r_arr:[8.1944]
v_i_n_test:8.10804
tau_i_test:7.72583
Max_v_i_differ=0.393
Max_tau_i_differ:0.46117
R_i_n2:=[ 415.  537.  188.  121.  103.  101.  144.  278.  800. 4105. 3493.]
v_i_n2:[0.03991 0.05169 0.01804 0.0117  0.00995 0.00973 0.01404 0.02707 0.07786
 0.39979 0.3402 ]
tau_i2:[0.04352 0.07843 0.02233 0.01241 0.01023 0.00925 0.01304 0.02572 0.08129
 0.46796 0.23581]
