N_times
i	r_arr		v_i_n	tau_i
0	[0.05072954]	0.04236	0.045
1	[0.0469718]	0.05555	0.08727
2	[0.0142593]	0.02142	0.02697
3	[0.00814817]	0.0133	0.01485
4	[0.00679014]	0.00981	0.00947
5	[0.00760496]	0.01104	0.0102
6	[0.0112346]	0.01637	0.01478
7	[0.02246919]	0.02841	0.02773
8	[0.06654338]	0.07687	0.07826
9	[0.38024791]	0.39176	0.45748
10	[0.38500101]	0.3331	0.22799
N_avar=10336.0
T_avar=[1434.30123]

Average number of individs A1:
r_arr:[8.1944]
v_i_n_test:8.00162
tau_i_test:7.58073
Max_v_i_differ=0.38497
Max_tau_i_differ:0.45069
R_i_n2:=[ 438.  576.  222.  138.  102.  115.  170.  294.  794. 4047. 3441.]
v_i_n2:[0.04236 0.05555 0.02142 0.0133  0.00981 0.01104 0.01637 0.02841 0.07687
 0.39176 0.3331 ]
tau_i2:[0.045   0.08727 0.02697 0.01485 0.00947 0.0102  0.01478 0.02773 0.07826
 0.45748 0.22799]
