N_times
i	r_arr		v_i_n	tau_i
0	[0.05072954]	0.01998	0.02248
1	[0.0469718]	0.02632	0.0424
2	[0.0142593]	0.00962	0.01191
3	[0.00814817]	0.00645	0.00725
4	[0.00679014]	0.0057	0.00597
5	[0.00760496]	0.00707	0.00682
6	[0.0112346]	0.01359	0.01291
7	[0.02246919]	0.02992	0.03002
8	[0.06654338]	0.08481	0.08966
9	[0.38024791]	0.43028	0.51498
10	[0.38500101]	0.36624	0.2556
N_avar=9884.0
T_avar=[1348.09048]

Average number of individs A1:
r_arr:[8.1944]
v_i_n_test:8.62744
tau_i_test:8.34165
Max_v_i_differ=0.42349
Max_tau_i_differ:0.50819
R_i_n2:=[ 205.  269.   97.   64.   57.   70.  134.  296.  837. 4243. 3612.]
v_i_n2:[0.01998 0.02632 0.00962 0.00645 0.0057  0.00707 0.01359 0.02992 0.08481
 0.43028 0.36624]
tau_i2:[0.02248 0.0424  0.01191 0.00725 0.00597 0.00682 0.01291 0.03002 0.08966
 0.51498 0.2556 ]
