N_times
i	r_arr		v_i_n	tau_i
0	[0.05072954]	0.02969	0.03297
1	[0.0469718]	0.03944	0.06295
2	[0.0142593]	0.01566	0.01973
3	[0.00814817]	0.01064	0.01179
4	[0.00679014]	0.00903	0.00918
5	[0.00760496]	0.0092	0.00863
6	[0.0112346]	0.01363	0.01333
7	[0.02246919]	0.02699	0.02589
8	[0.06654338]	0.07658	0.08057
9	[0.38024791]	0.41372	0.48367
10	[0.38500101]	0.35539	0.25128
N_avar=10240.0
T_avar=[1375.43133]

Average number of individs A1:
r_arr:[8.1944]
v_i_n_test:8.34553
tau_i_test:7.98925
Max_v_i_differ=0.40693
Max_tau_i_differ:0.47688
R_i_n2:=[ 310.  412.  162.  109.   92.   96.  140.  276.  781. 4228. 3632.]
v_i_n2:[0.02969 0.03944 0.01566 0.01064 0.00903 0.0092  0.01363 0.02699 0.07658
 0.41372 0.35539]
tau_i2:[0.03297 0.06295 0.01973 0.01179 0.00918 0.00863 0.01333 0.02589 0.08057
 0.48367 0.25128]
