N_times
i	r_arr		v_i_n	tau_i
0	[0.05072954]	0.03042	0.03324
1	[0.0469718]	0.03989	0.05966
2	[0.0142593]	0.01459	0.01818
3	[0.00814817]	0.00897	0.00971
4	[0.00679014]	0.00797	0.00778
5	[0.00760496]	0.01069	0.01041
6	[0.0112346]	0.01633	0.01602
7	[0.02246919]	0.02994	0.03112
8	[0.06654338]	0.08287	0.08627
9	[0.38024791]	0.41057	0.48438
10	[0.38500101]	0.34776	0.24325
N_avar=10264.0
T_avar=[1405.16707]

Average number of individs A1:
r_arr:[8.1944]
v_i_n_test:8.32456
tau_i_test:8.00436
Max_v_i_differ=0.40378
Max_tau_i_differ:0.47759
R_i_n2:=[ 330.  434.  160.   98.   85.  110.  165.  302.  842. 4188. 3549.]
v_i_n2:[0.03042 0.03989 0.01459 0.00897 0.00797 0.01069 0.01633 0.02994 0.08287
 0.41057 0.34776]
tau_i2:[0.03324 0.05966 0.01818 0.00971 0.00778 0.01041 0.01602 0.03112 0.08627
 0.48438 0.24325]
