N_times
i	r_arr		v_i_n	tau_i
0	[0.05072954]	0.02007	0.02359
1	[0.0469718]	0.02572	0.04001
2	[0.0142593]	0.00897	0.01145
3	[0.00814817]	0.00759	0.00935
4	[0.00679014]	0.00972	0.01018
5	[0.00760496]	0.01203	0.01216
6	[0.0112346]	0.0163	0.01642
7	[0.02246919]	0.03087	0.03162
8	[0.06654338]	0.08378	0.08737
9	[0.38024791]	0.42379	0.50467
10	[0.38500101]	0.36115	0.25319
N_avar=10070.0
T_avar=[1358.62416]

Average number of individs A1:
r_arr:[8.1944]
v_i_n_test:8.5752
tau_i_test:8.28523
Max_v_i_differ=0.417
Max_tau_i_differ:0.49788
R_i_n2:=[ 204.  261.   91.   76.   98.  121.  165.  310.  844. 4266. 3634.]
v_i_n2:[0.02007 0.02572 0.00897 0.00759 0.00972 0.01203 0.0163  0.03087 0.08378
 0.42379 0.36115]
tau_i2:[0.02359 0.04001 0.01145 0.00935 0.01018 0.01216 0.01642 0.03162 0.08737
 0.50467 0.25319]
