start i C()	t_left		t_right 	New i	Total time generation

test #0
6	--	0.673903	1.240622	5	0.6739	1
5	--	1.692488	1.68263	6	2.35653	2
6	--	1.243091	1.405674	5	3.59962	3
5	--	0.807274	0.644673	6	4.24429	4
6	--	1.222589	1.554697	5	5.46688	5
5	--	1.159884	1.611144	4	6.62676	6
4	--	1.022315	1.035038	3	7.64908	7
3	--	0.88417	0.900622	2	8.53325	8
2	--	0.973054	1.392147	1	9.5063	9
1	--	2.734298	4.112564	0	12.2406	10

test #1
6	--	0.918699	1.206898	5	0.9187	1
5	--	1.181322	0.744565	6	1.66327	2
6	--	1.129654	1.055983	7	2.71925	3
7	--	1.019922	1.6856	6	3.73917	4
6	--	1.160142	0.955726	7	4.6949	5
7	--	1.983951	1.650382	8	6.34528	6
8	--	1.604421	1.688976	7	7.9497	7
7	--	1.764063	1.223204	8	9.1729	8
8	--	2.068714	1.182767	9	10.35567	9
9	--	3.047592	4.029993	8	13.40326	10
8	--	1.075835	2.074759	7	14.4791	11
7	--	1.891305	1.496984	8	15.97608	12
8	--	1.935942	1.382238	9	17.35832	13
9	--	2.471522	3.066407	8	19.82984	14
8	--	1.227062	1.456756	7	21.0569	15
7	--	0.84828	1.257486	6	21.90518	16
6	--	1.145297	1.477943	5	23.05048	17
5	--	0.890399	1.190403	4	23.94088	18
4	--	0.838786	1.357657	3	24.77967	19
3	--	1.855763	0.97016	4	25.74983	20
4	--	1.682502	1.039258	5	26.78909	21
5	--	1.695548	0.853924	6	27.64301	22
6	--	1.274669	1.467641	5	28.91768	23
5	--	0.962885	0.756848	6	29.67453	24
6	--	1.448408	1.581031	5	31.12294	25
5	--	1.599333	0.748903	6	31.87184	26
6	--	1.472717	1.140573	7	33.01241	27
7	--	1.514494	0.999724	8	34.01213	28
8	--	1.076353	1.177071	7	35.08848	29
7	--	1.118511	1.369788	6	36.20699	30
6	--	0.896315	1.157299	5	37.1033	31
5	--	0.619599	1.485093	4	37.7229	32
4	--	1.202765	1.226518	3	38.92567	33
3	--	1.035007	1.171845	2	39.96068	34
2	--	2.270799	2.181895	3	42.14257	35
3	--	1.505033	1.458995	4	43.60157	36
4	--	1.561203	1.43941	5	45.04098	37
5	--	0.68437	1.572945	4	45.72535	38
4	--	0.943552	1.737644	3	46.6689	39
3	--	1.141957	1.195231	2	47.81086	40
2	--	2.050081	1.171146	3	48.98201	41
3	--	1.266544	1.875078	2	50.24855	42
2	--	2.656749	2.251431	3	52.49998	43
3	--	1.104186	1.016391	4	53.51637	44
4	--	0.88872	1.719251	3	54.40509	45
3	--	0.91106	1.879557	2	55.31615	46
2	--	2.604568	1.409983	3	56.72613	47
3	--	1.579084	0.992656	4	57.71879	48
4	--	0.892875	1.323912	3	58.61166	49
3	--	1.448838	1.258019	4	59.86968	50
4	--	1.111326	1.258897	3	60.98101	51
3	--	0.751551	0.793113	2	61.73256	52
2	--	2.661237	2.032639	3	63.7652	53
3	--	1.064242	0.773215	4	64.53841	54
4	--	1.286663	0.721604	5	65.26001	55
5	--	1.278519	0.99027	6	66.25028	56
6	--	1.270242	1.252689	7	67.50297	57
7	--	1.41816	1.005813	8	68.50878	58
8	--	1.390751	1.93856	7	69.89953	59
7	--	1.124551	1.666852	6	71.02408	60
6	--	1.730832	1.089081	7	72.11316	61
7	--	0.856385	1.019753	6	72.96954	62
6	--	0.931946	1.067978	5	73.90149	63
5	--	0.929693	1.468619	4	74.83118	64
4	--	0.700588	1.23816	3	75.53177	65
3	--	0.880554	1.770035	2	76.41232	66
2	--	1.289774	1.826053	1	77.70209	67
1	--	4.425847	1.843669	2	79.54576	68
2	--	1.205659	1.478135	1	80.75142	69
1	--	2.388858	4.255684	0	83.14028	70

test #2
6	--	0.988123	1.404067	5	0.98812	1
5	--	1.00081	1.241771	4	1.98893	2
4	--	1.646076	0.68849	5	2.67742	3
5	--	0.855913	0.764549	6	3.44197	4
6	--	1.592347	0.716442	7	4.15841	5
7	--	1.856351	1.280579	8	5.43899	6
8	--	2.439278	2.285647	9	7.72464	7
9	--	1.922083	2.850859	8	9.64672	8
8	--	1.417121	0.984843	9	10.63156	9
9	--	2.729458	4.516812	8	13.36102	10
8	--	1.029233	2.032936	7	14.39025	11
7	--	1.031194	1.036214	6	15.42144	12
6	--	1.118604	0.981065	7	16.4025	13
7	--	0.972579	0.817852	8	17.22035	14
8	--	0.999126	2.293144	7	18.21948	15
7	--	1.115154	1.538705	6	19.33463	16
6	--	1.529368	1.604228	5	20.864	17
5	--	0.904651	0.663835	6	21.52783	18
6	--	1.752994	1.1551	7	22.68293	19
7	--	0.988803	1.504379	6	23.67173	20
6	--	1.434162	1.245182	7	24.91691	21
7	--	1.383746	1.248402	8	26.16531	22
8	--	2.363269	2.418661	7	28.52858	23
7	--	0.895731	1.995558	6	29.42431	24
6	--	1.060387	1.763373	5	30.4847	25
5	--	0.666128	1.031518	4	31.15083	26
4	--	1.748488	1.493283	5	32.64411	27
5	--	1.255819	1.234185	6	33.8783	28
6	--	1.618785	1.110809	7	34.98911	29
7	--	1.533482	0.987947	8	35.97706	30
8	--	1.821188	2.299471	7	37.79825	31
7	--	2.032564	1.60541	8	39.40366	32
8	--	1.547269	1.979614	7	40.95093	33
7	--	1.099597	1.168302	6	42.05053	34
6	--	1.140792	1.510952	5	43.19132	35
5	--	1.32429	0.843756	6	44.03508	36
6	--	0.649984	1.023753	5	44.68506	37
5	--	1.494567	1.033441	6	45.7185	38
6	--	0.872744	1.031838	5	46.59124	39
5	--	0.703929	0.878623	4	47.29517	40
4	--	1.044643	0.684251	5	47.97942	41
5	--	0.762336	1.153546	4	48.74176	42
4	--	1.181176	1.51612	3	49.92294	43
3	--	1.193712	0.79015	4	50.71309	44
4	--	1.092447	1.052896	5	51.76599	45
5	--	1.405455	1.004767	6	52.77076	46
6	--	1.168412	0.757845	7	53.5286	47
7	--	1.395206	1.210078	8	54.73868	48
8	--	2.501229	1.469803	9	56.20848	49
9	--	2.526239	1.860068	10	58.06855	50

test #3
6	--	0.767577	1.174925	5	0.76758	1
5	--	1.051377	1.023859	6	1.79144	2
6	--	0.712957	0.695922	7	2.48736	3
7	--	1.024721	1.033124	6	3.51208	4
6	--	1.103263	0.758099	7	4.27018	5
7	--	1.853882	1.377959	8	5.64814	6
8	--	2.662453	1.039476	9	6.68762	7
9	--	3.747857	2.976689	10	9.66431	8

test #4
6	--	1.027449	1.286937	5	1.02745	1
5	--	1.541936	1.255438	6	2.28289	2
6	--	1.436429	0.637426	7	2.92032	3
7	--	1.720741	1.242878	8	4.1632	4
8	--	1.479379	1.350935	9	5.51413	5
9	--	1.970285	2.471147	8	7.48442	6
8	--	1.480884	1.313649	9	8.79807	7
9	--	2.691534	2.08905	10	10.88712	8

test #5
6	--	1.0611	0.638323	7	0.63832	1
7	--	0.843428	0.948398	6	1.48175	2
6	--	1.719108	1.216407	7	2.69816	3
7	--	1.706717	2.003882	6	4.40488	4
6	--	0.898342	1.378604	5	5.30322	5
5	--	0.783311	1.17709	4	6.08653	6
4	--	1.214237	1.505397	3	7.30077	7
3	--	1.329063	0.958906	4	8.25968	8
4	--	1.072749	1.317	3	9.33243	9
3	--	0.900753	1.240941	2	10.23318	10
2	--	1.443012	2.379772	1	11.67619	11
1	--	3.285424	2.972196	2	14.64839	12
2	--	1.993551	1.286819	3	15.93521	13
3	--	1.946538	1.463693	4	17.3989	14
4	--	1.19521	1.675679	3	18.59411	15
3	--	1.041899	1.916387	2	19.63601	16
2	--	1.18249	2.11146	1	20.8185	17
1	--	3.247265	3.758628	0	24.06577	18

test #6
6	--	1.672617	0.880095	7	0.88009	1
7	--	1.572579	1.806085	6	2.45267	2
6	--	1.08524	1.568208	5	3.53791	3
5	--	0.973321	1.020987	4	4.51123	4
4	--	1.319365	1.401517	3	5.83059	5
3	--	1.252866	0.901664	4	6.73225	6
4	--	1.21733	0.966261	5	7.69851	7
5	--	0.854908	0.611697	6	8.31021	8
6	--	1.321348	0.688577	7	8.99879	9
7	--	1.577774	0.732953	8	9.73174	10
8	--	1.54179	1.503743	9	11.23548	11
9	--	3.258741	2.458511	10	13.69399	12

test #7
6	--	1.283702	1.627797	5	1.2837	1
5	--	0.986123	1.260184	4	2.26982	2
4	--	1.120347	1.453529	3	3.39017	3
3	--	1.133857	1.029184	4	4.41935	4
4	--	0.960287	1.56034	3	5.37964	5
3	--	1.605891	1.287359	4	6.667	6
4	--	1.065139	1.640088	3	7.73214	7
3	--	1.254302	1.077062	4	8.8092	8
4	--	0.929941	0.845095	5	9.6543	9
5	--	1.099735	0.682593	6	10.33689	10
6	--	1.066265	0.830034	7	11.16692	11
7	--	0.788082	0.793817	6	11.955	12
6	--	1.572728	1.707519	5	13.52773	13
5	--	1.036924	0.70815	6	14.23588	14
6	--	1.424453	1.100995	7	15.33687	15
7	--	1.285904	0.930479	8	16.26735	16
8	--	1.955413	2.210823	7	18.22276	17
7	--	0.915496	1.30543	6	19.13826	18
6	--	1.206339	1.445995	5	20.3446	19
5	--	1.461703	1.030972	6	21.37557	20
6	--	0.780785	1.180811	5	22.15635	21
5	--	1.236823	0.648723	6	22.80507	22
6	--	1.163953	1.211435	5	23.96902	23
5	--	1.421551	0.98024	6	24.94926	24
6	--	1.021322	0.8109	7	25.76016	25
7	--	1.166	1.509837	6	26.92616	26
6	--	0.686653	0.991502	5	27.61281	27
5	--	1.127661	1.339894	4	28.74047	28
4	--	0.881826	1.272389	3	29.6223	29
3	--	1.189873	0.756496	4	30.3788	30
4	--	0.74102	0.820603	3	31.11982	31
3	--	1.211682	1.631734	2	32.3315	32
2	--	1.833634	1.317734	3	33.64923	33
3	--	1.955289	1.797372	4	35.4466	34
4	--	1.103404	1.549738	3	36.55	35
3	--	1.050762	1.785383	2	37.60076	36
2	--	1.877905	1.71189	3	39.31265	37
3	--	1.584561	1.815803	2	40.89721	38
2	--	2.222598	2.478436	1	43.11981	39
1	--	4.449935	2.442229	2	45.56204	40
2	--	2.064405	1.671929	3	47.23397	41
3	--	1.538209	0.862959	4	48.09693	42
4	--	1.463326	1.095326	5	49.19226	43
5	--	0.701576	1.190739	4	49.89384	44
4	--	0.740376	0.916368	3	50.63422	45
3	--	1.795717	1.564398	4	52.19862	46
4	--	1.346176	1.329167	5	53.52779	47
5	--	1.351191	0.889785	6	54.41758	48
6	--	0.993394	1.269393	5	55.41097	49
5	--	1.506446	0.92939	6	56.34036	50
6	--	1.16479	0.691978	7	57.03234	51
7	--	1.236806	0.748583	8	57.78092	52
8	--	1.8112	2.478318	7	59.59212	53
7	--	0.925808	1.353457	6	60.51793	54
6	--	0.893511	1.064522	5	61.41144	55
5	--	1.161043	0.975071	6	62.38651	56
6	--	1.402708	0.723808	7	63.11032	57
7	--	1.254125	0.749224	8	63.85954	58
8	--	1.800542	1.384276	9	65.24382	59
9	--	3.314968	3.293865	10	68.53768	60

test #8
6	--	1.075612	1.36763	5	1.07561	1
5	--	1.279047	1.4843	4	2.35466	2
4	--	0.766086	1.231617	3	3.12075	3
3	--	0.7529	1.792387	2	3.87365	4
2	--	0.996852	1.631678	1	4.8705	5
1	--	1.891939	3.223643	0	6.76244	6

test #9
6	--	0.995917	1.124103	5	0.99592	1
5	--	0.815699	1.693112	4	1.81162	2
4	--	0.725145	1.709147	3	2.53677	3
3	--	1.029957	0.929105	4	3.46587	4
4	--	1.775154	1.245148	5	4.71102	5
5	--	0.852743	1.119254	4	5.56376	6
4	--	1.219363	0.782961	5	6.34672	7
5	--	0.984012	1.419606	4	7.33073	8
4	--	0.772225	0.881043	3	8.10296	9
3	--	1.563056	1.519965	4	9.62293	10
4	--	1.010529	1.240157	3	10.63346	11
3	--	1.875761	1.74342	4	12.37688	12
4	--	1.03254	0.690979	5	13.06786	13
5	--	1.617416	0.87834	6	13.9462	14
6	--	1.248414	1.247538	7	15.19374	15
7	--	1.976789	1.664185	8	16.85793	16
8	--	1.422719	2.459806	7	18.28065	17
7	--	0.862011	1.922554	6	19.14266	18
6	--	0.70088	0.654824	7	19.79748	19
7	--	0.908711	0.93407	6	20.70619	20
6	--	0.729774	0.931956	5	21.43596	21
5	--	1.192377	0.908999	6	22.34496	22
6	--	1.408697	0.64283	7	22.98779	23
7	--	1.835157	1.195395	8	24.18318	24
8	--	1.978973	2.65352	7	26.16215	25
7	--	1.778018	1.194091	8	27.35624	26
8	--	1.262542	1.27358	7	28.61878	27
7	--	1.735832	1.623393	8	30.24217	28
8	--	1.331295	2.484074	7	31.57346	29
7	--	1.530583	1.434662	8	33.00812	30
8	--	1.365086	1.635958	7	34.37321	31
7	--	0.864939	1.286563	6	35.23815	32
6	--	1.156913	0.799674	7	36.03782	33
7	--	1.634709	0.740867	8	36.77869	34
8	--	2.101467	1.043839	9	37.82253	35
9	--	3.41926	2.700882	10	40.52341	36

test #10
6	--	0.877668	1.257542	5	0.87767	1
5	--	1.696449	1.017808	6	1.89548	2
6	--	0.6581	1.078964	5	2.55358	3
5	--	0.854287	1.287148	4	3.40787	4
4	--	1.249728	0.701692	5	4.10956	5
5	--	1.661287	0.793883	6	4.90344	6
6	--	0.970008	0.794709	7	5.69815	7
7	--	1.14275	0.815502	8	6.51365	8
8	--	1.821038	1.303268	9	7.81692	9
9	--	1.980092	2.916697	8	9.79701	10
8	--	2.437937	2.137323	9	11.93433	11
9	--	2.57514	3.623508	8	14.50947	12
8	--	1.731768	1.992387	7	16.24124	13
7	--	1.643763	1.286773	8	17.52801	14
8	--	1.451498	1.019344	9	18.54735	15
9	--	2.904421	3.758987	8	21.45177	16
8	--	1.709776	1.406269	9	22.85804	17
9	--	2.916922	4.201391	8	25.77496	18
8	--	1.070173	2.344473	7	26.84513	19
7	--	1.324275	0.861871	8	27.707	20
8	--	1.213721	1.647059	7	28.92072	21
7	--	1.190851	1.093181	8	30.0139	22
8	--	0.985521	2.488193	7	30.99942	23
7	--	1.076114	1.283531	6	32.07553	24
6	--	1.204228	0.721625	7	32.79715	25
7	--	1.895646	1.406819	8	34.20397	26
8	--	1.741599	1.915664	7	35.94557	27
7	--	1.715407	1.011174	8	36.95674	28
8	--	1.806212	1.501017	9	38.45776	29
9	--	2.419638	3.52447	8	40.8774	30
8	--	1.899889	1.571364	9	42.44876	31
9	--	1.813236	1.841158	8	44.262	32
8	--	1.363383	0.976449	9	45.23845	33
9	--	2.745879	3.23144	8	47.98433	34
8	--	2.104835	1.84645	9	49.83078	35
9	--	1.973466	3.84714	8	51.80425	36
8	--	1.944874	1.479134	9	53.28338	37
9	--	3.985386	4.519691	8	57.26877	38
8	--	2.439056	1.294901	9	58.56367	39
9	--	2.768692	3.693555	8	61.33236	40
8	--	1.272892	2.00416	7	62.60525	41
7	--	0.92903	1.226235	6	63.53428	42
6	--	1.112984	0.836509	7	64.37079	43
7	--	1.977135	1.467112	8	65.8379	44
8	--	1.575186	1.346143	9	67.18404	45
9	--	3.001494	3.433368	8	70.18553	46
8	--	2.450906	1.342588	9	71.52812	47
9	--	2.946009	1.946972	10	73.47509	48

test #11
6	--	1.426739	1.074224	7	1.07422	1
7	--	0.910745	1.135897	6	1.98497	2
6	--	0.79005	1.068901	5	2.77502	3
5	--	1.046404	1.139088	4	3.82142	4
4	--	1.266402	1.610387	3	5.08782	5
3	--	1.520418	1.351129	4	6.43895	6
4	--	1.148482	1.178547	3	7.58743	7
3	--	1.335499	1.516976	2	8.92293	8
2	--	1.969313	1.023097	3	9.94603	9
3	--	1.588003	1.734402	2	11.53403	10
2	--	2.475338	2.338218	3	13.87225	11
3	--	1.92866	1.701967	4	15.57422	12
4	--	0.904087	1.112618	3	16.47831	13
3	--	1.44036	1.99349	2	17.91867	14
2	--	2.234421	2.120434	3	20.0391	15
3	--	0.950415	1.455904	2	20.98952	16
2	--	1.781278	1.33029	3	22.31981	17
3	--	1.056324	1.315831	2	23.37613	18
2	--	2.063322	2.002195	3	25.37832	19
3	--	1.173664	1.222938	2	26.55198	20
2	--	2.391856	2.082062	3	28.63404	21
3	--	0.909071	0.843775	4	29.47782	22
4	--	1.068969	0.966377	5	30.4442	23
5	--	0.944852	1.330522	4	31.38905	24
4	--	1.703366	1.744874	3	33.09242	25
3	--	1.349444	1.940215	2	34.44186	26
2	--	1.568754	1.176476	3	35.61834	27
3	--	1.722586	1.385372	4	37.00371	28
4	--	1.541305	1.563486	3	38.54501	29
3	--	0.847793	1.295844	2	39.3928	30
2	--	1.0415	1.629247	1	40.4343	31
1	--	1.93871	1.888591	2	42.32289	32
2	--	1.397652	0.981172	3	43.30406	33
3	--	1.217779	1.314658	2	44.52184	34
2	--	1.772488	1.762351	3	46.28419	35
3	--	1.782269	1.449281	4	47.73347	36
4	--	1.730785	0.698163	5	48.43163	37
5	--	0.918142	0.728565	6	49.1602	38
6	--	1.582654	0.975972	7	50.13617	39
7	--	1.501384	1.79573	6	51.63755	40
6	--	1.482404	1.48762	5	53.11995	41
5	--	1.04138	0.986318	6	54.10627	42
6	--	1.519552	1.398146	7	55.50442	43
7	--	1.776613	0.908454	8	56.41287	44
8	--	0.969915	1.719954	7	57.38278	45
7	--	1.384105	1.306834	8	58.68961	46
8	--	1.516212	1.206727	9	59.89634	47
9	--	3.34841	2.474326	10	62.37067	48

test #12
6	--	1.606304	0.731128	7	0.73113	1
7	--	0.98563	1.973098	6	1.71676	2
6	--	0.958282	0.732163	7	2.44892	3
7	--	1.656129	1.383962	8	3.83288	4
8	--	1.974742	1.737642	9	5.57052	5
9	--	4.38998	4.068651	10	9.63917	6

test #13
6	--	0.967132	1.096097	5	0.96713	1
5	--	1.647204	1.002739	6	1.96987	2
6	--	1.081444	1.270704	5	3.05131	3
5	--	0.888063	1.108869	4	3.93937	4
4	--	0.94218	1.446112	3	4.88155	5
3	--	1.871824	1.620917	4	6.50247	6
4	--	1.426567	0.649026	5	7.1515	7
5	--	0.990371	0.676057	6	7.82756	8
6	--	1.250244	1.14963	7	8.97719	9
7	--	1.595744	1.568983	8	10.54617	10
8	--	1.206224	1.857964	7	11.75239	11
7	--	1.565722	1.048679	8	12.80107	12
8	--	1.452846	2.039766	7	14.25392	13
7	--	1.13845	0.733256	8	14.98718	14
8	--	2.423794	1.185955	9	16.17314	15
9	--	3.804709	3.071491	10	19.24463	16

test #14
6	--	0.988219	1.371383	5	0.98822	1
5	--	1.449513	1.159021	6	2.14724	2
6	--	1.216987	1.331452	5	3.36423	3
5	--	0.822182	1.295387	4	4.18641	4
4	--	1.568197	1.300366	5	5.48678	5
5	--	0.654925	1.638034	4	6.1417	6
4	--	0.739938	1.017327	3	6.88164	7
3	--	0.828223	1.142863	2	7.70986	8
2	--	0.984425	1.118807	1	8.69428	9
1	--	3.991669	3.060824	2	11.7551	10
2	--	1.172871	1.638987	1	12.92797	11
1	--	2.382803	3.206587	0	15.31077	12

test #15
6	--	1.363893	1.404974	5	1.36389	1
5	--	0.767413	0.775474	4	2.1313	2
4	--	1.613202	0.977625	5	3.10892	3
5	--	1.609144	0.763323	6	3.87224	4
6	--	0.74397	1.30997	5	4.61621	5
5	--	0.617146	1.399652	4	5.23336	6
4	--	1.573101	1.345766	5	6.57913	7
5	--	0.662848	1.296832	4	7.24198	8
4	--	0.696673	1.05867	3	7.93865	9
3	--	0.733945	1.831287	2	8.67259	10
2	--	1.993018	1.828016	3	10.50061	11
3	--	0.8682	1.236706	2	11.36881	12
2	--	1.925752	1.980003	1	13.29456	13
1	--	3.272267	1.823371	2	15.11793	14
2	--	1.422015	1.729649	1	16.53995	15
1	--	2.970542	2.518193	2	19.05814	16
2	--	1.265517	1.856642	1	20.32366	17
1	--	2.595632	3.002613	0	22.91929	18

test #16
6	--	1.009386	1.705795	5	1.00939	1
5	--	1.061617	1.274827	4	2.07101	2
4	--	1.279574	0.817885	5	2.88889	3
5	--	1.433228	1.142722	6	4.03161	4
6	--	0.978114	1.21113	5	5.00972	5
5	--	0.853616	0.96362	4	5.86334	6
4	--	1.12767	1.621293	3	6.99101	7
3	--	1.232406	1.354198	2	8.22342	8
2	--	1.737357	2.370021	1	9.96078	9
1	--	3.152095	3.696308	0	13.11288	10

test #17
6	--	0.950431	0.878954	7	0.87895	1
7	--	1.393334	1.096366	8	1.97532	2
8	--	1.923404	2.554912	7	3.89872	3
7	--	1.046774	1.124029	6	4.94549	4
6	--	1.551764	0.944333	7	5.88982	5
7	--	2.033111	1.381605	8	7.27142	6
8	--	1.698538	2.574798	7	8.96996	7
7	--	1.715277	1.226593	8	10.19655	8
8	--	1.090756	1.043771	9	11.24032	9
9	--	2.592505	2.837925	8	13.83283	10
8	--	1.495058	1.004793	9	14.83762	11
9	--	4.443767	2.421327	10	17.25895	12

test #18
6	--	1.686488	1.498033	7	1.49803	1
7	--	1.864523	1.203141	8	2.70117	2
8	--	0.975424	1.189906	7	3.67659	3
7	--	0.767122	0.849578	6	4.44371	4
6	--	1.618611	0.94074	7	5.38445	5
7	--	1.077933	1.773146	6	6.46238	6
6	--	1.009084	0.651267	7	7.11365	7
7	--	1.355605	1.330764	8	8.44441	8
8	--	1.267691	1.165411	9	9.60982	9
9	--	2.595333	2.78738	8	12.20515	10
8	--	1.11663	1.545753	7	13.32178	11
7	--	1.343985	0.897228	8	14.21901	12
8	--	1.509667	1.110833	9	15.32984	13
9	--	3.560839	1.803374	10	17.13321	14

test #19
6	--	1.550019	1.063951	7	1.06395	1
7	--	1.604932	1.800285	6	2.66888	2
6	--	0.847524	1.239757	5	3.5164	3
5	--	1.479014	0.658524	6	4.17492	4
6	--	1.069158	0.999646	7	5.17457	5
7	--	1.06763	1.403554	6	6.2422	6
6	--	0.722386	1.471905	5	6.96459	7
5	--	0.610324	0.9446	4	7.57491	8
4	--	0.899136	0.981786	3	8.47405	9
3	--	0.838665	0.896114	2	9.31271	10
2	--	1.050248	2.010187	1	10.36296	11
1	--	2.676604	2.332213	2	12.69517	12
2	--	1.490398	1.040979	3	13.73615	13
3	--	1.454807	1.8927	2	15.19096	14
2	--	1.223229	1.221865	3	16.41282	15
3	--	1.171221	0.979206	4	17.39203	16
4	--	1.23965	0.921457	5	18.31349	17
5	--	1.362177	1.206923	6	19.52041	18
6	--	1.110513	0.694185	7	20.2146	19
7	--	2.009833	1.118424	8	21.33302	20
8	--	1.606315	2.208507	7	22.93933	21
7	--	1.365861	1.754215	6	24.30519	22
6	--	1.084211	0.8287	7	25.13389	23
7	--	1.470552	1.048781	8	26.18267	24
8	--	2.079496	1.398862	9	27.58153	25
9	--	2.560974	2.242685	10	29.82421	26

test #20
6	--	0.870277	1.404892	5	0.87028	1
5	--	0.962685	1.177967	4	1.83297	2
4	--	1.554048	1.419199	5	3.25217	3
5	--	0.800057	1.375467	4	4.05223	4
4	--	1.267729	1.371128	3	5.31996	5
3	--	1.391696	0.935659	4	6.25562	6
4	--	1.005383	0.790965	5	7.04659	7
5	--	0.905243	0.947073	4	7.95183	8
4	--	1.218342	1.020876	5	8.97271	9
5	--	0.747619	1.206482	4	9.72033	10
4	--	1.74659	1.470892	5	11.19122	11
5	--	0.702447	0.868361	4	11.89367	12
4	--	1.665015	1.054733	5	12.9484	13
5	--	0.806412	0.650764	6	13.59916	14
6	--	1.720008	0.98276	7	14.58192	15
7	--	0.861289	1.176264	6	15.44321	16
6	--	1.232123	0.804117	7	16.24733	17
7	--	0.982359	1.042433	6	17.22969	18
6	--	1.326543	0.782809	7	18.0125	19
7	--	0.8727	0.977196	6	18.8852	20
6	--	1.634608	0.714501	7	19.5997	21
7	--	1.897269	0.945138	8	20.54484	22
8	--	1.721998	1.017915	9	21.56275	23
9	--	3.435615	2.390609	10	23.95336	24

test #21
6	--	1.384665	1.378489	7	1.37849	1
7	--	1.236054	0.989865	8	2.36835	2
8	--	2.493256	1.590904	9	3.95925	3
9	--	3.005968	4.438992	8	6.96522	4
8	--	1.709625	2.143679	7	8.67484	5
7	--	1.651035	1.217503	8	9.89234	6
8	--	1.504805	1.236918	9	11.12926	7
9	--	3.774243	2.234932	10	13.36419	8

test #22
6	--	0.793535	0.987976	5	0.79353	1
5	--	1.622281	0.841845	6	1.63537	2
6	--	1.776986	0.645947	7	2.28132	3
7	--	1.934531	0.947149	8	3.22847	4
8	--	1.353813	2.110581	7	4.58228	5
7	--	1.645077	1.511617	8	6.0939	6
8	--	2.546503	2.066828	9	8.16073	7
9	--	2.191021	4.535336	8	10.35175	8
8	--	1.377402	2.137081	7	11.72915	9
7	--	1.524021	1.313296	8	13.04245	10
8	--	1.932022	1.387039	9	14.42949	11
9	--	2.413831	4.05269	8	16.84332	12
8	--	1.969328	2.089351	7	18.81265	13
7	--	1.07993	1.174219	6	19.89258	14
6	--	0.905579	1.774787	5	20.79816	15
5	--	0.922733	0.675076	6	21.47324	16
6	--	1.116241	1.024638	7	22.49788	17
7	--	1.37346	1.852188	6	23.87134	18
6	--	0.900404	1.539785	5	24.77174	19
5	--	0.902284	1.051749	4	25.67402	20
4	--	1.312358	1.63292	3	26.98638	21
3	--	1.553997	0.972737	4	27.95912	22
4	--	1.173323	0.801603	5	28.76072	23
5	--	1.214731	1.649603	4	29.97545	24
4	--	1.40786	0.934429	5	30.90988	25
5	--	1.013409	0.628589	6	31.53847	26
6	--	0.720118	1.079707	5	32.25859	27
5	--	1.428828	0.904839	6	33.16343	28
6	--	1.570293	0.700178	7	33.86361	29
7	--	1.033343	1.282833	6	34.89695	30
6	--	0.641083	0.742173	5	35.53803	31
5	--	0.717598	0.658097	6	36.19613	32
6	--	1.7216	1.503732	7	37.69986	33
7	--	0.800278	1.418316	6	38.50014	34
6	--	1.602919	1.343922	7	39.84406	35
7	--	0.937387	1.964272	6	40.78145	36
6	--	0.824112	0.757665	7	41.53912	37
7	--	1.22912	1.102404	8	42.64152	38
8	--	2.497838	2.594452	7	45.13936	39
7	--	1.55487	0.961218	8	46.10058	40
8	--	1.794829	2.539173	7	47.89541	41
7	--	1.269001	0.753758	8	48.64917	42
8	--	1.480896	1.70969	7	50.13007	43
7	--	0.81787	1.283743	6	50.94794	44
6	--	1.179373	0.713292	7	51.66123	45
7	--	1.857632	1.246047	8	52.90728	46
8	--	2.397845	1.301954	9	54.20923	47
9	--	3.848466	2.722267	10	56.9315	48

test #23
6	--	0.896938	0.809458	7	0.80946	1
7	--	1.077502	1.073283	8	1.88274	2
8	--	2.42037	2.074425	9	3.95717	3
9	--	2.094363	3.220991	8	6.05153	4
8	--	1.498104	1.832606	7	7.54963	5
7	--	1.305853	2.009741	6	8.85548	6
6	--	1.327316	1.020861	7	9.87634	7
7	--	0.958978	1.204717	6	10.83532	8
6	--	1.267597	1.275761	5	12.10292	9
5	--	1.703054	1.342813	6	13.44573	10
6	--	0.848026	0.756235	7	14.20196	11
7	--	0.748118	1.690358	6	14.95008	12
6	--	0.768889	1.753589	5	15.71897	13
5	--	0.901674	1.070144	4	16.62064	14
4	--	1.715006	1.055373	5	17.67601	15
5	--	0.873443	1.540198	4	18.54945	16
4	--	1.419698	1.748859	3	19.96915	17
3	--	0.928142	1.208882	2	20.89729	18
2	--	1.262661	2.625395	1	22.15995	19
1	--	2.90202	2.200725	2	24.36067	20
2	--	1.90519	1.57689	3	25.93756	21
3	--	1.58661	1.649251	2	27.52417	22
2	--	1.794047	2.279171	1	29.31822	23
1	--	2.240928	2.329697	0	31.55915	24

test #24
6	--	1.390028	0.735764	7	0.73576	1
7	--	0.756183	1.467878	6	1.49194	2
6	--	0.986202	1.240788	5	2.47814	3
5	--	0.86717	1.245453	4	3.34531	4
4	--	1.240086	1.477163	3	4.5854	5
3	--	0.834668	0.964966	2	5.42007	6
2	--	1.973102	2.298128	1	7.39317	7
1	--	2.060333	1.75942	2	9.15259	8
2	--	2.418468	2.0423	3	11.19489	9
3	--	1.661311	1.376047	4	12.57094	10
4	--	1.148765	0.954439	5	13.52538	11
5	--	0.959411	1.16122	4	14.48479	12
4	--	1.384734	1.584226	3	15.86952	13
3	--	1.140691	1.75918	2	17.01021	14
2	--	2.245833	1.326023	3	18.33623	15
3	--	1.419022	0.784791	4	19.12102	16
4	--	1.713853	0.993383	5	20.1144	17
5	--	1.276412	1.332906	4	21.39081	18
4	--	0.905657	0.976319	3	22.29647	19
3	--	0.73162	1.799688	2	23.02809	20
2	--	2.169317	1.808562	3	24.83665	21
3	--	1.043245	1.272986	2	25.87989	22
2	--	1.211262	1.972291	1	27.09115	23
1	--	2.584175	2.53844	2	29.62959	24
2	--	1.550679	1.768851	1	31.18027	25
1	--	3.079848	3.804783	0	34.26012	26

test #25
6	--	0.926704	0.99047	5	0.9267	1
5	--	0.843994	0.950963	4	1.77069	2
4	--	1.211111	0.786218	5	2.55691	3
5	--	1.392699	1.08323	6	3.64014	4
6	--	0.90376	1.619786	5	4.5439	5
5	--	1.528788	1.074324	6	5.61822	6
6	--	0.814012	1.454852	5	6.43223	7
5	--	0.893413	1.089219	4	7.32564	8
4	--	1.136365	1.569142	3	8.46201	9
3	--	0.968299	1.140659	2	9.43031	10
2	--	1.913062	2.153396	1	11.34337	11
1	--	4.206397	3.945489	2	15.28886	12
2	--	2.002682	1.592637	3	16.8815	13
3	--	0.881822	1.197745	2	17.76332	14
2	--	1.440838	2.160209	1	19.20416	15
1	--	2.326203	2.728815	0	21.53036	16

test #26
6	--	0.885446	1.124041	5	0.88545	1
5	--	1.556852	1.517609	6	2.40306	2
6	--	1.0535	0.862183	7	3.26524	3
7	--	1.625684	1.943214	6	4.89092	4
6	--	0.73025	0.911382	5	5.62117	5
5	--	1.156134	1.266935	4	6.7773	6
4	--	1.175533	0.904499	5	7.6818	7
5	--	1.426796	1.033265	6	8.71507	8
6	--	1.458048	1.269817	7	9.98489	9
7	--	0.764989	1.488396	6	10.74988	10
6	--	1.732153	1.226904	7	11.97678	11
7	--	1.089959	1.149426	6	13.06674	12
6	--	1.205056	1.220293	5	14.2718	13
5	--	0.779871	0.733954	6	15.00575	14
6	--	0.806276	0.919644	5	15.81203	15
5	--	1.089334	0.788628	6	16.60066	16
6	--	1.561367	1.472109	7	18.07277	17
7	--	1.217161	1.695841	6	19.28993	18
6	--	0.739602	0.636832	7	19.92676	19
7	--	1.222839	0.965259	8	20.89202	20
8	--	1.660496	0.989654	9	21.88167	21
9	--	2.305251	3.358936	8	24.18692	22
8	--	1.096605	1.979779	7	25.28353	23
7	--	1.705105	1.50019	8	26.78372	24
8	--	2.53188	2.378686	9	29.16241	25
9	--	2.677872	4.735266	8	31.84028	26
8	--	2.150188	1.137075	9	32.97736	27
9	--	3.128811	2.258985	10	35.23635	28

test #27
6	--	1.142853	1.406608	5	1.14285	1
5	--	1.380886	1.009091	6	2.15194	2
6	--	1.380792	0.939924	7	3.09186	3
7	--	1.142925	0.765542	8	3.8574	4
8	--	1.264418	2.322926	7	5.12182	5
7	--	0.959557	1.031313	6	6.08138	6
6	--	0.69732	1.669294	5	6.7787	7
5	--	0.970622	0.784735	6	7.56343	8
6	--	1.396592	1.009992	7	8.57342	9
7	--	0.815425	0.767475	8	9.3409	10
8	--	2.129938	1.729321	9	11.07022	11
9	--	3.662942	4.359841	8	14.73316	12
8	--	1.054265	1.996732	7	15.78743	13
7	--	1.854137	1.304651	8	17.09208	14
8	--	2.171924	1.771321	9	18.8634	15
9	--	3.482393	3.949095	8	22.34579	16
8	--	2.63122	1.617303	9	23.96309	17
9	--	3.201034	3.70909	8	27.16412	18
8	--	2.396689	1.234148	9	28.39827	19
9	--	3.856808	4.313902	8	32.25508	20
8	--	1.320057	1.208428	9	33.46351	21
9	--	2.331858	4.392629	8	35.79537	22
8	--	1.650354	2.193401	7	37.44572	23
7	--	1.068248	1.863662	6	38.51397	24
6	--	0.754683	0.909879	5	39.26865	25
5	--	1.406639	1.325351	6	40.594	26
6	--	1.366976	0.717768	7	41.31177	27
7	--	1.581715	1.175673	8	42.48744	28
8	--	1.056128	2.620051	7	43.54357	29
7	--	1.44596	1.31876	8	44.86233	30
8	--	2.328897	1.83077	9	46.6931	31
9	--	2.60734	2.835947	8	49.30044	32
8	--	1.347318	2.102265	7	50.64776	33
7	--	1.907884	1.065185	8	51.71295	34
8	--	1.907722	1.580099	9	53.29305	35
9	--	3.310459	4.660887	8	56.60351	36
8	--	1.336789	2.225856	7	57.9403	37
7	--	0.888802	0.744315	8	58.68461	38
8	--	2.370377	1.804045	9	60.48865	39
9	--	4.405064	2.648192	10	63.13684	40

test #28
6	--	1.11005	1.14881	5	1.11005	1
5	--	1.641716	1.514366	6	2.62442	2
6	--	0.813706	1.071495	5	3.43813	3
5	--	1.519436	0.614367	6	4.0525	4
6	--	1.180123	0.973093	7	5.02559	5
7	--	0.909252	1.021756	6	5.93484	6
6	--	1.083952	1.659992	5	7.01879	7
5	--	0.761285	0.842963	4	7.78007	8
4	--	1.528318	0.912882	5	8.69295	9
5	--	0.785105	0.814238	4	9.47806	10
4	--	0.997893	0.790021	5	10.26808	11
5	--	1.464718	0.973841	6	11.24192	12
6	--	1.275937	1.525711	5	12.51786	13
5	--	1.643003	0.946577	6	13.46444	14
6	--	1.588599	0.920292	7	14.38473	15
7	--	0.766896	1.993787	6	15.15163	16
6	--	0.925494	1.42597	5	16.07712	17
5	--	1.310815	1.318262	4	17.38794	18
4	--	0.648129	1.296652	3	18.03607	19
3	--	1.637694	0.981623	4	19.01769	20
4	--	0.828377	1.268005	3	19.84607	21
3	--	1.396182	1.50179	2	21.24225	22
2	--	1.69935	1.184255	3	22.42651	23
3	--	0.918657	1.904042	2	23.34517	24
2	--	2.202986	1.655926	3	25.0011	25
3	--	1.374348	1.690571	2	26.37545	26
2	--	1.086584	1.170464	1	27.46203	27
1	--	1.798972	4.117128	0	29.261	28

test #29
6	--	1.588514	1.04929	7	1.04929	1
7	--	0.920915	0.753099	8	1.80239	2
8	--	1.491039	1.658333	7	3.29343	3
7	--	1.849585	0.741282	8	4.03471	4
8	--	1.230151	1.085476	9	5.12019	5
9	--	3.038047	4.205649	8	8.15824	6
8	--	1.328038	1.614149	7	9.48628	7
7	--	1.419314	0.751389	8	10.23767	8
8	--	1.012866	1.426082	7	11.25054	9
7	--	1.912494	1.079814	8	12.33035	10
8	--	1.761686	1.244035	9	13.57439	11
9	--	3.746947	2.020192	10	15.59458	12

test #30
6	--	0.748371	0.8446	5	0.74837	1
5	--	1.182561	0.881865	6	1.63024	2
6	--	1.002978	0.761024	7	2.39126	3
7	--	1.655335	1.3926	8	3.78386	4
8	--	1.64282	1.904091	7	5.42668	5
7	--	1.264862	0.885676	8	6.31236	6
8	--	2.231271	1.898512	9	8.21087	7
9	--	3.089379	2.364631	10	10.5755	8

test #31
6	--	1.207883	1.222571	5	1.20788	1
5	--	0.669604	1.249964	4	1.87748	2
4	--	0.999455	1.497163	3	2.87693	3
3	--	1.496951	1.22986	4	4.10679	4
4	--	0.958266	0.91856	5	5.02535	5
5	--	0.821374	1.4131	4	5.84672	6
4	--	0.802561	0.94567	3	6.64928	7
3	--	1.478832	0.907624	4	7.5569	8
4	--	1.44374	1.562762	3	9.00064	9
3	--	1.573451	0.857715	4	9.85836	10
4	--	0.973283	1.382652	3	10.83164	11
3	--	1.997744	1.751049	4	12.58269	12
4	--	0.677763	0.96636	3	13.26045	13
3	--	1.818889	1.208174	4	14.46862	14
4	--	0.884638	1.666744	3	15.35326	15
3	--	1.067624	1.297269	2	16.42088	16
2	--	2.421398	1.980024	3	18.4009	17
3	--	1.623943	1.377598	4	19.7785	18
4	--	1.241154	1.770556	3	21.01965	19
3	--	1.026443	0.849802	4	21.86945	20
4	--	1.265099	0.879794	5	22.74924	21
5	--	0.995084	1.059467	4	23.74432	22
4	--	0.895311	1.577292	3	24.63963	23
3	--	0.925678	1.129898	2	25.56531	24
2	--	1.525678	2.5156	1	27.09099	25
1	--	3.459544	2.588728	2	29.67972	26
2	--	1.465617	2.529507	1	31.14534	27
1	--	3.77463	2.511489	2	33.65683	28
2	--	2.438548	1.848657	3	35.50549	29
3	--	1.254806	1.326569	2	36.7603	30
2	--	2.384015	1.231091	3	37.99139	31
3	--	1.201773	1.249099	2	39.19316	32
2	--	2.397573	1.165777	3	40.35894	33
3	--	1.911713	1.783125	4	42.14207	34
4	--	0.761851	1.237558	3	42.90392	35
3	--	0.764752	1.819158	2	43.66867	36
2	--	1.57794	1.857874	1	45.24661	37
1	--	2.002917	4.014491	0	47.24953	38

test #32
6	--	0.716319	1.721888	5	0.71632	1
5	--	1.28148	0.617742	6	1.33406	2
6	--	0.646819	0.673263	5	1.98088	3
5	--	0.989262	1.129006	4	2.97014	4
4	--	0.868681	1.259708	3	3.83882	5
3	--	0.740199	1.040277	2	4.57902	6
2	--	1.522652	0.976649	3	5.55567	7
3	--	1.234103	1.460141	2	6.78977	8
2	--	2.603459	2.193591	3	8.98336	9
3	--	1.416515	0.825811	4	9.80917	10
4	--	1.084071	0.789652	5	10.59882	11
5	--	0.866001	1.587025	4	11.46482	12
4	--	1.510026	0.950521	5	12.41534	13
5	--	1.137545	1.149065	4	13.55289	14
4	--	1.044644	1.41676	3	14.59753	15
3	--	0.846474	0.748476	4	15.34601	16
4	--	1.244205	1.105977	5	16.45199	17
5	--	0.927004	1.104838	4	17.37899	18
4	--	1.607041	1.109115	5	18.48811	19
5	--	1.485611	0.694544	6	19.18265	20
6	--	1.328478	0.874198	7	20.05685	21
7	--	1.597833	0.748289	8	20.80514	22
8	--	1.727244	1.983239	7	22.53238	23
7	--	1.811705	1.444444	8	23.97682	24
8	--	1.302689	1.742221	7	25.27951	25
7	--	0.89185	0.981588	6	26.17136	26
6	--	1.101907	1.412106	5	27.27327	27
5	--	1.073561	0.662649	6	27.93592	28
6	--	0.770384	0.696375	7	28.63229	29
7	--	0.77528	2.022024	6	29.40757	30
6	--	1.371923	0.890563	7	30.29813	31
7	--	0.883348	1.202401	6	31.18148	32
6	--	1.117099	0.749188	7	31.93067	33
7	--	1.175977	1.307475	6	33.10665	34
6	--	1.641883	1.38353	7	34.49018	35
7	--	0.902468	1.056273	6	35.39265	36
6	--	0.64735	0.988227	5	36.04	37
5	--	1.028188	0.990995	6	37.03099	38
6	--	1.072295	0.664946	7	37.69594	39
7	--	0.852351	1.636513	6	38.54829	40
6	--	1.376741	1.618653	5	39.92503	41
5	--	0.878861	0.858645	6	40.78367	42
6	--	1.388252	1.316178	7	42.09985	43
7	--	1.130856	1.846628	6	43.23071	44
6	--	1.684812	0.750584	7	43.98129	45
7	--	1.705591	1.070926	8	45.05222	46
8	--	2.068133	1.711164	9	46.76338	47
9	--	3.42684	4.628138	8	50.19022	48
8	--	1.601545	2.105126	7	51.79176	49
7	--	1.385805	1.980112	6	53.17756	50
6	--	0.865373	1.265827	5	54.04293	51
5	--	0.981578	0.742615	6	54.78555	52
6	--	0.736157	1.155031	5	55.52171	53
5	--	1.001577	0.756139	6	56.27785	54
6	--	0.737516	0.780727	5	57.01537	55
5	--	0.610012	0.772691	4	57.62538	56
4	--	0.841479	1.479528	3	58.46686	57
3	--	1.923462	1.925856	2	60.39032	58
2	--	2.459363	1.047538	3	61.43786	59
3	--	0.784598	1.49532	2	62.22246	60
2	--	1.719953	2.491431	1	63.94241	61
1	--	1.719781	2.486838	0	65.66219	62

test #33
6	--	1.088291	0.77399	7	0.77399	1
7	--	1.667256	1.369532	8	2.14352	2
8	--	1.561292	1.691486	7	3.70481	3
7	--	1.062482	1.651242	6	4.76729	4
6	--	1.746909	1.05791	7	5.8252	5
7	--	1.369462	1.16823	8	6.99343	6
8	--	1.614878	1.908851	7	8.60831	7
7	--	1.169469	1.189324	6	9.77778	8
6	--	1.198359	1.141132	7	10.91891	9
7	--	1.938862	1.432077	8	12.35099	10
8	--	1.140517	1.853056	7	13.49151	11
7	--	1.610213	1.551222	8	15.04273	12
8	--	1.216046	1.45342	7	16.25878	13
7	--	1.564183	1.48067	8	17.73945	14
8	--	1.828798	1.65186	9	19.39131	15
9	--	4.378952	4.600485	8	23.77026	16
8	--	1.786749	2.300863	7	25.55701	17
7	--	0.789393	1.168745	6	26.3464	18
6	--	1.079372	1.350988	5	27.42577	19
5	--	1.281589	1.137544	6	28.56331	20
6	--	1.008032	0.888715	7	29.45203	21
7	--	1.416466	1.80849	6	30.8685	22
6	--	0.808318	1.596571	5	31.67682	23
5	--	1.314515	0.63036	6	32.30718	24
6	--	1.315573	0.841414	7	33.14859	25
7	--	1.681997	1.033273	8	34.18186	26
8	--	1.609545	1.262442	9	35.4443	27
9	--	2.929293	2.354313	10	37.79861	28

test #34
6	--	1.012516	1.590262	5	1.01252	1
5	--	0.869167	1.649011	4	1.88169	2
4	--	1.74264	1.102902	5	2.98459	3
5	--	1.268565	0.649797	6	3.63439	4
6	--	0.898752	1.240846	5	4.53314	5
5	--	0.909383	1.509544	4	5.44252	6
4	--	1.10903	1.580086	3	6.55155	7
3	--	1.176671	1.734851	2	7.72822	8
2	--	2.140409	0.986467	3	8.71469	9
3	--	1.90371	1.159693	4	9.87438	10
4	--	0.92635	1.100169	3	10.80073	11
3	--	0.851998	1.12758	2	11.65273	12
2	--	2.205672	0.968721	3	12.62145	13
3	--	1.83404	0.920373	4	13.54182	14
4	--	0.696719	1.434968	3	14.23854	15
3	--	1.296671	1.534333	2	15.53521	16
2	--	2.349756	1.162959	3	16.69817	17
3	--	0.862609	0.881654	2	17.56078	18
2	--	2.101455	2.430822	1	19.66224	19
1	--	4.727735	3.670197	2	23.33244	20
2	--	1.054895	2.631045	1	24.38733	21
1	--	2.910286	1.83768	2	26.22501	22
2	--	1.467347	1.653719	1	27.69236	23
1	--	4.353877	3.125776	2	30.81814	24
2	--	2.086992	1.869606	3	32.68775	25
3	--	1.75812	0.944262	4	33.63201	26
4	--	1.166101	0.800847	5	34.43286	27
5	--	1.271856	0.99801	6	35.43087	28
6	--	0.735876	1.103404	5	36.16675	29
5	--	1.289944	0.753137	6	36.91989	30
6	--	1.092855	0.679125	7	37.59901	31
7	--	1.953071	1.326313	8	38.92532	32
8	--	1.559801	2.161829	7	40.48512	33
7	--	0.745398	1.692947	6	41.23052	34
6	--	0.927391	1.242492	5	42.15791	35
5	--	1.536732	1.63937	4	43.69464	36
4	--	0.658279	0.897996	3	44.35292	37
3	--	0.798303	1.926313	2	45.15122	38
2	--	2.067669	1.175817	3	46.32704	39
3	--	1.694637	1.642953	4	47.96999	40
4	--	1.268442	0.817965	5	48.78796	41
5	--	1.177571	1.46709	4	49.96553	42
4	--	1.376683	0.760927	5	50.72646	43
5	--	1.365	1.329241	6	52.0557	44
6	--	1.059627	1.033919	7	53.08962	45
7	--	1.86765	1.588911	8	54.67853	46
8	--	1.085652	1.881447	7	55.76418	47
7	--	1.49563	0.789235	8	56.55342	48
8	--	0.988374	1.459231	7	57.54179	49
7	--	0.863474	1.051183	6	58.40526	50
6	--	1.477775	1.335488	7	59.74075	51
7	--	1.238776	1.637713	6	60.97953	52
6	--	1.372377	0.730312	7	61.70984	53
7	--	0.925949	1.175169	6	62.63579	54
6	--	1.359857	0.851953	7	63.48774	55
7	--	1.555871	1.39884	8	64.88658	56
8	--	1.58203	2.19661	7	66.46861	57
7	--	0.90953	1.712655	6	67.37814	58
6	--	1.319098	0.960697	7	68.33884	59
7	--	1.18981	1.07298	8	69.41182	60
8	--	1.410639	0.970673	9	70.38249	61
9	--	2.023934	2.552127	8	72.40642	62
8	--	1.322139	1.337653	7	73.72856	63
7	--	1.767466	0.843184	8	74.57174	64
8	--	2.637005	0.968851	9	75.54059	65
9	--	3.852405	4.506745	8	79.393	66
8	--	1.160397	1.021414	9	80.41441	67
9	--	1.8279	4.216592	8	82.24231	68
8	--	2.561316	2.359798	9	84.60211	69
9	--	2.242256	3.49133	8	86.84437	70
8	--	1.168622	2.478436	7	88.01299	71
7	--	0.90878	0.944615	6	88.92177	72
6	--	1.305956	0.943289	7	89.86506	73
7	--	1.434639	0.904027	8	90.76909	74
8	--	1.085457	1.529581	7	91.85455	75
7	--	1.340391	1.280264	8	93.13481	76
8	--	2.01583	2.387521	7	95.15064	77
7	--	0.833579	0.735664	8	95.8863	78
8	--	1.062448	1.297835	7	96.94875	79
7	--	1.527497	1.739999	6	98.47625	80
6	--	1.25673	0.863304	7	99.33955	81
7	--	1.481053	1.508454	6	100.8206	82
6	--	1.197677	0.895264	7	101.71586	83
7	--	1.383922	0.784131	8	102.49999	84
8	--	1.579464	2.448235	7	104.07945	85
7	--	1.397068	1.086968	8	105.16642	86
8	--	2.026075	1.102149	9	106.26857	87
9	--	4.706937	1.994817	10	108.26339	88

test #35
6	--	1.545531	1.440091	7	1.44009	1
7	--	1.675637	1.483311	8	2.9234	2
8	--	1.289723	1.79215	7	4.21312	3
7	--	1.249189	0.809239	8	5.02236	4
8	--	1.304415	2.376574	7	6.32678	5
7	--	1.090941	1.209762	6	7.41772	6
6	--	0.692449	1.35996	5	8.11017	7
5	--	1.068397	1.672648	4	9.17857	8
4	--	0.912349	1.151439	3	10.09092	9
3	--	0.870909	0.88006	2	10.96183	10
2	--	2.294753	1.303225	3	12.26506	11
3	--	0.825515	0.981806	2	13.09057	12
2	--	1.815683	2.017651	1	14.90625	13
1	--	3.291791	1.883693	2	16.78994	14
2	--	1.106889	1.304408	1	17.89683	15
1	--	3.140683	2.942304	2	20.83913	16
2	--	1.842593	2.107401	1	22.68172	17
1	--	2.151764	2.293468	0	24.83348	18

test #36
6	--	0.913124	1.272509	5	0.91312	1
5	--	1.446202	1.15552	6	2.06864	2
6	--	1.108683	0.644245	7	2.71288	3
7	--	1.55575	1.162296	8	3.87518	4
8	--	0.982647	2.418406	7	4.85783	5
7	--	0.767184	1.998117	6	5.62501	6
6	--	1.360913	1.753582	5	6.98592	7
5	--	1.562672	1.523564	6	8.50948	8
6	--	0.874453	1.429776	5	9.38393	9
5	--	1.350834	0.868405	6	10.25233	10
6	--	0.694085	0.663906	7	10.91624	11
7	--	0.8454	0.783819	8	11.70006	12
8	--	1.745559	2.002889	7	13.44562	13
7	--	1.135424	1.313759	6	14.58104	14
6	--	1.200704	1.699782	5	15.78174	15
5	--	1.175782	1.645702	4	16.95752	16
4	--	1.087708	0.746183	5	17.7037	17
5	--	1.189337	0.750863	6	18.45456	18
6	--	1.352851	0.801694	7	19.25625	19
7	--	1.653367	0.964785	8	20.22104	20
8	--	1.335967	1.039286	9	21.26033	21
9	--	2.464637	2.437843	10	23.69817	22

test #37
6	--	1.054758	1.427311	5	1.05476	1
5	--	1.283706	0.669427	6	1.72419	2
6	--	1.614221	1.453442	7	3.17763	3
7	--	1.064659	1.454284	6	4.24229	4
6	--	1.049239	0.90787	7	5.15016	5
7	--	1.453965	0.767447	8	5.91761	6
8	--	2.607705	1.467116	9	7.38473	7
9	--	2.049559	4.133156	8	9.43429	8
8	--	1.713138	1.02285	9	10.45714	9
9	--	3.547118	4.481768	8	14.00426	10
8	--	1.774191	2.404409	7	15.77845	11
7	--	1.070568	1.837322	6	16.84902	12
6	--	1.444426	1.269026	7	18.11805	13
7	--	1.122605	1.343299	6	19.24066	14
6	--	1.169731	0.784547	7	20.02521	15
7	--	0.764675	1.825166	6	20.78988	16
6	--	0.652593	1.512056	5	21.44247	17
5	--	1.255716	1.464253	4	22.69819	18
4	--	1.723542	1.158482	5	23.85667	19
5	--	0.692325	1.583603	4	24.54899	20
4	--	1.2325	0.985902	5	25.53489	21
5	--	0.94194	1.328194	4	26.47683	22
4	--	1.036448	0.783307	5	27.26014	23
5	--	0.725184	0.622329	6	27.88247	24
6	--	0.921813	1.089753	5	28.80428	25
5	--	1.336109	0.991517	6	29.7958	26
6	--	1.091888	1.218424	5	30.88769	27
5	--	0.928022	1.070578	4	31.81571	28
4	--	1.282335	0.773256	5	32.58897	29
5	--	0.87832	0.757783	6	33.34675	30
6	--	0.720226	1.347779	5	34.06698	31
5	--	1.329968	1.316572	6	35.38355	32
6	--	1.182511	1.183777	5	36.56606	33
5	--	1.01477	1.383652	4	37.58083	34
4	--	0.833108	0.773547	5	38.35438	35
5	--	1.619361	1.47653	6	39.83091	36
6	--	1.075853	1.519733	5	40.90676	37
5	--	0.682628	1.307883	4	41.58939	38
4	--	0.672456	0.889432	3	42.26185	39
3	--	1.929695	1.027221	4	43.28907	40
4	--	1.316644	1.325283	3	44.60571	41
3	--	1.96287	1.495056	4	46.10077	42
4	--	0.881625	0.649028	5	46.7498	43
5	--	1.294137	1.231871	6	47.98167	44
6	--	1.714602	1.17719	7	49.15886	45
7	--	0.834606	1.584104	6	49.99347	46
6	--	1.605658	1.506135	7	51.49961	47
7	--	1.050368	1.086907	6	52.54998	48
6	--	1.38461	1.374215	7	53.92419	49
7	--	0.801662	1.731186	6	54.72585	50
6	--	0.953933	1.250874	5	55.67978	51
5	--	1.268291	1.203958	6	56.88374	52
6	--	0.926058	1.19697	5	57.8098	53
5	--	1.007953	1.290127	4	58.81775	54
4	--	0.642055	1.151114	3	59.45981	55
3	--	1.072629	1.255106	2	60.53244	56
2	--	2.386206	2.366017	3	62.89846	57
3	--	1.339016	0.76915	4	63.66761	58
4	--	0.876706	1.151323	3	64.54432	59
3	--	1.943264	0.85886	4	65.40318	60
4	--	1.389963	1.604743	3	66.79314	61
3	--	0.747371	0.754835	2	67.54051	62
2	--	1.634567	1.106675	3	68.64719	63
3	--	1.344337	0.729103	4	69.37629	64
4	--	1.272236	1.110909	5	70.4872	65
5	--	0.967662	0.624872	6	71.11207	66
6	--	0.887164	0.955169	5	71.99923	67
5	--	1.000119	0.818159	6	72.81739	68
6	--	0.657786	0.637164	7	73.45455	69
7	--	1.269081	0.920067	8	74.37462	70
8	--	1.925128	1.543597	9	75.91822	71
9	--	3.1119	4.672006	8	79.03012	72
8	--	1.681284	1.517982	9	80.5481	73
9	--	2.742917	2.190705	10	82.7388	74

test #38
6	--	1.260686	1.576173	5	1.26069	1
5	--	1.603259	1.51257	6	2.77326	2
6	--	0.961801	1.666082	5	3.73506	3
5	--	1.372491	1.096853	6	4.83191	4
6	--	1.521073	1.12051	7	5.95242	5
7	--	1.020729	0.862711	8	6.81513	6
8	--	1.856092	1.167006	9	7.98214	7
9	--	2.328642	4.624124	8	10.31078	8
8	--	1.298345	1.443891	7	11.60913	9
7	--	1.051906	1.623131	6	12.66104	10
6	--	0.655721	0.759642	5	13.31676	11
5	--	1.610277	1.620563	4	14.92704	12
4	--	0.66188	1.361524	3	15.58892	13
3	--	0.816281	1.964132	2	16.4052	14
2	--	1.719494	1.520828	3	17.92603	15
3	--	1.787983	1.037046	4	18.96308	16
4	--	0.718453	1.210092	3	19.68153	17
3	--	1.197225	1.414558	2	20.87875	18
2	--	2.42006	1.770868	3	22.64962	19
3	--	1.74012	0.774799	4	23.42442	20
4	--	1.602556	1.26675	5	24.69117	21
5	--	1.639096	0.973806	6	25.66498	22
6	--	1.72274	1.746257	5	27.38772	23
5	--	0.659675	1.14014	4	28.0474	24
4	--	1.692384	1.151408	5	29.19881	25
5	--	1.363998	1.021962	6	30.22077	26
6	--	0.905855	1.43716	5	31.12662	27
5	--	0.945848	1.267076	4	32.07247	28
4	--	1.593233	0.728148	5	32.80062	29
5	--	0.736376	1.163411	4	33.537	30
4	--	1.067115	1.404174	3	34.60412	31
3	--	0.907796	1.854114	2	35.51192	32
2	--	1.163995	1.186008	1	36.67591	33
1	--	3.196809	1.999628	2	38.67554	34
2	--	1.67345	2.074844	1	40.34899	35
1	--	2.577066	2.51396	2	42.86295	36
2	--	1.217404	1.861242	1	44.08035	37
1	--	4.408188	3.014295	2	47.09465	38
2	--	0.957814	1.166825	1	48.05246	39
1	--	1.794114	2.904699	0	49.84657	40

test #39
6	--	1.213245	0.777686	7	0.77769	1
7	--	1.445267	1.48732	6	2.22296	2
6	--	0.962909	0.936403	7	3.15936	3
7	--	1.903959	1.402264	8	4.56162	4
8	--	1.288696	2.083619	7	5.85032	5
7	--	0.763381	1.45076	6	6.6137	6
6	--	0.817382	0.678868	7	7.29257	7
7	--	1.493948	0.826608	8	8.11918	8
8	--	2.573671	1.631173	9	9.75035	9
9	--	3.564608	2.107598	10	11.85795	10

test #40
6	--	0.805068	1.277072	5	0.80507	1
5	--	1.11302	0.998857	6	1.80393	2
6	--	1.321239	1.589485	5	3.12517	3
5	--	0.910744	0.77526	6	3.90043	4
6	--	1.260792	1.18263	7	5.08306	5
7	--	0.814737	1.850619	6	5.8978	6
6	--	0.663949	0.87185	5	6.56175	7
5	--	0.780287	0.990796	4	7.34204	8
4	--	1.425121	1.68115	3	8.76716	9
3	--	1.348749	1.815009	2	10.11591	10
2	--	2.281147	1.153486	3	11.2694	11
3	--	1.06145	1.252602	2	12.33085	12
2	--	2.154682	1.594053	3	13.9249	13
3	--	0.966198	1.356372	2	14.8911	14
2	--	1.318031	2.658709	1	16.20913	15
1	--	3.17584	4.729555	0	19.38497	16

test #41
6	--	1.259157	1.074781	7	1.07478	1
7	--	0.894134	1.697337	6	1.96891	2
6	--	1.234134	1.388589	5	3.20304	3
5	--	0.894638	1.238382	4	4.09768	4
4	--	0.992651	1.13524	3	5.09033	5
3	--	1.020925	1.456349	2	6.11126	6
2	--	1.113716	1.798711	1	7.22498	7
1	--	2.984761	3.400828	0	10.20974	8

test #42
6	--	1.602876	1.212987	7	1.21299	1
7	--	1.274068	1.078208	8	2.2912	2
8	--	1.178448	1.765327	7	3.46965	3
7	--	0.755641	1.299219	6	4.22529	4
6	--	1.202829	1.406948	5	5.42812	5
5	--	1.005991	0.798441	6	6.22656	6
6	--	1.591716	0.685459	7	6.91202	7
7	--	1.228864	1.573609	6	8.14088	8
6	--	0.948748	1.447547	5	9.08963	9
5	--	0.694487	0.847165	4	9.78412	10
4	--	1.268434	0.653628	5	10.43775	11
5	--	1.162514	1.07167	6	11.50942	12
6	--	0.864612	0.901246	5	12.37403	13
5	--	1.226362	1.188302	6	13.56233	14
6	--	1.119352	0.682274	7	14.2446	15
7	--	1.55463	1.679483	6	15.79923	16
6	--	0.862442	0.893322	5	16.66167	17
5	--	0.755518	1.029052	4	17.41719	18
4	--	1.280868	0.706355	5	18.12354	19
5	--	1.479654	1.273244	6	19.39678	20
6	--	0.653861	0.665593	5	20.05064	21
5	--	1.359203	1.091872	6	21.14251	22
6	--	1.168682	0.817605	7	21.96012	23
7	--	1.956946	1.777078	8	23.7372	24
8	--	2.07953	2.473486	7	25.81673	25
7	--	1.509222	1.320695	8	27.13742	26
8	--	1.629019	1.350148	9	28.48757	27
9	--	2.730984	3.051988	8	31.21855	28
8	--	2.277866	1.013168	9	32.23172	29
9	--	3.222899	4.726338	8	35.45462	30
8	--	1.348396	1.435515	7	36.80302	31
7	--	0.825189	1.064338	6	37.62821	32
6	--	0.983115	0.970857	7	38.59907	33
7	--	1.076633	0.954073	8	39.55314	34
8	--	1.607118	2.058741	7	41.16026	35
7	--	1.059933	1.757282	6	42.22019	36
6	--	1.199048	0.863544	7	43.08373	37
7	--	1.600045	1.374292	8	44.45802	38
8	--	1.843925	1.679985	9	46.13801	39
9	--	3.289159	3.512406	8	49.42717	40
8	--	2.671418	1.516469	9	50.94364	41
9	--	3.376255	3.696587	8	54.3199	42
8	--	2.630839	1.631057	9	55.95096	43
9	--	4.669981	2.932724	10	58.88368	44

test #43
6	--	1.573985	0.85363	7	0.85363	1
7	--	1.017452	1.859293	6	1.87108	2
6	--	1.003426	0.78722	7	2.6583	3
7	--	1.060906	1.733475	6	3.71921	4
6	--	0.658565	0.637392	7	4.3566	5
7	--	0.909912	0.728483	8	5.08508	6
8	--	2.103172	0.988355	9	6.07343	7
9	--	2.196382	3.239302	8	8.26981	8
8	--	1.786533	2.038796	7	10.05634	9
7	--	1.677297	1.51279	8	11.56913	10
8	--	1.962658	2.552023	7	13.53179	11
7	--	1.756586	1.882718	6	15.28838	12
6	--	0.770844	1.476602	5	16.05922	13
5	--	0.668925	1.217891	4	16.72814	14
4	--	0.708238	1.045466	3	17.43638	15
3	--	2.01022	1.77676	4	19.21314	16
4	--	0.845179	1.408059	3	20.05832	17
3	--	1.929629	1.690168	4	21.74849	18
4	--	1.05889	1.252166	3	22.80738	19
3	--	1.081966	1.419465	2	23.88935	20
2	--	2.161202	2.343928	1	26.05055	21
1	--	3.181998	3.709808	0	29.23255	22

test #44
6	--	1.125091	1.147698	5	1.12509	1
5	--	0.985549	1.245729	4	2.11064	2
4	--	0.911057	0.671305	5	2.78195	3
5	--	1.269417	1.355313	4	4.05137	4
4	--	1.185082	1.215775	3	5.23645	5
3	--	1.802859	0.836883	4	6.07333	6
4	--	0.63719	1.153484	3	6.71052	7
3	--	1.49285	0.984656	4	7.69518	8
4	--	0.821276	1.375888	3	8.51646	9
3	--	0.757453	1.231391	2	9.27391	10
2	--	1.658208	1.587111	3	10.86102	11
3	--	0.760493	1.043183	2	11.62151	12
2	--	1.026202	1.057406	1	12.64771	13
1	--	3.544169	4.363647	0	16.19188	14

test #45
6	--	1.617995	1.389262	7	1.38926	1
7	--	0.803816	1.296202	6	2.19308	2
6	--	0.712232	0.75633	5	2.90531	3
5	--	1.490661	0.775105	6	3.68042	4
6	--	1.042384	0.802399	7	4.48282	5
7	--	1.192311	0.997814	8	5.48063	6
8	--	1.92717	1.123547	9	6.60418	7
9	--	2.606106	2.299016	10	8.9032	8

test #46
6	--	0.984089	1.397313	5	0.98409	1
5	--	1.131791	1.695507	4	2.11588	2
4	--	1.05527	0.646478	5	2.76236	3
5	--	1.523891	0.962405	6	3.72476	4
6	--	1.347391	0.843444	7	4.5682	5
7	--	1.166251	1.433066	6	5.73445	6
6	--	0.750614	1.159416	5	6.48506	7
5	--	1.236661	1.509775	4	7.72172	8
4	--	0.857823	1.262705	3	8.57954	9
3	--	1.432265	1.152427	4	9.73197	10
4	--	1.006892	1.170227	3	10.73886	11
3	--	1.942363	0.994673	4	11.73353	12
4	--	0.865827	1.460541	3	12.59936	13
3	--	1.753574	1.33069	4	13.93005	14
4	--	0.7812	1.294885	3	14.71125	15
3	--	1.152873	1.428691	2	15.86412	16
2	--	1.955892	2.415296	1	17.82001	17
1	--	4.668698	3.458564	2	21.27857	18
2	--	1.724046	1.693002	3	22.97157	19
3	--	0.966645	1.081257	2	23.93821	20
2	--	1.555867	1.934872	1	25.49408	21
1	--	2.495025	2.658461	0	27.98911	22

test #47
6	--	0.867312	1.202263	5	0.86731	1
5	--	1.577027	0.712054	6	1.57936	2
6	--	0.718126	1.417566	5	2.29749	3
5	--	0.648541	0.908371	4	2.94603	4
4	--	1.385346	0.872063	5	3.81809	5
5	--	1.613167	0.870235	6	4.68832	6
6	--	0.734891	1.201757	5	5.42321	7
5	--	0.991012	1.350219	4	6.41422	8
4	--	1.201266	1.75362	3	7.61549	9
3	--	0.748111	1.039719	2	8.3636	10
2	--	1.415256	2.023676	1	9.77886	11
1	--	3.482562	4.090553	0	13.26142	12

test #48
6	--	0.935987	0.705022	7	0.70502	1
7	--	0.940096	1.787881	6	1.64512	2
6	--	1.580915	1.255999	7	2.90112	3
7	--	0.780791	1.255149	6	3.68191	4
6	--	1.466456	0.655434	7	4.33734	5
7	--	1.102944	0.790555	8	5.1279	6
8	--	1.560962	1.680569	7	6.68886	7
7	--	1.052613	2.033436	6	7.74147	8
6	--	0.839448	1.284115	5	8.58092	9
5	--	0.79286	1.448241	4	9.37378	10
4	--	1.332548	0.799904	5	10.17368	11
5	--	0.966364	0.684646	6	10.85833	12
6	--	0.836155	0.937377	5	11.69448	13
5	--	1.67099	0.740558	6	12.43504	14
6	--	1.493518	1.23142	7	13.66646	15
7	--	1.88034	1.907978	6	15.5468	16
6	--	1.185246	1.212713	5	16.73205	17
5	--	0.800375	1.350747	4	17.53242	18
4	--	1.632744	0.72979	5	18.26221	19
5	--	1.594119	1.089924	6	19.35213	20
6	--	1.378602	0.905906	7	20.25804	21
7	--	1.423087	0.762725	8	21.02076	22
8	--	2.484668	1.576487	9	22.59725	23
9	--	3.035787	3.996999	8	25.63304	24
8	--	1.714709	1.191629	9	26.82467	25
9	--	2.348318	2.587726	8	29.17299	26
8	--	1.168764	1.23734	7	30.34175	27
7	--	1.365968	1.875042	6	31.70772	28
6	--	1.633621	0.980446	7	32.68817	29
7	--	1.315075	1.076665	8	33.76483	30
8	--	2.418913	1.749083	9	35.51391	31
9	--	3.856168	3.358224	10	38.87213	32

test #49
6	--	1.044937	1.032065	7	1.03207	1
7	--	1.158533	0.908337	8	1.94041	2
8	--	1.958088	2.559837	7	3.8985	3
7	--	1.440897	1.475117	6	5.3394	4
6	--	0.832853	1.560263	5	6.17225	5
5	--	1.227981	0.688847	6	6.8611	6
6	--	1.319354	0.734569	7	7.59567	7
7	--	0.753549	1.860662	6	8.34922	8
6	--	1.016153	1.571226	5	9.36537	9
5	--	1.078544	1.398052	4	10.44391	10
4	--	1.157684	0.946019	5	11.38993	11
5	--	0.973689	0.890308	6	12.28024	12
6	--	0.976748	1.592237	5	13.25699	13
5	--	0.687588	1.057292	4	13.94458	14
4	--	0.737677	1.00498	3	14.68226	15
3	--	0.870076	1.332439	2	15.55234	16
2	--	1.586522	1.45707	3	17.00941	17
3	--	1.848243	0.833963	4	17.84337	18
4	--	1.082895	1.592701	3	18.92626	19
3	--	1.63423	1.597647	4	20.52391	20
4	--	0.697285	1.190585	3	21.2212	21
3	--	1.276059	0.851495	4	22.0727	22
4	--	0.917893	1.458232	3	22.99059	23
3	--	1.231985	0.825052	4	23.81564	24
4	--	1.376509	0.715003	5	24.53064	25
5	--	1.183478	1.612292	4	25.71412	26
4	--	0.642892	1.741412	3	26.35701	27
3	--	1.308218	1.294775	4	27.65179	28
4	--	0.658021	0.688365	3	28.30981	29
3	--	1.157953	1.22197	2	29.46776	30
2	--	1.262757	1.455245	1	30.73052	31
1	--	2.321711	4.130207	0	33.05223	32

test #50
6	--	0.859043	1.42799	5	0.85904	1
5	--	1.572467	1.315251	6	2.17429	2
6	--	0.658656	0.660904	5	2.83295	3
5	--	1.403385	0.718945	6	3.55189	4
6	--	1.322752	1.075996	7	4.62789	5
7	--	1.25385	1.412452	6	5.88174	6
6	--	1.1008	0.652719	7	6.53446	7
7	--	0.729607	1.356716	6	7.26407	8
6	--	0.762621	0.68025	7	7.94432	9
7	--	1.260232	1.444187	6	9.20455	10
6	--	1.051879	0.851046	7	10.0556	11
7	--	1.219056	0.871736	8	10.92734	12
8	--	1.428057	1.378393	9	12.30573	13
9	--	3.660923	3.818671	8	15.96665	14
8	--	1.291849	1.091414	9	17.05806	15
9	--	1.708944	2.245968	8	18.767	16
8	--	2.500522	1.283349	9	20.05035	17
9	--	3.937997	4.43541	8	23.98835	18
8	--	1.364768	2.130294	7	25.35312	19
7	--	1.57814	1.955545	6	26.93126	20
6	--	1.053004	0.874065	7	27.80532	21
7	--	0.909913	1.974572	6	28.71523	22
6	--	1.303644	1.166939	7	29.88217	23
7	--	1.973508	1.251282	8	31.13345	24
8	--	1.785498	2.364162	7	32.91895	25
7	--	0.872053	0.910367	6	33.791	26
6	--	1.622797	0.888848	7	34.67985	27
7	--	0.900309	1.002717	6	35.58016	28
6	--	1.574686	1.561546	7	37.14171	29
7	--	1.869568	1.058395	8	38.2001	30
8	--	1.258817	2.103606	7	39.45892	31
7	--	1.011113	1.487085	6	40.47003	32
6	--	0.945192	1.730922	5	41.41522	33
5	--	1.110229	1.113603	4	42.52545	34
4	--	1.320703	1.466374	3	43.84615	35
3	--	1.73434	0.774855	4	44.621	36
4	--	1.111476	1.153982	3	45.73248	37
3	--	1.931258	0.909717	4	46.6422	38
4	--	0.786687	0.695884	5	47.33808	39
5	--	1.00703	1.566065	4	48.34511	40
4	--	0.736081	1.603052	3	49.08119	41
3	--	1.083973	1.09832	2	50.16516	42
2	--	1.731612	1.277074	3	51.44223	43
3	--	0.965873	1.35525	2	52.4081	44
2	--	2.664996	1.151264	3	53.55936	45
3	--	1.189026	1.210993	2	54.74839	46
2	--	2.46066	1.599441	3	56.34783	47
3	--	1.876145	1.017198	4	57.36503	48
4	--	1.662991	0.748116	5	58.11315	49
5	--	1.54452	1.030274	6	59.14342	50
6	--	1.488887	0.774741	7	59.91816	51
7	--	0.894816	1.452459	6	60.81298	52
6	--	1.282559	0.937601	7	61.75058	53
7	--	1.350252	0.802533	8	62.55311	54
8	--	1.025544	0.979716	9	63.53283	55
9	--	2.054723	2.14939	8	65.58755	56
8	--	1.448169	1.918715	7	67.03572	57
7	--	0.947011	1.431715	6	67.98273	58
6	--	1.666335	1.265549	7	69.24828	59
7	--	0.916365	1.946236	6	70.16464	60
6	--	1.619757	1.339539	7	71.50418	61
7	--	1.094726	0.93336	8	72.43754	62
8	--	1.665403	1.938461	7	74.10294	63
7	--	1.853425	1.677014	8	75.77995	64
8	--	1.706475	1.291774	9	77.07172	65
9	--	2.154188	4.524147	8	79.22591	66
8	--	1.348391	1.883217	7	80.5743	67
7	--	1.429396	1.42141	8	81.99571	68
8	--	1.188949	0.970853	9	82.96656	69
9	--	2.816892	2.558141	10	85.5247	70

test #51
6	--	0.795359	0.909847	5	0.79536	1
5	--	1.420925	0.635077	6	1.43044	2
6	--	1.369035	1.274424	7	2.70486	3
7	--	1.904968	1.60154	8	4.3064	4
8	--	1.107795	1.915482	7	5.4142	5
7	--	0.769463	1.203167	6	6.18366	6
6	--	1.531505	1.207773	7	7.39143	7
7	--	0.927385	1.397913	6	8.31882	8
6	--	1.644094	1.303299	7	9.62212	9
7	--	0.973306	1.157777	6	10.59543	10
6	--	0.957233	1.631453	5	11.55266	11
5	--	0.647184	1.099909	4	12.19984	12
4	--	1.334757	1.744904	3	13.5346	13
3	--	1.008794	0.9544	4	14.489	14
4	--	1.039805	0.889496	5	15.3785	15
5	--	0.69701	0.707911	4	16.07551	16
4	--	1.615823	1.289272	5	17.36478	17
5	--	0.652713	0.633015	6	17.99779	18
6	--	0.655835	1.447342	5	18.65362	19
5	--	1.157628	1.499078	4	19.81125	20
4	--	1.468717	1.199771	5	21.01102	21
5	--	0.827887	1.663765	4	21.83891	22
4	--	1.051635	1.574365	3	22.89055	23
3	--	0.880606	1.507507	2	23.77116	24
2	--	1.541653	1.371971	3	25.14313	25
3	--	1.300678	0.930054	4	26.07318	26
4	--	1.699421	0.672373	5	26.74555	27
5	--	1.146302	1.054968	6	27.80052	28
6	--	0.870772	0.782732	7	28.58325	29
7	--	1.494745	0.955291	8	29.53854	30
8	--	1.407062	1.017073	9	30.55561	31
9	--	3.068249	2.713931	10	33.26954	32

test #52
6	--	1.292158	0.852613	7	0.85261	1
7	--	1.499463	1.043317	8	1.89593	2
8	--	2.346891	1.164527	9	3.06046	3
9	--	2.325173	2.069457	10	5.12992	4

test #53
6	--	1.630956	1.113802	7	1.1138	1
7	--	0.756567	1.033805	6	1.87037	2
6	--	1.280058	1.061098	7	2.93147	3
7	--	1.73126	1.453277	8	4.38475	4
8	--	2.445053	2.234543	9	6.61929	5
9	--	2.463122	2.18562	10	8.80491	6

test #54
6	--	1.503967	1.287702	7	1.2877	1
7	--	1.939991	1.601349	8	2.88905	2
8	--	2.15196	2.324658	7	5.04101	3
7	--	0.850309	0.907666	6	5.89132	4
6	--	1.172659	1.555263	5	7.06398	5
5	--	0.668685	1.515324	4	7.73266	6
4	--	1.508228	0.663012	5	8.39567	7
5	--	1.626525	1.565458	6	9.96113	8
6	--	0.663835	0.763897	5	10.62496	9
5	--	1.101983	1.198194	4	11.72694	10
4	--	1.384588	0.636648	5	12.36359	11
5	--	1.164029	0.91751	6	13.2811	12
6	--	0.841988	0.930019	5	14.12309	13
5	--	1.078026	1.638191	4	15.20112	14
4	--	1.028486	1.300351	3	16.22961	15
3	--	1.700556	0.815097	4	17.04471	16
4	--	1.487638	0.846705	5	17.89142	17
5	--	1.590277	0.685326	6	18.57675	18
6	--	1.354188	0.69436	7	19.27111	19
7	--	2.03328	1.838164	8	21.10927	20
8	--	2.082456	2.227787	7	23.19173	21
7	--	0.921441	0.967084	6	24.11317	22
6	--	1.203808	1.307819	5	25.31698	23
5	--	1.188838	1.596519	4	26.50582	24
4	--	0.937107	1.259652	3	27.44293	25
3	--	0.759905	1.823094	2	28.20284	26
2	--	2.359954	2.202113	3	30.40495	27
3	--	0.739687	1.844415	2	31.14464	28
2	--	2.205385	2.309137	1	33.35003	29
1	--	2.893993	3.424467	0	36.24402	30

test #55
6	--	0.656264	1.130244	5	0.65626	1
5	--	1.261098	1.497607	4	1.91736	2
4	--	0.948094	1.446978	3	2.86545	3
3	--	1.734097	1.901753	2	4.59955	4
2	--	1.478879	1.735651	1	6.07843	5
1	--	2.80907	4.672162	0	8.8875	6

test #56
6	--	1.565609	1.524904	7	1.5249	1
7	--	1.155871	0.866873	8	2.39177	2
8	--	1.730651	2.015738	7	4.12242	3
7	--	0.759276	1.064571	6	4.8817	4
6	--	0.654558	1.356992	5	5.53626	5
5	--	1.078517	0.863836	6	6.4001	6
6	--	0.734464	1.574744	5	7.13456	7
5	--	1.171606	0.62895	6	7.76351	8
6	--	0.780021	0.67785	7	8.44136	9
7	--	1.247668	1.222621	8	9.66398	10
8	--	1.523367	2.238212	7	11.18735	11
7	--	1.326824	1.682359	6	12.51417	12
6	--	1.732343	0.697686	7	13.21186	13
7	--	1.02741	1.399412	6	14.23927	14
6	--	0.653388	1.456692	5	14.89266	15
5	--	0.679002	1.196027	4	15.57166	16
4	--	1.670878	1.094926	5	16.66659	17
5	--	1.215724	1.494	4	17.88231	18
4	--	0.79616	0.888973	3	18.67847	19
3	--	1.126736	1.262665	2	19.80521	20
2	--	1.386594	1.104632	3	20.90984	21
3	--	1.819259	1.092721	4	22.00256	22
4	--	1.012927	1.038007	3	23.01549	23
3	--	0.793973	1.361889	2	23.80946	24
2	--	1.880958	2.155648	1	25.69042	25
1	--	3.790929	2.039003	2	27.72942	26
2	--	1.90218	1.104795	3	28.83421	27
3	--	1.671972	1.102395	4	29.93661	28
4	--	1.105357	1.344195	3	31.04197	29
3	--	1.198926	1.299209	2	32.2409	30
2	--	2.317511	2.102256	3	34.34316	31
3	--	1.784621	1.215433	4	35.55859	32
4	--	1.68448	0.921249	5	36.47984	33
5	--	1.620976	1.365093	6	37.84493	34
6	--	0.70684	1.673248	5	38.55177	35
5	--	0.967223	0.777506	6	39.32928	36
6	--	0.861743	0.968682	5	40.19102	37
5	--	1.494157	1.485214	6	41.67623	38
6	--	1.374685	1.499987	5	43.05091	39
5	--	1.227579	0.72836	6	43.77927	40
6	--	1.130787	1.588539	5	44.91006	41
5	--	0.758132	1.361532	4	45.66819	42
4	--	1.320636	1.673922	3	46.98883	43
3	--	0.96361	1.476275	2	47.95244	44
2	--	1.062675	1.867549	1	49.01512	45
1	--	3.196595	3.789625	0	52.21171	46

test #57
6	--	1.645248	1.349694	7	1.34969	1
7	--	1.772612	1.53298	8	2.88267	2
8	--	1.158961	1.242104	7	4.04163	3
7	--	0.901761	0.962333	6	4.94339	4
6	--	1.407583	1.012137	7	5.95553	5
7	--	1.608421	1.14787	8	7.1034	6
8	--	2.359011	1.045693	9	8.14909	7
9	--	1.839001	1.867337	8	9.98809	8
8	--	1.847887	2.161013	7	11.83598	9
7	--	0.922844	1.016007	6	12.75882	10
6	--	0.691018	1.727946	5	13.44984	11
5	--	0.880344	0.666888	6	14.11673	12
6	--	1.234159	1.660006	5	15.35089	13
5	--	1.591881	0.750964	6	16.10185	14
6	--	1.580085	0.850046	7	16.9519	15
7	--	1.597649	1.860994	6	18.54955	16
6	--	1.396691	1.236526	7	19.78608	17
7	--	1.366241	1.829647	6	21.15232	18
6	--	0.746567	1.157132	5	21.89889	19
5	--	1.351077	0.999068	6	22.89796	20
6	--	0.67382	0.932476	5	23.57178	21
5	--	1.194585	0.616181	6	24.18796	22
6	--	0.837459	1.303341	5	25.02542	23
5	--	0.655069	0.833131	4	25.68049	24
4	--	1.400067	1.000572	5	26.68106	25
5	--	1.298295	1.161568	6	27.84263	26
6	--	1.149252	0.95935	7	28.80198	27
7	--	1.59812	0.860195	8	29.66218	28
8	--	1.67567	1.401892	9	31.06407	29
9	--	1.860888	2.871928	8	32.92496	30
8	--	1.228029	1.195522	9	34.12048	31
9	--	2.677141	2.743463	8	36.79762	32
8	--	2.666704	2.51213	9	39.30975	33
9	--	1.833651	2.737541	8	41.1434	34
8	--	2.393223	1.680554	9	42.82395	35
9	--	4.669524	2.237496	10	45.06145	36

test #58
6	--	1.528506	0.97191	7	0.97191	1
7	--	1.672869	1.669793	8	2.6417	2
8	--	1.849936	1.657531	9	4.29923	3
9	--	3.647429	4.47022	8	7.94666	4
8	--	1.729265	1.242996	9	9.18966	5
9	--	3.208422	2.276111	10	11.46577	6

test #59
6	--	0.743628	1.190747	5	0.74363	1
5	--	0.763657	1.367845	4	1.50729	2
4	--	1.220471	0.901866	5	2.40916	3
5	--	1.22038	1.451734	4	3.62954	4
4	--	1.458488	0.912718	5	4.54226	5
5	--	1.076093	1.335781	4	5.61835	6
4	--	1.629291	1.176688	5	6.79504	7
5	--	1.412672	0.631811	6	7.42685	8
6	--	1.445041	1.468488	5	8.87189	9
5	--	0.845406	1.258185	4	9.7173	10
4	--	1.214784	0.720979	5	10.43828	11
5	--	0.842134	0.932352	4	11.28041	12
4	--	1.332156	0.872914	5	12.15332	13
5	--	0.834962	1.166005	4	12.98828	14
4	--	1.551994	1.581483	3	14.54027	15
3	--	0.952813	1.487439	2	15.49308	16
2	--	1.196592	1.084271	3	16.57735	17
3	--	1.156905	1.762643	2	17.73426	18
2	--	2.43407	2.371384	3	20.10564	19
3	--	1.018784	1.595934	2	21.12442	20
2	--	1.742111	1.284609	3	22.40903	21
3	--	1.428496	0.859533	4	23.26856	22
4	--	0.784923	0.807819	3	24.05348	23
3	--	1.757475	1.268861	4	25.32234	24
4	--	1.233053	0.851364	5	26.1737	25
5	--	1.444343	0.636812	6	26.81051	26
6	--	0.812202	1.123464	5	27.62271	27
5	--	1.423182	1.388619	6	29.01133	28
6	--	0.87697	1.687432	5	29.8883	29
5	--	1.362979	0.717505	6	30.6058	30
6	--	1.08906	1.466466	5	31.69486	31
5	--	0.639949	1.278965	4	32.33481	32
4	--	1.090446	1.454269	3	33.42526	33
3	--	1.94706	0.88825	4	34.31351	34
4	--	0.844908	0.796217	5	35.10973	35
5	--	1.40598	0.632579	6	35.74231	36
6	--	1.555915	0.73372	7	36.47603	37
7	--	1.29595	1.053906	8	37.52994	38
8	--	1.159442	2.438578	7	38.68938	39
7	--	1.427466	1.130788	8	39.82017	40
8	--	1.839782	1.174271	9	40.99444	41
9	--	2.716258	1.850278	10	42.84472	42

test #60
6	--	0.829513	0.664593	7	0.66459	1
7	--	0.819357	1.346342	6	1.48395	2
6	--	1.024038	0.881478	7	2.36543	3
7	--	0.951866	0.951081	8	3.31651	4
8	--	1.851668	1.678344	9	4.99485	5
9	--	2.345969	3.108263	8	7.34082	6
8	--	1.030616	2.435221	7	8.37144	7
7	--	1.260104	0.981257	8	9.3527	8
8	--	1.33377	1.795125	7	10.68647	9
7	--	0.945775	1.324983	6	11.63225	10
6	--	0.669534	0.65383	7	12.28608	11
7	--	1.264853	1.981127	6	13.55093	12
6	--	0.811412	0.885865	5	14.36234	13
5	--	1.113409	1.525189	4	15.47575	14
4	--	1.24799	1.666451	3	16.72374	15
3	--	1.737794	1.982583	2	18.46153	16
2	--	1.723988	2.556987	1	20.18552	17
1	--	3.349867	1.755311	2	21.94083	18
2	--	1.651274	1.834298	1	23.5921	19
1	--	2.942149	2.236374	2	25.82847	20
2	--	1.071143	2.602896	1	26.89961	21
1	--	3.794785	2.819202	2	29.71881	22
2	--	1.293852	2.124896	1	31.01266	23
1	--	3.915742	1.986294	2	32.99895	24
2	--	1.025538	1.846072	1	34.02449	25
1	--	2.075427	3.607976	0	36.09992	26

test #61
6	--	1.220359	0.838163	7	0.83816	1
7	--	1.74814	1.722319	8	2.56048	2
8	--	1.479003	1.63169	7	4.03948	3
7	--	0.982041	1.057418	6	5.02152	4
6	--	1.153021	1.768386	5	6.17454	5
5	--	0.69182	0.866932	4	6.86636	6
4	--	0.74977	1.056691	3	7.61613	7
3	--	1.578849	1.663689	2	9.19498	8
2	--	1.794457	1.842235	1	10.98944	9
1	--	1.821034	4.65328	0	12.81047	10

test #62
6	--	0.754006	0.698013	7	0.69801	1
7	--	0.974702	1.601747	6	1.67271	2
6	--	0.676163	0.947715	5	2.34887	3
5	--	1.555406	1.047697	6	3.39657	4
6	--	1.073372	0.957748	7	4.35432	5
7	--	1.741739	0.734316	8	5.08864	6
8	--	1.679045	1.407908	9	6.49655	7
9	--	3.395536	4.592384	8	9.89209	8
8	--	1.744066	1.185958	9	11.07805	9
9	--	2.9022	2.760887	10	13.83894	10

test #63
6	--	1.381845	1.681273	5	1.38184	1
5	--	0.946316	0.822688	6	2.20453	2
6	--	0.967951	0.932771	7	3.1373	3
7	--	1.385665	1.566804	6	4.52296	4
6	--	0.909968	1.104127	5	5.43293	5
5	--	1.264565	1.048003	6	6.48093	6
6	--	0.649604	1.064252	5	7.13053	7
5	--	0.973464	0.825927	6	7.95646	8
6	--	0.955244	1.382356	5	8.9117	9
5	--	0.681106	1.347205	4	9.59281	10
4	--	1.24124	1.559087	3	10.83405	11
3	--	1.383301	1.226283	4	12.06033	12
4	--	0.748089	0.950502	3	12.80842	13
3	--	0.941361	0.990289	2	13.74978	14
2	--	1.853178	2.115018	1	15.60296	15
1	--	1.828925	2.170767	0	17.43188	16

test #64
6	--	1.359432	0.962331	7	0.96233	1
7	--	1.006897	1.079406	6	1.96923	2
6	--	1.426388	0.718338	7	2.68757	3
7	--	1.035143	1.304083	6	3.72271	4
6	--	0.873725	0.680055	7	4.40276	5
7	--	1.385981	0.935969	8	5.33873	6
8	--	1.884991	2.288932	7	7.22372	7
7	--	1.783386	1.616659	8	8.84038	8
8	--	1.554307	1.943183	7	10.39469	9
7	--	1.448357	1.245366	8	11.64006	10
8	--	1.072821	1.431296	7	12.71288	11
7	--	1.987956	1.412661	8	14.12554	12
8	--	1.379083	2.144532	7	15.50462	13
7	--	1.906808	1.130473	8	16.63509	14
8	--	2.209939	1.055351	9	17.69044	15
9	--	2.072065	2.180362	8	19.7625	16
8	--	1.357707	1.55818	7	21.12021	17
7	--	1.692194	1.135433	8	22.25564	18
8	--	1.311461	2.231895	7	23.5671	19
7	--	1.585541	1.304652	8	24.87175	20
8	--	2.432622	2.582634	7	27.30437	21
7	--	0.847002	1.311264	6	28.15137	22
6	--	1.083732	1.129333	5	29.2351	23
5	--	1.402615	0.987567	6	30.22267	24
6	--	1.233946	0.64588	7	30.86855	25
7	--	1.094265	1.24795	6	31.96282	26
6	--	0.74884	0.634978	7	32.5978	27
7	--	1.065787	0.941723	8	33.53952	28
8	--	1.834621	2.284075	7	35.37414	29
7	--	1.029901	0.735278	8	36.10942	30
8	--	2.220907	2.652754	7	38.33033	31
7	--	0.735909	0.75335	6	39.06624	32
6	--	1.417066	1.661063	5	40.48331	33
5	--	1.007421	1.522123	4	41.49073	34
4	--	0.87115	1.093169	3	42.36188	35
3	--	1.072025	1.214248	2	43.43391	36
2	--	1.557858	2.553477	1	44.99177	37
1	--	1.921256	2.150705	0	46.91303	38

test #65
6	--	1.035731	0.940835	7	0.94083	1
7	--	1.614693	0.846634	8	1.78746	2
8	--	1.43345	2.595858	7	3.22091	3
7	--	1.742805	2.004825	6	4.96371	4
6	--	1.056247	1.13296	5	6.01996	5
5	--	0.954277	1.140694	4	6.97424	6
4	--	0.781858	0.798685	3	7.7561	7
3	--	1.649204	1.2048	4	8.9609	8
4	--	1.186145	0.956987	5	9.91789	9
5	--	1.139476	0.999921	6	10.91781	10
6	--	0.96259	1.317773	5	11.8804	11
5	--	0.806214	1.345243	4	12.68661	12
4	--	1.644693	1.31574	5	14.00235	13
5	--	1.030846	1.395793	4	15.0332	14
4	--	1.191255	1.097263	5	16.13046	15
5	--	1.366943	1.435021	4	17.4974	16
4	--	1.493628	1.146817	5	18.64422	17
5	--	0.687455	0.669801	6	19.31402	18
6	--	1.728056	0.8856	7	20.19962	19
7	--	1.70385	1.145982	8	21.3456	20
8	--	1.590188	1.366467	9	22.71207	21
9	--	2.91698	2.454204	10	25.16627	22

test #66
6	--	1.23166	1.116295	7	1.1163	1
7	--	1.916795	1.598235	8	2.71454	2
8	--	2.053011	2.267947	7	4.76755	3
7	--	1.674594	1.191113	8	5.95866	4
8	--	2.520216	2.164064	9	8.12272	5
9	--	1.93905	3.193395	8	10.06177	6
8	--	2.196391	1.108444	9	11.17021	7
9	--	1.730882	3.694072	8	12.90109	8
8	--	1.180494	1.33532	7	14.08158	9
7	--	0.822057	1.455877	6	14.90364	10
6	--	0.787915	1.496043	5	15.69156	11
5	--	1.003392	0.979844	6	16.6714	12
6	--	1.484855	1.66175	5	18.15626	13
5	--	0.868295	1.137637	4	19.02456	14
4	--	0.713224	0.653003	5	19.67756	15
5	--	0.900854	1.671574	4	20.57841	16
4	--	1.720784	1.47962	5	22.05803	17
5	--	1.23715	0.865933	6	22.92396	18
6	--	1.18418	0.966206	7	23.89017	19
7	--	1.073775	1.377919	6	24.96394	20
6	--	1.412194	0.71038	7	25.67432	21
7	--	0.809035	1.121919	6	26.48335	22
6	--	1.008895	0.8608	7	27.34415	23
7	--	1.535289	1.155543	8	28.49969	24
8	--	1.617648	1.829727	7	30.11734	25
7	--	0.815067	1.910073	6	30.93241	26
6	--	1.675559	1.009799	7	31.94221	27
7	--	1.030265	1.120929	6	32.97247	28
6	--	1.322149	1.048747	7	34.02122	29
7	--	0.811572	1.36731	6	34.83279	30
6	--	1.225475	1.450516	5	36.05827	31
5	--	0.880792	1.614472	4	36.93906	32
4	--	0.921072	0.944259	3	37.86013	33
3	--	1.259156	1.288797	2	39.11929	34
2	--	1.437497	1.869124	1	40.55679	35
1	--	4.053836	3.115554	2	43.67234	36
2	--	2.21992	1.628199	3	45.30054	37
3	--	1.686314	1.57842	4	46.87896	38
4	--	0.91007	1.387214	3	47.78903	39
3	--	1.221556	1.055264	4	48.84429	40
4	--	0.945653	1.625463	3	49.78994	41
3	--	0.999151	1.470293	2	50.78909	42
2	--	1.164434	1.333717	1	51.95352	43
1	--	4.228469	2.321487	2	54.27501	44
2	--	1.028565	1.04051	1	55.30357	45
1	--	2.253336	4.488135	0	57.55691	46

test #67
6	--	1.076515	0.940999	7	0.941	1
7	--	1.519346	0.941904	8	1.8829	2
8	--	1.490093	1.502153	7	3.37299	3
7	--	0.830117	1.934003	6	4.20311	4
6	--	0.721432	1.757621	5	4.92454	5
5	--	0.804444	1.39238	4	5.72898	6
4	--	1.406612	1.427204	3	7.13559	7
3	--	0.869091	1.448348	2	8.00468	8
2	--	1.920663	1.367889	3	9.37257	9
3	--	1.818413	1.249836	4	10.62241	10
4	--	1.304445	1.607877	3	11.92686	11
3	--	1.853319	0.742673	4	12.66953	12
4	--	0.892884	0.684736	5	13.35427	13
5	--	0.832896	1.155152	4	14.18717	14
4	--	1.260883	1.011551	5	15.19872	15
5	--	1.010284	0.88564	6	16.08436	16
6	--	1.401748	1.002115	7	17.08648	17
7	--	0.838534	1.77369	6	17.92501	18
6	--	1.765076	1.355507	7	19.28052	19
7	--	0.761004	1.782416	6	20.04152	20
6	--	1.391659	1.019277	7	21.0608	21
7	--	0.993761	0.965164	8	22.02596	22
8	--	1.896074	1.140686	9	23.16665	23
9	--	2.19025	2.999763	8	25.3569	24
8	--	1.810905	2.520301	7	27.1678	25
7	--	1.809972	1.577403	8	28.7452	26
8	--	1.128255	1.506608	7	29.87346	27
7	--	1.92483	1.753456	8	31.62692	28
8	--	1.597793	1.885203	7	33.22471	29
7	--	1.253681	1.797584	6	34.47839	30
6	--	1.479787	1.40492	7	35.88331	31
7	--	1.544985	1.266813	8	37.15012	32
8	--	2.185751	2.468434	7	39.33587	33
7	--	1.350633	1.047649	8	40.38352	34
8	--	2.604848	1.254649	9	41.63817	35
9	--	4.170658	3.559702	10	45.19787	36

test #68
6	--	1.006648	0.655697	7	0.6557	1
7	--	1.52433	1.405648	8	2.06135	2
8	--	2.613622	2.07444	9	4.13579	3
9	--	2.78393	1.756997	10	5.89279	4

test #69
6	--	1.035047	1.226053	5	1.03505	1
5	--	0.675738	1.373709	4	1.71079	2
4	--	1.5358	0.793267	5	2.50406	3
5	--	1.344183	0.96674	6	3.4708	4
6	--	0.958633	0.899169	7	4.36997	5
7	--	0.742153	1.338485	6	5.11212	6
6	--	1.682288	1.029827	7	6.14195	7
7	--	1.617142	1.841985	6	7.75909	8
6	--	1.13025	1.280466	5	8.88934	9
5	--	1.175789	1.176035	4	10.06513	10
4	--	0.967011	1.442899	3	11.03214	11
3	--	1.722582	1.633558	4	12.6657	12
4	--	0.747853	1.233455	3	13.41355	13
3	--	1.229486	0.850748	4	14.2643	14
4	--	1.189646	1.678703	3	15.45395	15
3	--	0.878541	1.763358	2	16.33249	16
2	--	1.714129	1.674385	3	18.00688	17
3	--	0.763962	1.981899	2	18.77084	18
2	--	1.708865	2.007198	1	20.47971	19
1	--	2.42199	2.528566	0	22.9017	20

test #70
6	--	1.225562	1.395154	5	1.22556	1
5	--	0.857884	1.175283	4	2.08344	2
4	--	0.966824	1.520647	3	3.05026	3
3	--	1.576425	0.900822	4	3.95108	4
4	--	1.458518	0.854796	5	4.80588	5
5	--	1.423683	0.897256	6	5.70314	6
6	--	0.947634	1.254097	5	6.65077	7
5	--	1.200317	0.80333	6	7.4541	8
6	--	0.903047	1.099953	5	8.35715	9
5	--	1.427811	0.95164	6	9.30879	10
6	--	1.730402	0.715334	7	10.02412	11
7	--	1.243776	1.457819	6	11.2679	12
6	--	1.73575	0.972659	7	12.24056	13
7	--	1.311695	0.821123	8	13.06168	14
8	--	1.808954	2.470808	7	14.87063	15
7	--	1.621949	1.815556	6	16.49258	16
6	--	1.023155	1.254384	5	17.51574	17
5	--	1.230705	1.132231	6	18.64797	18
6	--	0.76312	0.8267	5	19.41109	19
5	--	0.785403	0.943296	4	20.19649	20
4	--	1.325032	0.988392	5	21.18488	21
5	--	1.585295	1.033151	6	22.21803	22
6	--	1.504204	1.319759	7	23.53779	23
7	--	1.0051	0.905358	8	24.44315	24
8	--	1.154209	0.961388	9	25.40454	25
9	--	3.96336	3.568982	10	28.97352	26

test #71
6	--	1.101641	1.718322	5	1.10164	1
5	--	1.13815	1.448563	4	2.23979	2
4	--	1.127812	1.121803	5	3.36159	3
5	--	0.880482	1.571392	4	4.24207	4
4	--	1.193839	0.930257	5	5.17233	5
5	--	0.685633	1.478908	4	5.85796	6
4	--	0.773337	1.08321	3	6.6313	7
3	--	1.080237	1.091034	2	7.71154	8
2	--	1.690699	2.460624	1	9.40224	9
1	--	2.005301	2.223958	0	11.40754	10

test #72
6	--	1.32555	1.267408	7	1.26741	1
7	--	1.072131	0.964745	8	2.23215	2
8	--	1.332672	0.997428	9	3.22958	3
9	--	3.217598	4.009261	8	6.44718	4
8	--	1.597227	1.202148	9	7.64933	5
9	--	1.992568	3.874935	8	9.6419	6
8	--	1.533683	2.446447	7	11.17558	7
7	--	1.703853	1.733485	6	12.87943	8
6	--	0.943843	1.309113	5	13.82327	9
5	--	0.743319	1.532591	4	14.56659	10
4	--	1.424508	1.287313	5	15.8539	11
5	--	1.113861	1.116185	4	16.96776	12
4	--	0.987722	1.498976	3	17.95548	13
3	--	1.841591	1.525646	4	19.48113	14
4	--	1.202656	1.1161	5	20.59723	15
5	--	0.788112	0.721391	6	21.31862	16
6	--	1.526982	0.730232	7	22.04885	17
7	--	1.685739	0.745127	8	22.79398	18
8	--	2.398137	1.53104	9	24.32502	19
9	--	4.245402	2.167487	10	26.49251	20

test #73
6	--	0.75937	0.810459	5	0.75937	1
5	--	1.20994	1.238854	4	1.96931	2
4	--	0.918719	0.645081	5	2.61439	3
5	--	1.24036	0.664027	6	3.27842	4
6	--	0.905303	1.248742	5	4.18372	5
5	--	1.220564	0.628848	6	4.81257	6
6	--	1.227596	1.051447	7	5.86402	7
7	--	1.345496	1.077462	8	6.94148	8
8	--	1.397552	1.485704	7	8.33903	9
7	--	1.436117	1.15261	8	9.49164	10
8	--	1.128141	1.958965	7	10.61978	11
7	--	1.696966	1.86864	6	12.31675	12
6	--	1.17589	0.966513	7	13.28326	13
7	--	1.406329	1.20279	8	14.48605	14
8	--	2.11825	2.208935	7	16.6043	15
7	--	1.523264	0.957234	8	17.56153	16
8	--	1.907106	1.905621	9	19.46715	17
9	--	3.591218	3.085313	10	22.55246	18

test #74
6	--	1.61527	1.694442	5	1.61527	1
5	--	0.838553	0.942761	4	2.45382	2
4	--	0.968232	1.057122	3	3.42205	3
3	--	1.616604	1.074746	4	4.4968	4
4	--	1.65825	1.216567	5	5.71337	5
5	--	0.780742	0.921662	4	6.49411	6
4	--	0.904798	0.691636	5	7.18575	7
5	--	1.259155	1.263341	4	8.44491	8
4	--	1.135723	1.027409	5	9.47232	9
5	--	0.619294	1.117796	4	10.09161	10
4	--	1.340216	1.056056	5	11.14767	11
5	--	1.178529	1.012215	6	12.15989	12
6	--	1.33055	1.341425	5	13.49044	13
5	--	1.173546	0.860509	6	14.35095	14
6	--	0.748347	1.397754	5	15.0993	15
5	--	1.6845	0.735547	6	15.83485	16
6	--	1.159126	0.939085	7	16.77393	17
7	--	1.812762	0.829212	8	17.60314	18
8	--	2.083371	1.349666	9	18.95281	19
9	--	1.965395	2.849823	8	20.91821	20
8	--	1.93816	2.0037	7	22.85637	21
7	--	1.513683	1.998856	6	24.37005	22
6	--	0.653172	1.008858	5	25.02322	23
5	--	1.364015	1.270677	6	26.2939	24
6	--	1.023661	0.92196	7	27.21586	25
7	--	1.036472	1.300273	6	28.25233	26
6	--	1.656223	1.382231	7	29.63456	27
7	--	1.087807	0.746426	8	30.38099	28
8	--	1.256665	2.430212	7	31.63765	29
7	--	1.774533	1.159625	8	32.79727	30
8	--	1.955641	2.214401	7	34.75291	31
7	--	0.972372	0.932716	8	35.68563	32
8	--	1.043803	2.551304	7	36.72943	33
7	--	1.504921	1.661118	6	38.23435	34
6	--	0.910135	1.175173	5	39.14449	35
5	--	1.425863	1.222685	6	40.36718	36
6	--	1.20075	1.105722	7	41.4729	37
7	--	1.203877	1.302276	6	42.67678	38
6	--	0.848445	1.657801	5	43.52523	39
5	--	1.085937	1.268119	4	44.61117	40
4	--	0.895789	0.776908	5	45.38808	41
5	--	1.311789	1.082874	6	46.47095	42
6	--	1.298834	1.442621	5	47.76978	43
5	--	1.327882	0.713022	6	48.4828	44
6	--	1.212738	0.908036	7	49.39084	45
7	--	1.120478	0.756393	8	50.14723	46
8	--	1.027488	1.125033	7	51.17472	47
7	--	1.291161	1.042054	8	52.21677	48
8	--	1.800045	1.537304	9	53.75407	49
9	--	2.108967	4.32338	8	55.86304	50
8	--	1.549982	1.89529	7	57.41302	51
7	--	0.933808	1.845013	6	58.34683	52
6	--	1.48111	0.855814	7	59.20264	53
7	--	1.250651	1.114176	8	60.31682	54
8	--	1.186703	2.241013	7	61.50352	55
7	--	1.200626	0.797471	8	62.30099	56
8	--	2.30455	1.733024	9	64.03401	57
9	--	4.341797	3.305157	10	67.33917	58

test #75
6	--	0.743407	1.020778	5	0.74341	1
5	--	1.332007	0.63733	6	1.38074	2
6	--	0.943677	1.113875	5	2.32442	3
5	--	1.035353	0.757314	6	3.08173	4
6	--	0.819445	1.562176	5	3.90117	5
5	--	1.354657	1.666135	4	5.25583	6
4	--	1.49039	1.258218	5	6.51405	7
5	--	0.697601	0.696404	6	7.21045	8
6	--	0.68444	0.66246	7	7.87291	9
7	--	1.197155	0.760372	8	8.63328	10
8	--	1.181848	1.212914	7	9.81513	11
7	--	0.799841	1.200329	6	10.61497	12
6	--	1.095136	1.449072	5	11.71011	13
5	--	1.325941	0.697443	6	12.40755	14
6	--	1.010014	1.127452	5	13.41756	15
5	--	1.637434	0.613275	6	14.03084	16
6	--	1.125644	1.582256	5	15.15648	17
5	--	1.087058	0.616429	6	15.77291	18
6	--	1.73927	1.630628	7	17.40354	19
7	--	0.84774	1.262336	6	18.25128	20
6	--	1.613124	0.714989	7	18.96627	21
7	--	1.268906	1.112843	8	20.07911	22
8	--	2.208218	1.546795	9	21.6259	23
9	--	3.048947	2.258162	10	23.88406	24

test #76
6	--	0.933186	1.547913	5	0.93319	1
5	--	1.14218	1.495611	4	2.07537	2
4	--	1.316976	1.76727	3	3.39235	3
3	--	0.841202	1.959264	2	4.23355	4
2	--	1.193323	1.307124	1	5.42687	5
1	--	2.914197	2.404061	2	7.83093	6
2	--	1.379806	2.078795	1	9.21074	7
1	--	2.126763	3.090853	0	11.3375	8

test #77
6	--	1.237376	1.234977	7	1.23498	1
7	--	1.937918	1.044184	8	2.27916	2
8	--	2.323613	1.714235	9	3.99339	3
9	--	3.441206	3.360398	10	7.35379	4

test #78
6	--	1.030989	1.331214	5	1.03099	1
5	--	1.115791	1.211417	4	2.14678	2
4	--	0.888021	1.578813	3	3.0348	3
3	--	1.269018	1.435554	2	4.30382	4
2	--	2.331889	2.148175	3	6.452	5
3	--	1.235981	1.23316	4	7.68516	6
4	--	0.637219	1.424442	3	8.32238	7
3	--	1.765457	1.430156	4	9.75254	8
4	--	1.255715	0.977375	5	10.72991	9
5	--	1.315631	1.659681	4	12.04554	10
4	--	1.067813	0.982665	5	13.02821	11
5	--	1.434104	1.548126	4	14.46231	12
4	--	0.885314	1.323134	3	15.34762	13
3	--	1.300553	1.986327	2	16.64817	14
2	--	1.020384	1.785047	1	17.66855	15
1	--	2.541141	4.133719	0	20.20969	16

test #79
6	--	1.28975	1.467042	5	1.28975	1
5	--	0.840494	1.077763	4	2.13024	2
4	--	1.075519	1.45093	3	3.20576	3
3	--	1.119521	0.936039	4	4.1418	4
4	--	0.754923	1.588267	3	4.89672	5
3	--	0.788427	1.028794	2	5.68515	6
2	--	1.508939	2.057871	1	7.19409	7
1	--	2.153906	2.529827	0	9.348	8

test #80
6	--	0.696845	1.709319	5	0.69685	1
5	--	0.635507	0.657378	4	1.33236	2
4	--	1.244494	0.723617	5	2.05598	3
5	--	1.347688	1.417078	4	3.40367	4
4	--	1.104276	0.772625	5	4.1763	5
5	--	1.313968	1.185736	6	5.36204	6
6	--	0.825776	1.511944	5	6.18782	7
5	--	0.954784	1.269506	4	7.1426	8
4	--	1.179546	1.510657	3	8.32215	9
3	--	1.838938	0.79563	4	9.11778	10
4	--	0.707585	0.748327	3	9.82537	11
3	--	0.937276	1.800416	2	10.76265	12
2	--	2.104325	1.5387	3	12.30135	13
3	--	1.174263	1.891866	2	13.47561	14
2	--	1.159651	1.835955	1	14.63526	15
1	--	2.2888	4.261228	0	16.92406	16

test #81
6	--	1.195083	0.942932	7	0.94293	1
7	--	1.986287	0.772324	8	1.71525	2
8	--	1.890543	1.671905	9	3.38715	3
9	--	2.157029	3.366459	8	5.54418	4
8	--	2.200865	2.602019	7	7.74504	5
7	--	1.067989	1.165561	6	8.81303	6
6	--	1.13267	1.008719	7	9.82175	7
7	--	0.988824	1.708738	6	10.81057	8
6	--	1.575802	1.126696	7	11.93727	9
7	--	1.206436	1.539609	6	13.14371	10
6	--	1.028727	1.034052	5	14.17244	11
5	--	1.330917	1.140637	6	15.31308	12
6	--	1.202308	0.907677	7	16.22076	13
7	--	1.362221	1.819604	6	17.58298	14
6	--	0.930509	1.701034	5	18.51349	15
5	--	1.653192	1.251991	6	19.76548	16
6	--	1.454634	0.950336	7	20.71582	17
7	--	0.775599	1.96237	6	21.49142	18
6	--	0.875797	1.487609	5	22.36722	19
5	--	0.90925	0.942732	4	23.27647	20
4	--	1.504045	1.668145	3	24.78052	21
3	--	1.954652	1.09321	4	25.87373	22
4	--	1.547003	1.305123	5	27.17885	23
5	--	0.738082	0.856195	4	27.91693	24
4	--	1.281596	1.244959	5	29.16189	25
5	--	0.985243	1.201223	4	30.14713	26
4	--	1.08974	1.110609	3	31.23687	27
3	--	1.91305	1.40852	4	32.64539	28
4	--	1.340824	0.650934	5	33.29632	29
5	--	0.970803	0.844746	6	34.14107	30
6	--	0.826422	1.770345	5	34.96749	31
5	--	0.827993	1.125947	4	35.79548	32
4	--	1.631578	0.817011	5	36.61249	33
5	--	1.510839	1.159184	6	37.77167	34
6	--	0.874316	1.135681	5	38.64599	35
5	--	0.882731	1.355916	4	39.52872	36
4	--	0.758815	1.150955	3	40.28754	37
3	--	1.905178	1.597576	4	41.88512	38
4	--	1.423596	1.166812	5	43.05193	39
5	--	1.006189	0.986232	6	44.03816	40
6	--	1.192699	1.577981	5	45.23086	41
5	--	0.699369	1.154499	4	45.93023	42
4	--	1.305624	0.679694	5	46.60992	43
5	--	1.207808	1.637701	4	47.81773	44
4	--	0.759469	1.110561	3	48.5772	45
3	--	1.218419	1.825925	2	49.79562	46
2	--	1.465522	0.958368	3	50.75399	47
3	--	1.862347	1.266346	4	52.02034	48
4	--	0.701184	0.692552	5	52.71289	49
5	--	0.924256	0.780178	6	53.49307	50
6	--	0.819458	0.767563	7	54.26063	51
7	--	1.894553	1.63802	8	55.89865	52
8	--	1.974054	1.434096	9	57.33275	53
9	--	1.702514	1.863241	8	59.03526	54
8	--	1.750285	2.278782	7	60.78555	55
7	--	0.735665	1.191992	6	61.52122	56
6	--	1.185793	0.978107	7	62.49933	57
7	--	1.634611	1.581449	8	64.08078	58
8	--	1.13587	1.567575	7	65.21665	59
7	--	1.822836	1.239681	8	66.45633	60
8	--	1.022806	2.008904	7	67.47914	61
7	--	1.169966	1.158566	8	68.63771	62
8	--	2.552382	1.919684	9	70.55739	63
9	--	4.10988	2.011958	10	72.56935	64

test #82
6	--	0.969792	1.324727	5	0.96979	1
5	--	1.083099	1.407311	4	2.05289	2
4	--	0.881577	1.366611	3	2.93447	3
3	--	1.784278	0.986484	4	3.92095	4
4	--	0.668639	1.108122	3	4.58959	5
3	--	1.057945	0.803207	4	5.3928	6
4	--	0.995631	0.76563	5	6.15843	7
5	--	1.081131	1.426975	4	7.23956	8
4	--	0.794882	1.318828	3	8.03444	9
3	--	1.061072	1.406811	2	9.09551	10
2	--	2.599052	1.845503	3	10.94101	11
3	--	0.871638	1.541229	2	11.81265	12
2	--	1.061199	1.399224	1	12.87385	13
1	--	3.593683	4.550958	0	16.46753	14

test #83
6	--	1.500919	0.723637	7	0.72364	1
7	--	1.139554	1.452209	6	1.86319	2
6	--	1.225835	1.688894	5	3.08903	3
5	--	1.24716	1.040948	6	4.12998	4
6	--	1.688529	0.680704	7	4.81068	5
7	--	1.326908	0.876077	8	5.68676	6
8	--	2.455193	2.468531	7	8.14195	7
7	--	1.026793	1.617978	6	9.16874	8
6	--	0.736804	1.702866	5	9.90554	9
5	--	0.705833	1.051005	4	10.61137	10
4	--	1.083907	1.110539	3	11.69528	11
3	--	1.77634	1.363362	4	13.05864	12
4	--	0.666194	1.077103	3	13.72483	13
3	--	1.106178	1.445246	2	14.83101	14
2	--	2.517963	1.141776	3	15.97279	15
3	--	0.783717	1.35977	2	16.75651	16
2	--	1.911789	1.007916	3	17.76443	17
3	--	1.242621	0.853409	4	18.61784	18
4	--	1.004369	0.709808	5	19.32765	19
5	--	1.226308	1.433115	4	20.55396	20
4	--	1.420766	1.479899	3	21.97473	21
3	--	1.239078	1.633962	2	23.21381	22
2	--	2.370904	2.163383	3	25.37719	23
3	--	1.064647	0.85075	4	26.22794	24
4	--	1.219757	1.168398	5	27.39634	25
5	--	1.663192	0.890288	6	28.28663	26
6	--	0.972149	1.026352	5	29.25878	27
5	--	0.648085	0.801069	4	29.90687	28
4	--	0.938899	0.806589	5	30.71346	29
5	--	1.691812	1.210352	6	31.92381	30
6	--	1.44611	1.072224	7	32.99603	31
7	--	1.043593	2.016264	6	34.03962	32
6	--	1.415769	0.701159	7	34.74078	33
7	--	1.249981	1.188278	8	35.92906	34
8	--	2.573707	1.98232	9	37.91138	35
9	--	4.150527	3.017731	10	40.92911	36

test #84
6	--	0.657344	0.811105	5	0.65734	1
5	--	0.635337	0.727595	4	1.29268	2
4	--	1.662484	1.595961	5	2.88864	3
5	--	0.894762	1.183562	4	3.7834	4
4	--	1.569873	1.651296	3	5.35327	5
3	--	1.99626	1.02336	4	6.37663	6
4	--	1.705064	1.384814	5	7.76144	7
5	--	1.272233	1.368433	4	9.03367	8
4	--	1.332962	1.506175	3	10.36663	9
3	--	1.402958	1.101688	4	11.46832	10
4	--	1.311194	0.964766	5	12.43309	11
5	--	0.805158	1.631519	4	13.23825	12
4	--	1.103989	1.326462	3	14.34224	13
3	--	1.439902	1.947509	2	15.78214	14
2	--	1.396177	2.150708	1	17.17832	15
1	--	3.51283	3.28206	2	20.46038	16
2	--	2.667135	1.636598	3	22.09698	17
3	--	0.95714	1.039365	2	23.05412	18
2	--	1.001247	2.451626	1	24.05537	19
1	--	2.765335	2.34964	2	26.40501	20
2	--	1.705297	2.179004	1	28.11031	21
1	--	1.789545	1.968333	0	29.89985	22

test #85
6	--	1.43047	1.609516	5	1.43047	1
5	--	1.089377	1.162456	4	2.51985	2
4	--	1.364628	1.292944	5	3.81279	3
5	--	0.91484	0.981599	4	4.72763	4
4	--	1.013937	1.732217	3	5.74157	5
3	--	1.17297	1.903808	2	6.91454	6
2	--	2.157873	1.257061	3	8.1716	7
3	--	1.089569	1.080174	4	9.25177	8
4	--	0.994306	1.590629	3	10.24608	9
3	--	1.382932	1.724917	2	11.62901	10
2	--	1.627338	1.20167	3	12.83068	11
3	--	1.76409	1.541008	4	14.37169	12
4	--	1.502238	1.007648	5	15.37934	13
5	--	0.660727	1.164117	4	16.04007	14
4	--	1.288362	1.462466	3	17.32843	15
3	--	0.795365	0.912859	2	18.12379	16
2	--	1.770342	1.182156	3	19.30595	17
3	--	1.144835	1.76202	2	20.45079	18
2	--	2.257975	2.609737	1	22.70877	19
1	--	4.037997	2.556623	2	25.26539	20
2	--	1.219424	1.006298	3	26.27169	21
3	--	0.987594	1.857401	2	27.25928	22
2	--	2.325332	1.937885	3	29.19717	23
3	--	0.854737	1.878515	2	30.05191	24
2	--	1.938787	2.196666	1	31.9907	25
1	--	4.386708	4.415786	0	36.37741	26

test #86
6	--	1.122403	1.136145	5	1.1224	1
5	--	1.458465	0.659415	6	1.78181	2
6	--	1.38187	1.462854	5	3.16368	3
5	--	0.80263	0.852584	4	3.96631	4
4	--	1.185098	1.60113	3	5.15141	5
3	--	1.464357	0.894438	4	6.04585	6
4	--	0.693345	1.777726	3	6.73919	7
3	--	1.385918	0.954491	4	7.69368	8
4	--	1.109591	1.348277	3	8.80327	9
3	--	0.733827	1.219268	2	9.5371	10
2	--	1.044803	2.276112	1	10.5819	11
1	--	3.764379	3.021225	2	13.60312	12
2	--	1.172689	2.518088	1	14.77581	13
1	--	3.705208	2.518178	2	17.29399	14
2	--	2.244346	2.33983	1	19.53834	15
1	--	1.964437	3.872786	0	21.50278	16

test #87
6	--	0.906127	1.141199	5	0.90613	1
5	--	1.013624	1.383622	4	1.91975	2
4	--	1.014565	1.62354	3	2.93431	3
3	--	1.408003	1.962285	2	4.34231	4
2	--	2.075736	1.442492	3	5.7848	5
3	--	1.116068	1.035953	4	6.82075	6
4	--	1.44214	0.865847	5	7.6866	7
5	--	0.856149	0.651749	6	8.33835	8
6	--	1.436156	1.432106	7	9.77046	9
7	--	0.796064	1.004733	6	10.56652	10
6	--	1.762666	0.797977	7	11.3645	11
7	--	0.797203	1.350451	6	12.1617	12
6	--	0.637262	1.144605	5	12.79896	13
5	--	0.924052	1.486487	4	13.72301	14
4	--	0.680413	0.883546	3	14.40342	15
3	--	1.486113	1.350378	4	15.7538	16
4	--	1.34843	1.467406	3	17.10223	17
3	--	1.978864	1.143207	4	18.24544	18
4	--	0.801587	1.744878	3	19.04703	19
3	--	0.965657	0.958416	4	20.00545	20
4	--	1.238257	0.648953	5	20.6544	21
5	--	0.770123	0.971383	4	21.42452	22
4	--	1.167296	0.68537	5	22.10989	23
5	--	0.67977	1.21187	4	22.78966	24
4	--	1.404829	0.974912	5	23.76457	25
5	--	1.485992	1.017992	6	24.78256	26
6	--	1.009435	0.713199	7	25.49576	27
7	--	1.831108	1.211161	8	26.70692	28
8	--	2.377885	1.396136	9	28.10306	29
9	--	3.292402	3.503922	8	31.39546	30
8	--	1.045468	1.557206	7	32.44093	31
7	--	1.249911	1.732459	6	33.69084	32
6	--	0.946331	1.091178	5	34.63717	33
5	--	1.158029	1.481872	4	35.7952	34
4	--	1.022014	0.880321	5	36.67552	35
5	--	1.213136	1.450252	4	37.88866	36
4	--	1.29787	1.646251	3	39.18653	37
3	--	1.14647	1.779864	2	40.333	38
2	--	1.273835	1.996176	1	41.60684	39
1	--	1.821658	4.254002	0	43.4285	40

test #88
6	--	0.786798	1.20225	5	0.7868	1
5	--	0.825391	1.321773	4	1.61219	2
4	--	0.910734	0.957505	3	2.52292	3
3	--	1.852767	1.342381	4	3.8653	4
4	--	1.059039	1.063349	3	4.92434	5
3	--	1.788239	0.888588	4	5.81293	6
4	--	1.071242	1.208055	3	6.88417	7
3	--	1.736807	1.008598	4	7.89277	8
4	--	1.016739	1.211666	3	8.90951	9
3	--	1.431511	1.740876	2	10.34102	10
2	--	2.247825	1.809238	3	12.15026	11
3	--	1.365864	0.884405	4	13.03466	12
4	--	0.651915	1.015616	3	13.68658	13
3	--	1.623981	0.768673	4	14.45525	14
4	--	0.990131	1.154482	3	15.44538	15
3	--	1.896558	1.556262	4	17.00164	16
4	--	1.476695	0.836016	5	17.83766	17
5	--	1.506392	1.200625	6	19.03829	18
6	--	1.048124	1.515203	5	20.08641	19
5	--	0.629414	0.623928	6	20.71034	20
6	--	1.251127	0.827921	7	21.53826	21
7	--	1.668509	0.882932	8	22.42119	22
8	--	1.330508	1.851278	7	23.7517	23
7	--	1.052946	1.853427	6	24.80465	24
6	--	1.554976	1.30536	7	26.11001	25
7	--	1.486615	1.608856	6	27.59663	26
6	--	1.223958	1.72066	5	28.82059	27
5	--	1.576107	0.676102	6	29.49669	28
6	--	1.551417	1.572063	5	31.04811	29
5	--	1.076668	0.902502	6	31.95061	30
6	--	0.997116	1.584624	5	32.94773	31
5	--	1.102061	0.955013	6	33.90274	32
6	--	1.080797	1.215439	5	34.98354	33
5	--	0.632248	1.263914	4	35.61579	34
4	--	0.821717	0.948298	3	36.43751	35
3	--	1.337165	1.107105	4	37.54462	36
4	--	1.171754	0.895	5	38.43962	37
5	--	1.395164	0.739156	6	39.17878	38
6	--	0.974429	0.971604	7	40.15038	39
7	--	1.087225	1.598194	6	41.23761	40
6	--	1.224942	0.74454	7	41.98215	41
7	--	1.609093	0.993293	8	42.97544	42
8	--	1.796113	1.103756	9	44.0792	43
9	--	2.349524	2.429326	8	46.42872	44
8	--	1.400067	1.780317	7	47.82879	45
7	--	1.610307	1.193155	8	49.02194	46
8	--	2.666734	1.555645	9	50.57758	47
9	--	1.932773	3.45168	8	52.51035	48
8	--	1.301386	1.015961	9	53.52631	49
9	--	2.868182	1.954766	10	55.48108	50

test #89
6	--	0.865933	0.821691	7	0.82169	1
7	--	1.244566	0.949378	8	1.77107	2
8	--	2.237255	1.776477	9	3.54755	3
9	--	3.115676	4.011469	8	6.66323	4
8	--	2.518728	1.271433	9	7.93466	5
9	--	3.190752	2.999834	10	10.93449	6

test #90
6	--	1.056108	0.823518	7	0.82352	1
7	--	1.901577	1.014696	8	1.83822	2
8	--	0.958167	1.032982	7	2.79639	3
7	--	0.871287	0.796863	8	3.59325	4
8	--	1.415497	2.3069	7	5.00875	5
7	--	0.96371	1.867639	6	5.97246	6
6	--	1.415509	1.19572	7	7.16818	7
7	--	0.739762	0.938008	6	7.90794	8
6	--	0.969286	0.734993	7	8.64293	9
7	--	1.119634	0.845393	8	9.48832	10
8	--	1.027369	1.974146	7	10.51569	11
7	--	1.48039	0.970081	8	11.48577	12
8	--	1.334466	1.596132	7	12.82024	13
7	--	1.741513	0.982216	8	13.80246	14
8	--	1.477409	1.442192	9	15.24465	15
9	--	3.290436	2.458057	10	17.70271	16

test #91
6	--	0.995043	0.696557	7	0.69656	1
7	--	1.901076	1.513484	8	2.21004	2
8	--	1.296208	2.089943	7	3.50625	3
7	--	1.270604	1.039569	8	4.54582	4
8	--	1.073751	1.071476	9	5.6173	5
9	--	2.526761	3.85458	8	8.14406	6
8	--	1.39426	1.107285	9	9.25135	7
9	--	4.06082	3.100547	10	12.3519	8

test #92
6	--	1.594611	1.094397	7	1.0944	1
7	--	1.409252	1.728298	6	2.50365	2
6	--	1.33539	0.906027	7	3.40968	3
7	--	0.813548	0.775282	8	4.18496	4
8	--	1.990297	1.351817	9	5.53678	5
9	--	4.063466	2.269939	10	7.80672	6

test #93
6	--	1.163431	1.696971	5	1.16343	1
5	--	1.136248	1.624638	4	2.29968	2
4	--	1.076854	1.030715	5	3.3304	3
5	--	1.512834	1.147831	6	4.47823	4
6	--	1.19579	1.384029	5	5.67402	5
5	--	1.597412	1.055388	6	6.72941	6
6	--	0.810288	1.207513	5	7.5397	7
5	--	0.878413	1.496377	4	8.41811	8
4	--	1.760851	1.566425	5	9.98453	9
5	--	0.729757	0.726481	6	10.71101	10
6	--	1.046196	0.781156	7	11.49217	11
7	--	1.632886	0.730125	8	12.2223	12
8	--	1.290373	1.775576	7	13.51267	13
7	--	1.305402	1.974011	6	14.81807	14
6	--	0.813397	0.678711	7	15.49678	15
7	--	0.773273	1.047232	6	16.27005	16
6	--	1.1132	0.875453	7	17.1455	17
7	--	1.048596	1.235462	6	18.1941	18
6	--	0.835251	1.09872	5	19.02935	19
5	--	0.824227	1.582899	4	19.85358	20
4	--	1.570346	1.51878	5	21.37236	21
5	--	0.631561	0.917025	4	22.00392	22
4	--	1.438379	0.833343	5	22.83726	23
5	--	0.931441	0.660998	6	23.49826	24
6	--	0.785287	0.878639	5	24.28355	25
5	--	0.905496	1.674659	4	25.18905	26
4	--	0.784945	0.660369	5	25.84942	27
5	--	0.696937	0.814701	4	26.54636	28
4	--	1.315082	1.332485	3	27.86144	29
3	--	1.969116	1.935497	4	29.79694	30
4	--	1.117593	0.868596	5	30.66554	31
5	--	1.589625	1.289301	6	31.95484	32
6	--	1.304892	0.710157	7	32.665	33
7	--	0.890967	0.959993	6	33.55597	34
6	--	0.852391	0.700732	7	34.2567	35
7	--	1.075264	1.608608	6	35.33196	36
6	--	1.038698	0.7825	7	36.11446	37
7	--	1.445218	1.620707	6	37.55968	38
6	--	0.944672	0.690723	7	38.2504	39
7	--	0.917816	1.159081	6	39.16822	40
6	--	0.897855	1.749082	5	40.06607	41
5	--	0.829864	1.369144	4	40.89593	42
4	--	1.403034	1.613742	3	42.29896	43
3	--	1.030388	1.410159	2	43.32935	44
2	--	2.12606	2.04064	3	45.36999	45
3	--	1.519084	1.561635	2	46.88907	46
2	--	2.199338	1.57401	3	48.46308	47
3	--	1.362831	1.717145	2	49.82591	48
2	--	1.156228	0.958542	3	50.78445	49
3	--	1.713151	0.902254	4	51.6867	50
4	--	1.034955	0.776574	5	52.46327	51
5	--	1.137504	0.66179	6	53.12506	52
6	--	1.219516	1.280006	5	54.34458	53
5	--	1.070802	0.67915	6	55.02373	54
6	--	0.781353	0.676906	7	55.70064	55
7	--	1.204379	1.538014	6	56.90502	56
6	--	1.717176	0.890807	7	57.79583	57
7	--	1.21034	1.520221	6	59.00617	58
6	--	1.703065	0.647614	7	59.65378	59
7	--	1.372188	1.179227	8	60.83301	60
8	--	2.302243	1.17842	9	62.01143	61
9	--	4.08204	3.335965	10	65.34739	62

test #94
6	--	0.868436	1.107546	5	0.86844	1
5	--	0.686691	1.268883	4	1.55513	2
4	--	0.704481	1.391309	3	2.25961	3
3	--	0.990983	1.21562	2	3.25059	4
2	--	2.06413	2.633086	1	5.31472	5
1	--	4.347247	4.263725	2	9.57844	6
2	--	1.694076	1.969451	1	11.27252	7
1	--	2.387055	3.174455	0	13.65958	8

test #95
6	--	1.340435	1.411646	5	1.34044	1
5	--	1.054297	0.832827	6	2.17327	2
6	--	1.124757	1.634264	5	3.29803	3
5	--	1.413258	1.198445	6	4.49647	4
6	--	1.03636	1.460411	5	5.53283	5
5	--	1.018495	1.552722	4	6.55132	6
4	--	1.174984	1.367373	3	7.7263	7
3	--	1.113204	0.972465	4	8.69877	8
4	--	0.641093	1.576194	3	9.33986	9
3	--	0.922862	0.807383	4	10.14724	10
4	--	1.083671	1.551412	3	11.23091	11
3	--	1.814751	1.835568	2	13.04566	12
2	--	1.380831	2.549427	1	14.42649	13
1	--	2.913265	2.778172	2	17.20466	14
2	--	1.329275	1.035288	3	18.23995	15
3	--	1.623986	1.532183	4	19.77213	16
4	--	0.721019	1.152225	3	20.49315	17
3	--	0.806929	1.335295	2	21.30008	18
2	--	1.663853	2.598757	1	22.96393	19
1	--	2.169542	4.533218	0	25.13347	20

test #96
6	--	1.433854	0.774582	7	0.77458	1
7	--	1.444085	1.299165	8	2.07374	2
8	--	1.746281	1.454534	9	3.52827	3
9	--	3.36766	2.108933	10	5.6372	4

test #97
6	--	1.028959	1.498714	5	1.02896	1
5	--	1.332242	0.847199	6	1.87616	2
6	--	1.40795	0.685209	7	2.56137	3
7	--	1.287752	0.848295	8	3.40967	4
8	--	1.29015	1.830893	7	4.69982	5
7	--	0.760603	1.160263	6	5.46042	6
6	--	1.444328	1.522572	5	6.90475	7
5	--	1.161809	1.081928	6	7.98668	8
6	--	0.663947	1.122288	5	8.65063	9
5	--	1.154574	0.954046	6	9.60468	10
6	--	1.631182	0.639006	7	10.24369	11
7	--	1.243485	1.344617	6	11.48717	12
6	--	1.055995	1.182873	5	12.54317	13
5	--	0.668488	1.04808	4	13.21166	14
4	--	0.783287	1.230472	3	13.99495	15
3	--	1.351253	1.393689	2	15.3462	16
2	--	1.917594	1.574751	3	16.92095	17
3	--	1.067592	0.776342	4	17.69729	18
4	--	1.078106	0.790647	5	18.48794	19
5	--	1.305945	0.843151	6	19.33109	20
6	--	1.132565	1.314488	5	20.46366	21
5	--	1.022425	0.681268	6	21.14493	22
6	--	1.660591	1.022019	7	22.16695	23
7	--	0.981936	0.764327	8	22.93128	24
8	--	1.623569	1.88498	7	24.55485	25
7	--	1.719364	1.286722	8	25.84157	26
8	--	1.397545	1.130054	9	26.97162	27
9	--	3.503195	3.783721	8	30.47481	28
8	--	1.203867	1.881617	7	31.67868	29
7	--	1.767532	0.757093	8	32.43577	30
8	--	1.946801	0.995974	9	33.43174	31
9	--	2.430572	4.445571	8	35.86231	32
8	--	1.260042	1.122746	9	36.98506	33
9	--	2.453962	3.296235	8	39.43902	34
8	--	2.109439	1.560273	9	40.99929	35
9	--	4.129314	2.897594	10	43.89688	36

test #98
6	--	0.94616	0.848901	7	0.8489	1
7	--	1.000081	1.267238	6	1.84898	2
6	--	0.80165	1.519143	5	2.65063	3
5	--	1.065559	1.134795	4	3.71619	4
4	--	0.782941	1.22351	3	4.49913	5
3	--	1.286281	0.737445	4	5.23658	6
4	--	1.603862	1.577621	5	6.8142	7
5	--	1.059499	1.565585	4	7.8737	8
4	--	1.090589	1.012356	5	8.88606	9
5	--	0.999968	1.429639	4	9.88603	10
4	--	0.851249	1.502201	3	10.73728	11
3	--	1.432264	1.703526	2	12.16954	12
2	--	1.401352	1.015133	3	13.18467	13
3	--	1.391591	1.113062	4	14.29773	14
4	--	1.167752	1.025731	5	15.32346	15
5	--	1.552901	1.489807	6	16.81327	16
6	--	1.04337	1.333284	5	17.85664	17
5	--	0.774606	1.60291	4	18.63125	18
4	--	1.129452	0.659651	5	19.2909	19
5	--	0.767018	0.938279	4	20.05792	20
4	--	0.760096	0.93402	3	20.81802	21
3	--	1.183626	1.095119	4	21.91314	22
4	--	0.786486	0.657438	5	22.57058	23
5	--	0.89613	0.764672	6	23.33525	24
6	--	0.740345	0.699766	7	24.03502	25
7	--	1.70034	1.737207	6	25.73536	26
6	--	1.115459	1.291866	5	26.85082	27
5	--	0.974563	0.836683	6	27.6875	28
6	--	1.328755	0.874121	7	28.56162	29
7	--	1.528444	1.657559	6	30.09006	30
6	--	0.889398	1.057476	5	30.97946	31
5	--	0.655149	1.58749	4	31.63461	32
4	--	1.752567	0.795081	5	32.42969	33
5	--	1.62308	1.680112	4	34.05277	34
4	--	1.11651	1.130372	3	35.16928	35
3	--	1.278197	0.946919	4	36.1162	36
4	--	1.328341	0.967626	5	37.08383	37
5	--	1.266973	1.404689	4	38.3508	38
4	--	0.791657	1.347126	3	39.14246	39
3	--	1.529986	0.814851	4	39.95731	40
4	--	1.589677	0.901012	5	40.85832	41
5	--	1.066034	1.269928	4	41.92435	42
4	--	0.907395	0.667701	5	42.59205	43
5	--	0.949909	1.025774	4	43.54196	44
4	--	0.752406	1.093634	3	44.29437	45
3	--	1.487389	1.172294	4	45.46666	46
4	--	1.055365	1.231597	3	46.52203	47
3	--	1.757046	1.301313	4	47.82334	48
4	--	1.133917	1.754666	3	48.95726	49
3	--	1.209441	2.027503	2	50.1667	50
2	--	2.500735	1.55887	3	51.72557	51
3	--	0.808081	1.629985	2	52.53365	52
2	--	2.644782	1.664125	3	54.19778	53
3	--	0.93503	0.873355	4	55.07113	54
4	--	0.771499	1.339379	3	55.84263	55
3	--	1.012905	1.586547	2	56.85553	56
2	--	1.669676	1.862129	1	58.52521	57
1	--	2.619155	2.813322	0	61.14437	58

test #99
6	--	1.554011	1.686681	5	1.55401	1
5	--	0.871267	0.928966	4	2.42528	2
4	--	1.166238	1.744917	3	3.59152	3
3	--	1.854008	1.852465	4	5.44399	4
4	--	1.469863	1.082552	5	6.52654	5
5	--	1.123736	0.954488	6	7.48103	6
6	--	1.613438	0.650079	7	8.13111	7
7	--	1.587747	0.739423	8	8.87053	8
8	--	2.514212	1.540696	9	10.41123	9
9	--	3.494206	3.283273	10	13.6945	10
