start i C()	t_left		t_right 	New i	Total time generation

test #0
9	--	4.423758	2.135851	10	2.13585	1

test #1
9	--	3.415378	3.946625	8	3.41538	1
8	--	2.012021	1.720202	9	5.13558	2
9	--	3.75265	4.081984	8	8.88823	3
8	--	1.014721	2.458063	7	9.90295	4
7	--	1.920126	1.235317	8	11.13827	5
8	--	2.123329	1.164646	9	12.30292	6
9	--	3.035861	2.725813	10	15.02873	7

test #2
9	--	2.160638	1.740584	10	1.74058	1

test #3
9	--	2.349087	3.04141	8	2.34909	1
8	--	1.612655	1.163099	9	3.51219	2
9	--	2.193285	1.941262	10	5.45345	3

test #4
9	--	4.689486	1.812037	10	1.81204	1

test #5
9	--	3.416701	2.442855	10	2.44286	1

test #6
9	--	3.876971	2.855519	10	2.85552	1

test #7
9	--	4.028698	3.918139	10	3.91814	1

test #8
9	--	1.782821	1.762406	10	1.76241	1

test #9
9	--	3.452653	1.737294	10	1.73729	1

test #10
9	--	2.547669	3.677453	8	2.54767	1
8	--	2.20588	2.099345	9	4.64702	2
9	--	3.337779	4.552281	8	7.9848	3
8	--	1.395455	1.319447	9	9.30425	4
9	--	2.43748	1.975521	10	11.27977	5

test #11
9	--	1.752538	2.166331	8	1.75254	1
8	--	2.516047	1.422896	9	3.17544	2
9	--	3.505546	4.442265	8	6.68099	3
8	--	2.073767	1.20153	9	7.88252	4
9	--	2.352413	3.18781	8	10.23493	5
8	--	2.128103	1.332925	9	11.56785	6
9	--	3.295982	3.642609	8	14.86383	7
8	--	1.080503	1.642607	7	15.94433	8
7	--	1.58081	1.48405	8	17.42838	9
8	--	1.636172	1.466548	9	18.89493	10
9	--	3.305533	3.937363	8	22.20046	11
8	--	1.433793	1.770098	7	23.63425	12
7	--	0.998397	1.245999	6	24.63265	13
6	--	1.18911	1.169782	7	25.80243	14
7	--	1.241335	1.198026	8	27.00046	15
8	--	2.413452	2.26356	9	29.26402	16
9	--	2.416614	4.695249	8	31.68063	17
8	--	2.360051	2.393076	7	34.04068	18
7	--	1.786727	1.419571	8	35.46025	19
8	--	1.007776	1.554517	7	36.46803	20
7	--	0.754209	1.532367	6	37.22224	21
6	--	1.621033	1.401824	7	38.62406	22
7	--	1.899835	0.801658	8	39.42572	23
8	--	1.254294	1.118321	9	40.54404	24
9	--	2.199059	4.396375	8	42.7431	25
8	--	1.701212	1.312364	9	44.05546	26
9	--	2.207207	2.32549	8	46.26267	27
8	--	2.507095	2.668368	7	48.76977	28
7	--	0.83695	1.725839	6	49.60672	29
6	--	1.414241	0.789388	7	50.39611	30
7	--	0.92424	1.287971	6	51.32035	31
6	--	1.539816	1.748397	5	52.86017	32
5	--	0.96744	0.614753	6	53.47492	33
6	--	0.78006	0.701325	7	54.17624	34
7	--	1.70387	0.7541	8	54.93034	35
8	--	2.4186	2.434769	7	57.34894	36
7	--	0.835029	1.149359	6	58.18397	37
6	--	0.935195	1.730682	5	59.11916	38
5	--	0.643162	0.849165	4	59.76232	39
4	--	1.023238	0.931728	5	60.69405	40
5	--	1.079638	1.117551	4	61.77369	41
4	--	1.104313	1.008272	5	62.78196	42
5	--	1.353755	1.231037	6	64.013	43
6	--	0.917043	1.075316	5	64.93004	44
5	--	1.134533	1.218542	4	66.06457	45
4	--	0.673655	1.395502	3	66.73823	46
3	--	1.347406	1.200812	4	67.93904	47
4	--	1.248571	1.326359	3	69.18761	48
3	--	1.14191	2.015888	2	70.32952	49
2	--	2.124061	1.214427	3	71.54395	50
3	--	1.224115	1.916516	2	72.76807	51
2	--	1.088417	2.204939	1	73.85649	52
1	--	3.84127	3.540003	2	77.39649	53
2	--	2.38198	2.479838	1	79.77847	54
1	--	2.096393	3.200076	0	81.87486	55

test #12
9	--	3.267836	2.533056	10	2.53306	1

test #13
9	--	3.960398	3.140632	10	3.14063	1

test #14
9	--	4.11796	4.033335	10	4.03334	1

test #15
9	--	1.982171	3.443308	8	1.98217	1
8	--	1.1229	1.870153	7	3.10507	2
7	--	0.797181	0.872259	6	3.90225	3
6	--	1.297568	0.916781	7	4.81903	4
7	--	1.764959	1.279405	8	6.09843	5
8	--	1.032586	2.381452	7	7.13102	6
7	--	0.862797	0.753968	8	7.88499	7
8	--	2.011527	1.06578	9	8.95077	8
9	--	3.094677	1.784375	10	10.73515	9

test #16
9	--	3.368231	2.144025	10	2.14403	1

test #17
9	--	2.717024	3.675404	8	2.71702	1
8	--	2.00808	2.227834	7	4.7251	2
7	--	1.282446	1.312405	6	6.00755	3
6	--	1.427924	1.749354	5	7.43547	4
5	--	1.547027	0.871595	6	8.30707	5
6	--	1.137078	0.859195	7	9.16627	6
7	--	1.646843	0.784829	8	9.9511	7
8	--	1.231448	1.851058	7	11.18255	8
7	--	1.734238	2.021757	6	12.91679	9
6	--	1.042843	0.75744	7	13.67423	10
7	--	1.132521	0.760751	8	14.43498	11
8	--	2.334551	1.679731	9	16.11471	12
9	--	2.731206	3.259407	8	18.84592	13
8	--	2.554943	0.979646	9	19.82557	14
9	--	2.862554	3.20944	8	22.68812	15
8	--	1.519031	0.971122	9	23.65924	16
9	--	4.042941	3.058776	10	26.71802	17

test #18
9	--	3.656796	2.671623	10	2.67162	1

test #19
9	--	3.15858	3.976682	8	3.15858	1
8	--	1.645487	1.443049	9	4.60163	2
9	--	3.183582	2.500694	10	7.10232	3

test #20
9	--	4.654423	4.654939	8	4.65442	1
8	--	1.700369	1.404286	9	6.05871	2
9	--	3.763179	4.604071	8	9.82189	3
8	--	1.457861	1.356646	9	11.17854	4
9	--	2.356845	2.89233	8	13.53538	5
8	--	1.667649	1.675968	7	15.20303	6
7	--	1.403355	1.334267	8	16.5373	7
8	--	2.296161	1.703523	9	18.24082	8
9	--	2.814848	2.757904	10	20.99872	9

test #21
9	--	2.305086	2.961379	8	2.30509	1
8	--	2.351025	1.809255	9	4.11435	2
9	--	2.952594	3.623426	8	7.06694	3
8	--	1.964669	1.527916	9	8.59486	4
9	--	2.554427	2.267063	10	10.86192	5

test #22
9	--	2.299304	2.698382	8	2.2993	1
8	--	1.364752	1.118798	9	3.4181	2
9	--	2.294536	3.250984	8	5.71264	3
8	--	2.244914	1.201652	9	6.91429	4
9	--	3.21526	4.635613	8	10.12955	5
8	--	2.166628	1.333164	9	11.46271	6
9	--	4.746664	4.714443	10	16.17715	7

test #23
9	--	2.802106	2.394098	10	2.3941	1

test #24
9	--	2.538773	3.417377	8	2.53877	1
8	--	1.868207	1.762339	9	4.30111	2
9	--	3.945889	3.074897	10	7.37601	3

test #25
9	--	4.229694	2.697205	10	2.6972	1

test #26
9	--	4.185185	3.621962	10	3.62196	1

test #27
9	--	2.18949	4.690034	8	2.18949	1
8	--	1.039922	2.235907	7	3.22941	2
7	--	1.981358	1.79581	8	5.02522	3
8	--	1.22169	2.66997	7	6.24691	4
7	--	1.123358	1.731584	6	7.37027	5
6	--	0.964317	0.742213	7	8.11248	6
7	--	1.540595	1.98999	6	9.65307	7
6	--	1.525533	1.020203	7	10.67327	8
7	--	0.739778	1.879155	6	11.41305	9
6	--	1.294221	0.999471	7	12.41252	10
7	--	1.619816	1.158658	8	13.57118	11
8	--	2.180474	1.55593	9	15.12711	12
9	--	2.371991	2.220227	10	17.34734	13

test #28
9	--	1.907847	3.426989	8	1.90785	1
8	--	1.285076	2.157296	7	3.19293	2
7	--	1.40714	1.344671	8	4.5376	3
8	--	1.390641	2.604074	7	5.92824	4
7	--	0.792163	1.185364	6	6.7204	5
6	--	0.869445	1.760697	5	7.58985	6
5	--	1.633388	1.433542	6	9.02339	7
6	--	1.63421	1.268805	7	10.29219	8
7	--	1.368017	1.443106	6	11.66021	9
6	--	1.62409	0.7527	7	12.41291	10
7	--	1.026128	0.923811	8	13.33672	11
8	--	1.635796	1.461185	9	14.7979	12
9	--	4.140471	1.804814	10	16.60271	13

test #29
9	--	4.590509	3.108947	10	3.10895	1

test #30
9	--	2.341201	2.468398	8	2.3412	1
8	--	1.809859	1.263348	9	3.60455	2
9	--	1.988957	4.707172	8	5.59351	3
8	--	1.990505	1.143163	9	6.73667	4
9	--	2.553093	2.907103	8	9.28976	5
8	--	2.012081	2.189102	7	11.30184	6
7	--	0.843841	1.033558	6	12.14568	7
6	--	1.157036	1.558309	5	13.30272	8
5	--	0.999914	0.653698	6	13.95642	9
6	--	1.058994	1.361162	5	15.01541	10
5	--	0.753769	1.223194	4	15.76918	11
4	--	0.674631	1.177732	3	16.44381	12
3	--	1.576276	1.165222	4	17.60903	13
4	--	0.778069	0.795562	3	18.3871	14
3	--	1.596734	1.203697	4	19.5908	15
4	--	1.256436	1.237791	5	20.82859	16
5	--	0.663608	0.89361	4	21.4922	17
4	--	0.903525	1.206399	3	22.39573	18
3	--	1.746147	1.455746	4	23.85148	19
4	--	1.693169	1.315559	5	25.16704	20
5	--	1.290856	0.889692	6	26.05673	21
6	--	1.264652	0.828039	7	26.88477	22
7	--	0.968898	0.870919	8	27.75569	23
8	--	1.324229	2.663265	7	29.07992	24
7	--	1.797103	0.911522	8	29.99144	25
8	--	2.492965	2.381679	9	32.37312	26
9	--	2.624906	2.237489	10	34.61061	27

test #31
9	--	4.318664	2.584645	10	2.58465	1

test #32
9	--	1.855016	2.353331	8	1.85502	1
8	--	1.512419	2.011218	7	3.36744	2
7	--	1.166916	0.768299	8	4.13574	3
8	--	1.545123	1.913194	7	5.68086	4
7	--	1.071689	1.823627	6	6.75255	5
6	--	1.009566	0.773826	7	7.52638	6
7	--	1.507979	1.468708	8	8.99509	7
8	--	2.478912	1.059806	9	10.0549	8
9	--	2.955599	3.561017	8	13.0105	9
8	--	2.36057	2.102226	9	15.11273	10
9	--	3.207238	2.729881	10	17.84261	11

test #33
9	--	3.345958	2.709146	10	2.70915	1

test #34
9	--	3.736438	3.880137	8	3.73644	1
8	--	1.799757	2.447582	7	5.5362	2
7	--	1.166909	1.856448	6	6.70311	3
6	--	0.992296	1.773164	5	7.69541	4
5	--	1.391265	0.912305	6	8.60772	5
6	--	0.637424	1.174674	5	9.24514	6
5	--	0.895854	0.618392	6	9.86353	7
6	--	1.418638	1.775656	5	11.28217	8
5	--	1.391631	1.217615	6	12.49978	9
6	--	1.223549	1.619235	5	13.72333	10
5	--	0.758877	0.743177	6	14.46651	11
6	--	0.642285	1.151854	5	15.10879	12
5	--	0.61277	0.691187	4	15.72156	13
4	--	1.61327	0.949907	5	16.67147	14
5	--	1.62481	0.729812	6	17.40128	15
6	--	1.586717	1.141234	7	18.54251	16
7	--	0.769714	2.026912	6	19.31222	17
6	--	1.53499	1.075346	7	20.38757	18
7	--	0.837034	1.110738	6	21.2246	19
6	--	1.448302	1.269843	7	22.49444	20
7	--	1.116951	0.789972	8	23.28441	21
8	--	1.417926	2.287884	7	24.70234	22
7	--	1.438668	0.871084	8	25.57342	23
8	--	1.449645	1.301348	9	26.87477	24
9	--	3.582062	1.763864	10	28.63863	25

test #35
9	--	2.205523	3.716018	8	2.20552	1
8	--	1.622055	1.119564	9	3.32508	2
9	--	2.929737	2.581555	10	5.90663	3

test #36
9	--	4.498949	3.56151	10	3.56151	1

test #37
9	--	2.140113	1.746696	10	1.7467	1

test #38
9	--	2.561844	1.907856	10	1.90786	1

test #39
9	--	1.754879	2.760487	8	1.75488	1
8	--	2.499116	1.916581	9	3.67146	2
9	--	3.019626	2.280191	10	5.95165	3

test #40
9	--	4.097831	2.553762	10	2.55376	1

test #41
9	--	2.343285	2.954455	8	2.34328	1
8	--	1.864588	1.638672	9	3.98195	2
9	--	3.372737	2.659667	10	6.64162	3

test #42
9	--	4.099229	3.258646	10	3.25865	1

test #43
9	--	1.80695	4.673348	8	1.80695	1
8	--	1.373547	1.321628	9	3.12858	2
9	--	2.436525	1.863008	10	4.99159	3

test #44
9	--	4.117811	3.806782	10	3.80678	1

test #45
9	--	3.682289	2.168108	10	2.16811	1

test #46
9	--	4.66838	1.753578	10	1.75358	1

test #47
9	--	1.787227	3.831972	8	1.78723	1
8	--	1.85599	1.319408	9	3.10664	2
9	--	3.541126	2.348832	10	5.45547	3

test #48
9	--	1.926664	3.786807	8	1.92666	1
8	--	2.531155	1.019604	9	2.94626	2
9	--	1.843852	2.998812	8	4.79011	3
8	--	2.627814	1.721053	9	6.51116	4
9	--	2.285074	4.317705	8	8.79623	5
8	--	1.700811	1.137796	9	9.93403	6
9	--	2.802669	3.49748	8	12.7367	7
8	--	1.853189	1.050768	9	13.78747	8
9	--	1.834507	2.228528	8	15.62198	9
8	--	1.805834	1.703155	9	17.32513	10
9	--	4.432634	1.978663	10	19.30379	11

test #49
9	--	2.775857	3.650787	8	2.77586	1
8	--	1.799061	1.887382	7	4.57492	2
7	--	1.18425	1.889612	6	5.75917	3
6	--	1.623342	0.910538	7	6.66971	4
7	--	1.079938	1.968614	6	7.74965	5
6	--	0.747664	1.042359	5	8.49731	6
5	--	0.795773	1.090146	4	9.29308	7
4	--	0.973357	1.4694	3	10.26644	8
3	--	1.700805	1.815075	2	11.96724	9
2	--	2.480614	2.38506	3	14.3523	10
3	--	0.982558	1.525882	2	15.33486	11
2	--	1.632747	1.17876	3	16.51362	12
3	--	1.682122	1.793617	2	18.19574	13
2	--	1.581853	1.250247	3	19.44599	14
3	--	0.85368	1.360803	2	20.29967	15
2	--	1.244981	2.587661	1	21.54465	16
1	--	3.952647	3.205726	2	24.75038	17
2	--	1.161587	1.898053	1	25.91197	18
1	--	4.231907	4.594479	0	30.14388	19

test #50
9	--	3.387009	2.3593	10	2.3593	1

test #51
9	--	1.792374	3.636922	8	1.79237	1
8	--	2.067272	1.524275	9	3.31665	2
9	--	2.591008	4.07655	8	5.90766	3
8	--	2.54943	2.623354	7	8.45709	4
7	--	1.095211	1.595601	6	9.5523	5
6	--	1.228929	1.14896	7	10.70126	6
7	--	1.458266	1.198929	8	11.90019	7
8	--	2.479559	1.199597	9	13.09979	8
9	--	1.988667	2.969097	8	15.08846	9
8	--	1.593778	1.130732	9	16.21919	10
9	--	2.442071	2.444211	8	18.66126	11
8	--	1.965491	1.934543	9	20.5958	12
9	--	2.325331	3.434586	8	22.92113	13
8	--	0.967238	1.78085	7	23.88837	14
7	--	1.121461	0.89766	8	24.78603	15
8	--	2.080505	1.93423	9	26.72026	16
9	--	4.582381	2.525419	10	29.24568	17

test #52
9	--	3.443857	4.630972	8	3.44386	1
8	--	1.903863	2.007957	7	5.34772	2
7	--	1.866141	1.694325	8	7.04205	3
8	--	1.574608	2.472715	7	8.61666	4
7	--	1.662286	1.120149	8	9.73681	5
8	--	1.389896	1.017038	9	10.75385	6
9	--	2.412922	3.722914	8	13.16677	7
8	--	1.557875	2.212225	7	14.72464	8
7	--	0.756108	1.788709	6	15.48075	9
6	--	0.698838	1.006893	5	16.17959	10
5	--	0.624686	1.158412	4	16.80428	11
4	--	0.672452	1.140388	3	17.47673	12
3	--	1.480345	1.025822	4	18.50255	13
4	--	1.008402	1.739373	3	19.51095	14
3	--	1.567861	1.247364	4	20.75831	15
4	--	0.879459	1.148257	3	21.63777	16
3	--	1.921121	0.871281	4	22.50905	17
4	--	1.051004	1.57587	3	23.56005	18
3	--	1.463083	1.925839	2	25.02313	19
2	--	2.364311	2.62582	1	27.38744	20
1	--	1.707524	1.828402	0	29.09496	21

test #53
9	--	2.250973	3.644192	8	2.25097	1
8	--	1.255672	1.061773	9	3.31274	2
9	--	1.701294	2.521173	8	5.01403	3
8	--	1.307317	1.116124	9	6.13015	4
9	--	4.679011	2.160239	10	8.29039	5

test #54
9	--	3.526714	4.070157	8	3.52671	1
8	--	1.771519	1.208966	9	4.73568	2
9	--	2.634944	3.257956	8	7.37062	3
8	--	2.403822	1.27106	9	8.64168	4
9	--	3.390141	1.99457	10	10.63625	5

test #55
9	--	2.95029	3.258938	8	2.95029	1
8	--	1.39694	1.645541	7	4.34723	2
7	--	2.010216	1.661681	8	6.00891	3
8	--	1.112378	2.072242	7	7.12129	4
7	--	1.69398	1.784145	6	8.81527	5
6	--	0.868263	1.176148	5	9.68353	6
5	--	0.952008	0.993961	4	10.63554	7
4	--	0.952981	1.594226	3	11.58852	8
3	--	1.407902	1.682659	2	12.99642	9
2	--	1.838951	1.866932	1	14.83537	10
1	--	2.257622	3.152122	0	17.09299	11

test #56
9	--	2.400749	4.625883	8	2.40075	1
8	--	1.119156	1.703086	7	3.51991	2
7	--	1.059005	1.160772	6	4.57891	3
6	--	1.261615	1.05933	7	5.63824	4
7	--	0.809754	1.611575	6	6.44799	5
6	--	1.711004	1.373219	7	7.82121	6
7	--	1.006139	1.514248	6	8.82735	7
6	--	0.70286	0.709591	5	9.53021	8
5	--	1.061078	0.968292	6	10.4985	9
6	--	0.658659	1.027279	5	11.15716	10
5	--	1.254523	1.229291	6	12.38645	11
6	--	0.747072	1.296144	5	13.13352	12
5	--	0.67896	1.320788	4	13.81248	13
4	--	0.712301	1.26851	3	14.52478	14
3	--	1.903726	1.632856	4	16.15764	15
4	--	0.803095	0.812563	3	16.96074	16
3	--	1.585453	1.632334	2	18.54619	17
2	--	1.510581	1.169188	3	19.71538	18
3	--	1.223956	1.986096	2	20.93934	19
2	--	1.559703	1.217869	3	22.15721	20
3	--	1.272218	0.8387	4	22.99591	21
4	--	1.079029	1.019004	5	24.01491	22
5	--	1.187503	1.250059	4	25.20241	23
4	--	0.839555	0.955719	3	26.04197	24
3	--	0.896872	1.161244	2	26.93884	25
2	--	1.090517	1.020477	3	27.95932	26
3	--	2.013888	1.554225	4	29.51354	27
4	--	1.253065	0.734365	5	30.24791	28
5	--	1.287542	0.953773	6	31.20168	29
6	--	0.677917	1.274088	5	31.8796	30
5	--	0.627431	1.287185	4	32.50703	31
4	--	0.728932	1.157064	3	33.23596	32
3	--	1.981692	1.810974	4	35.04693	33
4	--	1.202194	0.986769	5	36.0337	34
5	--	0.924884	0.843106	6	36.87681	35
6	--	1.290489	1.1791	7	38.05591	36
7	--	1.668672	0.834841	8	38.89075	37
8	--	2.614353	1.335752	9	40.2265	38
9	--	4.369063	1.717767	10	41.94427	39

test #57
9	--	3.584697	2.469267	10	2.46927	1

test #58
9	--	3.323699	2.602926	10	2.60293	1

test #59
9	--	3.96754	1.956254	10	1.95625	1

test #60
9	--	4.513682	2.744761	10	2.74476	1

test #61
9	--	2.482121	2.774166	8	2.48212	1
8	--	1.308488	1.302609	9	3.78473	2
9	--	2.389745	1.936437	10	5.72117	3

test #62
9	--	1.731902	2.806117	8	1.7319	1
8	--	2.516803	2.468413	9	4.20031	2
9	--	4.045814	2.508281	10	6.70859	3

test #63
9	--	2.850286	2.402234	10	2.40223	1

test #64
9	--	3.052387	3.23498	8	3.05239	1
8	--	1.063093	1.995594	7	4.11548	2
7	--	1.544292	0.811075	8	4.92655	3
8	--	1.306605	1.350303	7	6.23316	4
7	--	0.993052	0.873639	8	7.1068	5
8	--	1.666514	1.315307	9	8.42211	6
9	--	2.676101	2.409236	10	10.83135	7

test #65
9	--	1.8993	2.461278	8	1.8993	1
8	--	2.431911	1.542136	9	3.44144	2
9	--	2.697437	4.186611	8	6.13888	3
8	--	1.097686	1.5467	7	7.23657	4
7	--	0.895174	1.47917	6	8.13174	5
6	--	1.250731	1.733722	5	9.38247	6
5	--	1.1657	0.77944	6	10.16191	7
6	--	0.972745	1.298935	5	11.13465	8
5	--	1.309742	1.110675	6	12.24533	9
6	--	0.675905	0.75942	5	12.92123	10
5	--	1.136949	0.963468	6	13.8847	11
6	--	1.226733	0.687216	7	14.57192	12
7	--	2.028655	0.880006	8	15.45193	13
8	--	1.87236	2.535075	7	17.32429	14
7	--	1.247903	1.276202	6	18.57219	15
6	--	1.51514	0.842797	7	19.41499	16
7	--	0.774368	1.804865	6	20.18936	17
6	--	1.328851	1.120493	7	21.30985	18
7	--	1.650027	1.761698	6	22.95988	19
6	--	1.471142	0.956483	7	23.91636	20
7	--	1.499344	0.938985	8	24.85534	21
8	--	2.27122	2.041762	9	26.8971	22
9	--	2.923769	2.098367	10	28.99547	23

test #66
9	--	2.406862	2.088775	10	2.08878	1

test #67
9	--	3.256929	4.151677	8	3.25693	1
8	--	1.263664	2.229809	7	4.52059	2
7	--	1.141841	0.989272	8	5.50986	3
8	--	1.039883	1.911431	7	6.54974	4
7	--	1.638276	0.942283	8	7.49202	5
8	--	1.35561	1.354961	9	8.84698	6
9	--	3.230373	4.131376	8	12.07735	7
8	--	2.411805	2.379541	9	14.45689	8
9	--	2.601855	3.777129	8	17.05875	9
8	--	1.442342	2.050265	7	18.50109	10
7	--	1.750606	0.978824	8	19.47991	11
8	--	2.329316	1.378957	9	20.85887	12
9	--	1.861209	2.912899	8	22.72008	13
8	--	1.292764	2.229119	7	24.01284	14
7	--	1.762763	1.70325	8	25.71609	15
8	--	1.544497	1.385165	9	27.10125	16
9	--	2.935282	2.54173	10	29.64298	17

test #68
9	--	4.34939	4.095415	10	4.09542	1

test #69
9	--	2.342358	3.086015	8	2.34236	1
8	--	1.944952	0.99362	9	3.33598	2
9	--	2.618965	3.061943	8	5.95495	3
8	--	2.211802	1.711679	9	7.66663	4
9	--	2.537785	2.730152	8	10.20441	5
8	--	2.50859	1.358941	9	11.56335	6
9	--	3.887818	3.6799	10	15.24325	7

test #70
9	--	4.069401	2.386334	10	2.38633	1

test #71
9	--	1.775359	3.288359	8	1.77536	1
8	--	1.973076	1.963189	9	3.73855	2
9	--	1.809998	2.808758	8	5.54855	3
8	--	2.084699	2.153312	7	7.63325	4
7	--	1.84825	1.25704	8	8.89029	5
8	--	1.50536	1.71981	7	10.39565	6
7	--	1.46393	1.936685	6	11.85958	7
6	--	1.039166	1.234976	5	12.89875	8
5	--	0.965348	1.092458	4	13.8641	9
4	--	1.536612	0.948617	5	14.81272	10
5	--	1.147114	1.210899	4	15.95983	11
4	--	0.884217	0.807606	5	16.76744	12
5	--	0.877024	1.118435	4	17.64446	13
4	--	1.679216	1.094563	5	18.73902	14
5	--	0.696091	0.747731	4	19.43511	15
4	--	1.660845	1.264339	5	20.69945	16
5	--	1.41392	0.718746	6	21.4182	17
6	--	1.089198	0.958431	7	22.37663	18
7	--	1.104368	0.803996	8	23.18063	19
8	--	2.6056	1.295107	9	24.47574	20
9	--	1.88841	3.708769	8	26.36415	21
8	--	1.947075	1.082017	9	27.44617	22
9	--	3.069222	2.614858	10	30.06103	23

test #72
9	--	1.791587	4.067226	8	1.79159	1
8	--	1.630333	2.349239	7	3.42192	2
7	--	0.746603	2.034222	6	4.16852	3
6	--	1.570754	0.972516	7	5.14104	4
7	--	0.809015	1.286484	6	5.95006	5
6	--	0.908673	0.763104	7	6.71316	6
7	--	1.613338	1.329787	8	8.04295	7
8	--	1.370602	1.752401	7	9.41355	8
7	--	1.024377	0.952328	8	10.36588	9
8	--	1.422235	1.270754	9	11.63663	10
9	--	3.808431	3.30663	10	14.94326	11

test #73
9	--	2.873728	3.485462	8	2.87373	1
8	--	1.352742	2.22028	7	4.22647	2
7	--	0.821471	1.197076	6	5.04794	3
6	--	1.08248	1.250131	5	6.13042	4
5	--	0.822151	0.942049	4	6.95257	5
4	--	0.884374	1.350454	3	7.83694	6
3	--	1.355828	0.882564	4	8.7195	7
4	--	0.92213	1.407865	3	9.64163	8
3	--	1.458594	1.245943	4	10.88757	9
4	--	1.224651	0.930231	5	11.8178	10
5	--	0.802272	1.05072	4	12.62007	11
4	--	0.74068	1.003837	3	13.36075	12
3	--	0.827235	0.739914	4	14.10066	13
4	--	1.405751	0.826079	5	14.92674	14
5	--	0.617635	0.676048	4	15.54438	15
4	--	1.15094	1.179188	3	16.69532	16
3	--	0.876496	1.257951	2	17.57182	17
2	--	1.249788	1.226429	3	18.79825	18
3	--	1.145062	1.614571	2	19.94331	19
2	--	1.578354	2.194934	1	21.52166	20
1	--	3.660009	2.232711	2	23.75437	21
2	--	1.83704	1.094647	3	24.84902	22
3	--	0.866721	1.937011	2	25.71574	23
2	--	1.160241	1.514055	1	26.87598	24
1	--	4.731486	3.713137	2	30.58912	25
2	--	1.194385	1.543179	1	31.78351	26
1	--	2.292206	2.413993	0	34.07572	27

test #74
9	--	3.951935	1.753464	10	1.75346	1

test #75
9	--	4.310188	2.573779	10	2.57378	1

test #76
9	--	3.675438	3.07941	10	3.07941	1

test #77
9	--	2.773214	2.536686	10	2.53669	1

test #78
9	--	4.603058	2.106462	10	2.10646	1

test #79
9	--	2.745771	3.997468	8	2.74577	1
8	--	1.202002	1.247513	7	3.94777	2
7	--	1.721023	1.074445	8	5.02222	3
8	--	2.30658	1.593088	9	6.61531	4
9	--	2.074244	4.089247	8	8.68955	5
8	--	2.641735	2.135843	9	10.82539	6
9	--	3.869888	3.259941	10	14.08533	7

test #80
9	--	1.997713	2.765902	8	1.99771	1
8	--	1.994632	1.302698	9	3.30041	2
9	--	3.453134	2.160782	10	5.46119	3

test #81
9	--	4.46908	4.438489	10	4.43849	1

test #82
9	--	3.360852	4.690681	8	3.36085	1
8	--	2.005703	2.39161	7	5.36655	2
7	--	1.87022	0.974673	8	6.34122	3
8	--	1.082536	1.78963	7	7.42376	4
7	--	0.82325	1.356694	6	8.24701	5
6	--	0.948938	0.878318	7	9.12533	6
7	--	0.957779	1.298214	6	10.08311	7
6	--	0.699099	1.308682	5	10.78221	8
5	--	1.274317	1.644971	4	12.05653	9
4	--	0.952654	0.935781	5	12.99231	10
5	--	0.646335	1.228313	4	13.63864	11
4	--	1.571303	0.841692	5	14.48033	12
5	--	1.174085	1.266665	4	15.65442	13
4	--	0.682085	1.213013	3	16.33651	14
3	--	0.887795	2.011787	2	17.22431	15
2	--	1.790666	1.31502	3	18.53933	16
3	--	1.11938	1.980656	2	19.65871	17
2	--	1.381709	2.09038	1	21.04042	18
1	--	2.384204	1.776641	2	22.81706	19
2	--	1.19592	1.213697	1	24.01298	20
1	--	1.83498	3.208732	0	25.84796	21

test #83
9	--	3.809977	1.795499	10	1.7955	1

test #84
9	--	3.411524	2.763223	10	2.76322	1

test #85
9	--	2.264944	4.165228	8	2.26494	1
8	--	1.3487	1.213119	9	3.47806	2
9	--	2.5092	4.437396	8	5.98726	3
8	--	2.303837	2.229464	9	8.21672	4
9	--	3.261883	2.899376	10	11.1161	5

test #86
9	--	3.448786	2.33633	10	2.33633	1

test #87
9	--	1.930135	2.851009	8	1.93013	1
8	--	1.800428	2.04201	7	3.73056	2
7	--	1.308655	1.171301	8	4.90186	3
8	--	1.048208	0.975924	9	5.87778	4
9	--	2.267248	2.361588	8	8.14503	5
8	--	2.447333	1.234895	9	9.37993	6
9	--	3.878749	3.56691	10	12.94684	7

test #88
9	--	4.241243	2.530304	10	2.5303	1

test #89
9	--	3.029765	4.523537	8	3.02976	1
8	--	2.013491	1.646085	9	4.67585	2
9	--	3.011894	3.554367	8	7.68774	3
8	--	1.077787	1.079033	7	8.76553	4
7	--	1.206529	1.003022	8	9.76855	5
8	--	1.324617	2.177889	7	11.09317	6
7	--	1.258668	0.844083	8	11.93725	7
8	--	1.817179	1.996207	7	13.75443	8
7	--	1.218098	1.070259	8	14.82469	9
8	--	1.384728	1.419422	7	16.20942	10
7	--	0.872922	1.558372	6	17.08234	11
6	--	1.433122	0.871886	7	17.95423	12
7	--	0.844524	1.512836	6	18.79875	13
6	--	0.923839	1.571935	5	19.72259	14
5	--	1.479589	0.956091	6	20.67868	15
6	--	1.047805	1.329267	5	21.72649	16
5	--	0.627776	0.755907	4	22.35427	17
4	--	0.874152	0.997533	3	23.22842	18
3	--	1.339643	0.803405	4	24.03183	19
4	--	0.908948	1.499736	3	24.94078	20
3	--	0.905086	1.474711	2	25.84587	21
2	--	1.380917	1.261169	3	27.10704	22
3	--	1.367656	1.799363	2	28.4747	23
2	--	1.295492	1.704936	1	29.77019	24
1	--	2.173685	3.646953	0	31.94387	25

test #90
9	--	2.421549	4.157823	8	2.42155	1
8	--	1.698385	1.715504	7	4.11994	2
7	--	1.016491	1.156276	6	5.13643	3
6	--	1.694508	1.543372	7	6.6798	4
7	--	1.012996	0.829332	8	7.50913	5
8	--	1.411149	1.679526	7	8.92028	6
7	--	0.842657	1.943285	6	9.76294	7
6	--	1.27204	0.882484	7	10.64542	8
7	--	0.740016	0.976873	6	11.38544	9
6	--	1.753025	0.878399	7	12.26384	10
7	--	0.785094	0.954862	6	13.04893	11
6	--	1.150932	1.14379	7	14.19272	12
7	--	1.551502	1.15654	8	15.34926	13
8	--	1.816753	1.382701	9	16.73196	14
9	--	3.024752	2.726217	10	19.45818	15

test #91
9	--	1.909637	3.872999	8	1.90964	1
8	--	2.153333	1.53032	9	3.43996	2
9	--	3.753306	3.017744	10	6.4577	3

test #92
9	--	3.333157	3.891879	8	3.33316	1
8	--	1.302709	1.977344	7	4.63587	2
7	--	0.93906	1.151411	6	5.57493	3
6	--	0.69494	1.055713	5	6.26987	4
5	--	1.196978	1.116569	6	7.38644	5
6	--	0.93775	0.689529	7	8.07597	6
7	--	1.037463	1.876138	6	9.11343	7
6	--	1.208389	1.443678	5	10.32182	8
5	--	1.394614	1.671761	4	11.71643	9
4	--	1.653787	0.972509	5	12.68894	10
5	--	0.767775	1.183875	4	13.45671	11
4	--	1.292655	1.432559	3	14.74937	12
3	--	1.817381	1.451225	4	16.20059	13
4	--	1.482537	1.6653	3	17.68313	14
3	--	1.352815	1.06234	4	18.74547	15
4	--	1.016663	1.76272	3	19.76213	16
3	--	1.576076	1.082885	4	20.84502	17
4	--	0.721352	1.718466	3	21.56637	18
3	--	0.916589	1.448567	2	22.48296	19
2	--	0.986674	2.515075	1	23.46963	20
1	--	2.906053	3.963848	0	26.37568	21

test #93
9	--	2.219344	2.79379	8	2.21934	1
8	--	2.335427	1.107839	9	3.32718	2
9	--	1.876915	2.18104	8	5.20409	3
8	--	1.986122	1.342189	9	6.54628	4
9	--	2.910217	2.19727	10	8.74355	5

test #94
9	--	1.83551	2.967065	8	1.83551	1
8	--	1.619062	1.512455	9	3.34797	2
9	--	2.699793	4.149867	8	6.04776	3
8	--	2.522016	1.401654	9	7.44941	4
9	--	1.895073	3.606307	8	9.34448	5
8	--	1.143212	1.558995	7	10.48769	6
7	--	0.981445	1.172185	6	11.46914	7
6	--	1.591139	1.602978	5	13.06028	8
5	--	1.360463	1.3077	6	14.36798	9
6	--	0.641599	1.17578	5	15.00958	10
5	--	0.788808	1.640652	4	15.79839	11
4	--	1.440997	0.899959	5	16.69835	12
5	--	0.637868	0.796775	4	17.33622	13
4	--	1.053767	1.453623	3	18.38999	14
3	--	1.480447	0.896752	4	19.28674	15
4	--	0.826791	0.942369	3	20.11353	16
3	--	1.252454	1.833506	2	21.36598	17
2	--	1.78492	2.112775	1	23.1509	18
1	--	1.854782	2.820357	0	25.00568	19

test #95
9	--	4.298949	3.054167	10	3.05417	1

test #96
9	--	3.732114	2.68353	10	2.68353	1

test #97
9	--	3.156354	3.567437	8	3.15635	1
8	--	1.126018	2.56345	7	4.28237	2
7	--	1.422082	1.809994	6	5.70445	3
6	--	1.633423	0.909594	7	6.61404	4
7	--	1.116494	1.103208	8	7.71725	5
8	--	1.649389	1.754655	7	9.36664	6
7	--	1.574498	1.079048	8	10.44569	7
8	--	1.724668	2.384919	7	12.17036	8
7	--	1.87092	0.796444	8	12.9668	9
8	--	2.366136	2.254961	9	15.22176	10
9	--	3.203142	4.005505	8	18.4249	11
8	--	1.15975	1.88241	7	19.58465	12
7	--	1.139071	1.220671	6	20.72372	13
6	--	0.663209	0.727732	5	21.38693	14
5	--	1.07417	1.300101	4	22.4611	15
4	--	1.775147	0.867519	5	23.32862	16
5	--	0.900671	1.263854	4	24.22929	17
4	--	1.073132	0.925858	5	25.15515	18
5	--	1.128902	1.138522	4	26.28405	19
4	--	1.654813	0.763302	5	27.04735	20
5	--	1.176504	1.183195	4	28.22385	21
4	--	1.629322	1.357114	5	29.58096	22
5	--	0.842457	1.476104	4	30.42342	23
4	--	1.412345	1.138521	5	31.56194	24
5	--	0.818707	1.165297	4	32.38065	25
4	--	1.609921	1.374872	5	33.75552	26
5	--	0.786177	0.687427	6	34.44295	27
6	--	1.044426	1.24561	5	35.48738	28
5	--	0.614762	1.489591	4	36.10214	29
4	--	0.876469	1.116913	3	36.97861	30
3	--	1.284436	1.645488	2	38.26305	31
2	--	1.874536	1.001288	3	39.26434	32
3	--	1.401756	1.923109	2	40.6661	33
2	--	1.629911	1.761018	1	42.29601	34
1	--	3.805621	4.609292	0	46.10163	35

test #98
9	--	3.013839	3.301936	8	3.01384	1
8	--	1.874957	1.309793	9	4.32363	2
9	--	4.160822	2.550104	10	6.87373	3

test #99
9	--	3.34251	2.44594	10	2.44594	1
