start i C()	t_left		t_right 	New i	Total time generation

test #0
7	--	1.398866	1.683584	6	1.39887	1
6	--	0.924826	1.384456	5	2.3237	2
5	--	0.715118	0.744616	4	3.03882	3
4	--	0.756118	0.989601	3	3.79494	4
3	--	0.786084	1.695874	2	4.58102	5
2	--	2.071784	2.23575	1	6.6528	6
1	--	2.579836	3.768426	0	9.23264	7

test #1
7	--	1.874356	1.627611	8	1.62761	1
8	--	1.612195	1.711946	7	3.23981	2
7	--	1.296639	1.473972	6	4.53645	3
6	--	0.983841	0.654689	7	5.19114	4
7	--	1.604134	1.002053	8	6.19319	5
8	--	1.849547	2.4242	7	8.04274	6
7	--	1.384675	1.276142	8	9.31888	7
8	--	1.701628	2.274693	7	11.02051	8
7	--	0.768847	0.781744	6	11.78936	9
6	--	1.278983	0.655272	7	12.44463	10
7	--	1.120924	1.830254	6	13.56555	11
6	--	0.968941	1.105981	5	14.53449	12
5	--	1.18712	1.026505	6	15.561	13
6	--	0.889219	1.244594	5	16.45022	14
5	--	0.697181	1.067754	4	17.1474	15
4	--	1.333927	1.039075	5	18.18647	16
5	--	0.854077	0.632961	6	18.81943	17
6	--	0.83795	0.911995	5	19.65738	18
5	--	0.90744	0.676335	6	20.33372	19
6	--	1.237697	1.475449	5	21.57142	20
5	--	1.309686	0.820823	6	22.39224	21
6	--	1.345901	1.139825	7	23.53207	22
7	--	0.82183	1.104858	6	24.3539	23
6	--	0.709767	1.395452	5	25.06367	24
5	--	1.195287	0.746424	6	25.81009	25
6	--	0.655783	0.651284	7	26.46137	26
7	--	1.503936	0.745438	8	27.20681	27
8	--	1.344345	1.369903	7	28.55115	28
7	--	1.255935	1.161468	8	29.71262	29
8	--	0.970648	2.479206	7	30.68327	30
7	--	1.637659	1.050748	8	31.73402	31
8	--	1.268535	1.149877	9	32.8839	32
9	--	2.950842	2.171721	10	35.05562	33

test #2
7	--	1.273726	1.382542	6	1.27373	1
6	--	1.139428	0.990397	7	2.26413	2
7	--	1.76393	0.896281	8	3.16041	3
8	--	1.189194	2.669835	7	4.3496	4
7	--	1.804037	0.735756	8	5.08536	5
8	--	1.301555	1.114399	9	6.19976	6
9	--	1.990675	2.478508	8	8.19043	7
8	--	0.986928	2.060312	7	9.17736	8
7	--	1.308417	1.558019	6	10.48578	9
6	--	0.637454	1.309522	5	11.12323	10
5	--	1.541746	0.8476	6	11.97083	11
6	--	1.15818	0.683725	7	12.65456	12
7	--	1.521326	1.86307	6	14.17589	13
6	--	1.600576	1.057207	7	15.2331	14
7	--	1.54997	1.775674	6	16.78307	15
6	--	1.608749	1.006194	7	17.78926	16
7	--	0.776378	1.232498	6	18.56564	17
6	--	1.126036	1.251923	5	19.69168	18
5	--	1.129981	1.484394	4	20.82166	19
4	--	1.677701	1.43036	5	22.25202	20
5	--	0.865091	0.873925	4	23.11711	21
4	--	0.870323	1.128736	3	23.98743	22
3	--	0.842476	1.228595	2	24.82991	23
2	--	1.852773	2.319788	1	26.68268	24
1	--	3.715958	3.74602	0	30.39864	25

test #3
7	--	1.825498	0.794212	8	0.79421	1
8	--	2.385887	2.020479	9	2.81469	2
9	--	4.592715	2.014603	10	4.82929	3

test #4
7	--	1.605832	1.305625	8	1.30563	1
8	--	1.737887	1.803917	7	3.04352	2
7	--	1.523761	0.895572	8	3.93909	3
8	--	1.119079	2.397944	7	5.05817	4
7	--	0.840565	1.716329	6	5.89874	5
6	--	1.274067	1.44368	5	7.17281	6
5	--	1.705099	1.114621	6	8.28743	7
6	--	1.527029	1.252221	7	9.53965	8
7	--	0.894316	0.900931	6	10.43397	9
6	--	1.695372	1.565727	7	11.9997	10
7	--	1.337672	1.061972	8	13.06167	11
8	--	1.160113	1.249224	7	14.22178	12
7	--	1.217192	0.791183	8	15.01296	13
8	--	0.982969	1.331258	7	15.99593	14
7	--	1.549877	1.339299	8	17.33523	15
8	--	2.485697	2.402455	9	19.73768	16
9	--	1.892071	3.786738	8	21.62975	17
8	--	1.563058	2.025222	7	23.19281	18
7	--	1.382664	2.004503	6	24.57547	19
6	--	0.860614	1.149996	5	25.43608	20
5	--	1.121822	1.447859	4	26.5579	21
4	--	0.837264	0.84856	3	27.39516	22
3	--	1.410693	0.898356	4	28.29352	23
4	--	1.477947	1.285902	5	29.57942	24
5	--	1.062845	1.536178	4	30.64227	25
4	--	0.722271	0.993111	3	31.36454	26
3	--	0.997276	1.529735	2	32.36182	27
2	--	1.764588	1.050912	3	33.41273	28
3	--	1.007607	0.75473	4	34.16746	29
4	--	1.08418	1.238496	3	35.25164	30
3	--	0.916545	1.404752	2	36.16819	31
2	--	2.490147	1.793334	3	37.96152	32
3	--	0.916692	1.213689	2	38.87821	33
2	--	1.306253	1.880242	1	40.18446	34
1	--	3.075732	2.09025	2	42.27471	35
2	--	1.797043	2.498066	1	44.07175	36
1	--	2.520329	2.065077	2	46.13683	37
2	--	2.388993	1.072239	3	47.20907	38
3	--	1.94762	1.595242	4	48.80431	39
4	--	0.86273	1.703771	3	49.66704	40
3	--	1.660759	1.020354	4	50.68739	41
4	--	1.246079	1.614033	3	51.93347	42
3	--	1.333625	1.815385	2	53.2671	43
2	--	1.12439	2.139422	1	54.39149	44
1	--	2.677867	3.625602	0	57.06936	45

test #5
7	--	1.146203	1.787765	6	1.1462	1
6	--	1.273214	1.244218	7	2.39042	2
7	--	1.88766	1.100809	8	3.49123	3
8	--	2.480107	1.031734	9	4.52296	4
9	--	1.760361	2.010829	8	6.28332	5
8	--	1.943134	2.313603	7	8.22645	6
7	--	1.269464	1.047292	8	9.27374	7
8	--	1.89287	1.692718	9	10.96646	8
9	--	3.088422	3.838306	8	14.05488	9
8	--	1.035499	1.652181	7	15.09038	10
7	--	1.990295	0.845686	8	15.93607	11
8	--	1.152022	0.991076	9	16.92715	12
9	--	3.762412	3.369061	10	20.29621	13

test #6
7	--	1.6497	1.889889	6	1.6497	1
6	--	0.844003	1.247355	5	2.4937	2
5	--	0.627271	0.755371	4	3.12097	3
4	--	1.266589	1.208478	5	4.32945	4
5	--	0.689094	1.149775	4	5.01854	5
4	--	1.21323	0.709333	5	5.72787	6
5	--	1.12643	1.488225	4	6.8543	7
4	--	1.698501	1.07213	5	7.92643	8
5	--	1.010004	0.834259	6	8.76069	9
6	--	1.066265	0.64732	7	9.40801	10
7	--	1.272575	1.310406	6	10.68059	11
6	--	1.004857	1.543831	5	11.68545	12
5	--	1.035175	0.86716	6	12.55261	13
6	--	1.25898	1.57701	5	13.81159	14
5	--	1.081111	0.729698	6	14.54129	15
6	--	1.434391	1.649894	5	15.97568	16
5	--	1.21864	1.262504	4	17.19432	17
4	--	0.95416	1.146692	3	18.14848	18
3	--	1.300119	0.986689	4	19.13517	19
4	--	1.574131	1.379993	5	20.51516	20
5	--	0.860818	0.992345	4	21.37598	21
4	--	1.504629	1.091204	5	22.46718	22
5	--	1.080318	1.14297	4	23.5475	23
4	--	1.317767	1.408662	3	24.86527	24
3	--	0.847349	0.829495	4	25.69476	25
4	--	1.174506	1.014311	5	26.70907	26
5	--	1.018158	1.383691	4	27.72723	27
4	--	0.809065	1.195492	3	28.5363	28
3	--	1.243081	0.911197	4	29.4475	29
4	--	0.696711	1.199267	3	30.14421	30
3	--	1.290344	1.585928	2	31.43455	31
2	--	1.160907	1.061767	3	32.49632	32
3	--	0.788779	0.83085	2	33.2851	33
2	--	2.404292	0.958574	3	34.24367	34
3	--	1.910215	1.709354	4	35.95302	35
4	--	1.550659	0.932387	5	36.88541	36
5	--	1.640939	0.639021	6	37.52443	37
6	--	0.800556	1.121943	5	38.32499	38
5	--	0.966458	1.412876	4	39.29145	39
4	--	1.660963	1.048977	5	40.34043	40
5	--	0.880789	1.279576	4	41.22122	41
4	--	1.768763	0.816677	5	42.0379	42
5	--	0.991693	1.058765	4	43.02959	43
4	--	1.494712	1.402218	5	44.43181	44
5	--	0.916813	1.08759	4	45.34862	45
4	--	0.716132	1.770981	3	46.06475	46
3	--	0.796314	0.737042	4	46.80179	47
4	--	1.291461	0.809181	5	47.61097	48
5	--	0.695421	1.034249	4	48.30639	49
4	--	1.144891	1.18707	3	49.45128	50
3	--	1.276916	0.809499	4	50.26078	51
4	--	1.045575	0.818348	5	51.07913	52
5	--	0.860826	1.381821	4	51.93996	53
4	--	1.416732	1.658718	3	53.35669	54
3	--	1.802212	1.970063	2	55.1589	55
2	--	1.174806	0.97799	3	56.13689	56
3	--	1.350877	1.076522	4	57.21341	57
4	--	0.969174	0.995546	3	58.18258	58
3	--	1.683684	1.163235	4	59.34582	59
4	--	0.871901	0.710754	5	60.05657	60
5	--	1.084198	1.417651	4	61.14077	61
4	--	1.276501	1.472077	3	62.41727	62
3	--	0.859026	1.638149	2	63.2763	63
2	--	2.231112	1.359257	3	64.63556	64
3	--	0.853296	0.903607	2	65.48886	65
2	--	2.288582	1.122126	3	66.61099	66
3	--	0.988421	1.430648	2	67.59941	67
2	--	1.675987	1.048566	3	68.64798	68
3	--	1.034996	1.548949	2	69.68298	69
2	--	2.631069	1.250902	3	70.93388	70
3	--	1.623387	1.831847	2	72.55727	71
2	--	1.735058	2.155037	1	74.29233	72
1	--	3.867681	1.95844	2	76.25077	73
2	--	1.528184	1.886963	1	77.77895	74
1	--	3.910815	4.438316	0	81.68976	75

test #7
7	--	0.937869	1.305658	6	0.93787	1
6	--	0.637415	1.429325	5	1.57528	2
5	--	0.757493	0.761415	4	2.33277	3
4	--	1.112621	1.226525	3	3.44539	4
3	--	0.833777	1.802929	2	4.27917	5
2	--	1.062268	1.747183	1	5.34144	6
1	--	2.144082	2.293348	0	7.48552	7

test #8
7	--	1.043819	1.405708	6	1.04382	1
6	--	1.661346	0.650161	7	1.69398	2
7	--	1.475599	2.010143	6	3.16958	3
6	--	1.102477	0.677718	7	3.8473	4
7	--	1.151487	1.012068	8	4.85937	5
8	--	1.591953	1.488283	9	6.34765	6
9	--	2.038237	3.295077	8	8.38589	7
8	--	2.273336	2.377944	7	10.65923	8
7	--	1.224876	1.656155	6	11.88411	9
6	--	1.400335	0.912261	7	12.79637	10
7	--	1.6726	1.442803	8	14.23917	11
8	--	1.841694	1.02321	9	15.26238	12
9	--	3.28539	4.629783	8	18.54777	13
8	--	1.032324	1.389077	7	19.58009	14
7	--	1.746289	1.662749	8	21.24284	15
8	--	1.937513	0.985172	9	22.22801	16
9	--	4.036996	1.788397	10	24.01641	17

test #9
7	--	1.409368	0.737451	8	0.73745	1
8	--	1.235214	0.97871	9	1.71616	2
9	--	4.588624	4.207333	10	5.92349	3

test #10
7	--	1.029955	0.854964	8	0.85496	1
8	--	2.302303	1.109199	9	1.96416	2
9	--	3.405504	4.368741	8	5.36966	3
8	--	1.709365	0.983258	9	6.35292	4
9	--	3.341027	3.656504	8	9.69395	5
8	--	1.876948	2.311398	7	11.5709	6
7	--	0.987494	1.507984	6	12.55839	7
6	--	0.815549	0.983602	5	13.37394	8
5	--	1.113823	0.934034	6	14.30797	9
6	--	1.211869	0.676613	7	14.98458	10
7	--	0.835243	1.450767	6	15.81982	11
6	--	1.497713	1.680079	5	17.31753	12
5	--	0.764844	1.388875	4	18.08237	13
4	--	1.684396	1.312852	5	19.39522	14
5	--	0.972346	1.141168	4	20.36757	15
4	--	0.787534	0.815816	3	21.1551	16
3	--	0.942221	1.687474	2	22.09732	17
2	--	1.37024	1.616563	1	23.46756	18
1	--	3.768767	2.023136	2	25.4907	19
2	--	1.574951	1.360953	3	26.85165	20
3	--	1.272424	1.615622	2	28.12407	21
2	--	1.34313	1.792553	1	29.4672	22
1	--	3.88653	4.425383	0	33.35373	23

test #11
7	--	0.880272	0.825296	8	0.8253	1
8	--	1.450524	1.110682	9	1.93598	2
9	--	1.785803	3.694212	8	3.72178	3
8	--	1.775593	1.967445	7	5.49737	4
7	--	0.748877	1.216094	6	6.24625	5
6	--	0.893484	1.39649	5	7.13973	6
5	--	1.021304	0.890708	6	8.03044	7
6	--	0.979753	1.444975	5	9.01019	8
5	--	1.330762	1.24673	6	10.25692	9
6	--	0.884889	1.075828	5	11.14181	10
5	--	1.25747	0.870469	6	12.01228	11
6	--	1.181021	1.32073	5	13.1933	12
5	--	1.068965	0.89951	6	14.09281	13
6	--	1.108553	1.285425	5	15.20136	14
5	--	0.710132	0.644581	6	15.84594	15
6	--	1.340479	0.955563	7	16.8015	16
7	--	1.26192	1.426691	6	18.06342	17
6	--	1.38825	0.707891	7	18.77131	18
7	--	0.753136	1.231024	6	19.52445	19
6	--	0.932601	1.342085	5	20.45705	20
5	--	1.18971	0.662287	6	21.11934	21
6	--	1.75039	0.878902	7	21.99824	22
7	--	0.799433	1.627439	6	22.79767	23
6	--	0.868525	1.591267	5	23.66619	24
5	--	1.052696	1.104351	4	24.71889	25
4	--	0.638916	1.272914	3	25.35781	26
3	--	1.179678	0.793048	4	26.15086	27
4	--	0.898874	1.204683	3	27.04973	28
3	--	1.873255	1.611034	4	28.66076	29
4	--	1.338956	1.044368	5	29.70513	30
5	--	1.311477	1.565459	4	31.01661	31
4	--	0.651998	1.405185	3	31.66861	32
3	--	1.157795	1.267335	2	32.8264	33
2	--	1.599323	1.599197	3	34.4256	34
3	--	0.864767	1.810781	2	35.29037	35
2	--	1.619975	2.273505	1	36.91034	36
1	--	3.805155	4.196914	0	40.7155	37

test #12
7	--	1.799336	1.062445	8	1.06245	1
8	--	1.468904	2.363464	7	2.53135	2
7	--	1.71856	0.856359	8	3.38771	3
8	--	1.643957	1.305691	9	4.6934	4
9	--	3.03681	3.12348	8	7.73021	5
8	--	2.507337	1.776342	9	9.50655	6
9	--	3.936361	2.370821	10	11.87737	7

test #13
7	--	1.527205	1.206941	8	1.20694	1
8	--	1.475507	2.508306	7	2.68245	2
7	--	0.970525	0.759005	8	3.44146	3
8	--	1.336799	1.137722	9	4.57918	4
9	--	3.588994	2.428862	10	7.00804	5

test #14
7	--	1.140561	1.201313	6	1.14056	1
6	--	1.704837	0.909859	7	2.05042	2
7	--	1.365717	0.960099	8	3.01052	3
8	--	1.448134	1.740461	7	4.45865	4
7	--	1.235681	0.983109	8	5.44176	5
8	--	1.573826	2.182425	7	7.01559	6
7	--	1.729989	0.821955	8	7.83754	7
8	--	1.970777	1.991165	7	9.80832	8
7	--	1.083091	0.775877	8	10.5842	9
8	--	1.697641	1.605405	9	12.1896	10
9	--	3.794031	3.591661	10	15.78126	11

test #15
7	--	0.946934	1.028215	6	0.94693	1
6	--	1.353194	1.635468	5	2.30012	2
5	--	1.249896	1.132207	6	3.43233	3
6	--	1.295181	0.727222	7	4.15955	4
7	--	1.637674	0.789174	8	4.94872	5
8	--	2.269589	1.638709	9	6.58743	6
9	--	2.922295	3.730876	8	9.50973	7
8	--	1.037287	0.979694	9	10.48942	8
9	--	1.741595	2.639176	8	12.23102	9
8	--	1.849264	1.354734	9	13.58575	10
9	--	3.143858	3.177696	8	16.72961	11
8	--	1.00991	1.559393	7	17.73952	12
7	--	0.893196	0.790571	8	18.53009	13
8	--	1.745822	1.347243	9	19.87733	14
9	--	2.62412	4.160712	8	22.50145	15
8	--	1.960185	2.355432	7	24.46164	16
7	--	1.332007	1.814829	6	25.79365	17
6	--	1.160036	1.777882	5	26.95369	18
5	--	0.717877	0.815324	4	27.67157	19
4	--	1.248177	1.062795	5	28.73436	20
5	--	0.964826	1.626623	4	29.69919	21
4	--	1.071404	1.144844	3	30.77059	22
3	--	1.885876	1.70779	4	32.47838	23
4	--	1.767352	1.588392	5	34.06677	24
5	--	1.491172	1.528782	4	35.55794	25
4	--	1.063089	1.264942	3	36.62103	26
3	--	0.780342	1.177547	2	37.40137	27
2	--	1.020814	1.558664	1	38.42218	28
1	--	2.880131	2.814145	2	41.23632	29
2	--	1.307011	1.522761	1	42.54333	30
1	--	2.120775	3.889093	0	44.66411	31

test #16
7	--	0.743541	0.916687	6	0.74354	1
6	--	1.538148	1.196896	7	1.94044	2
7	--	1.092814	0.957412	8	2.89785	3
8	--	2.246458	1.397849	9	4.2957	4
9	--	3.461903	2.209735	10	6.50543	5

test #17
7	--	1.592518	0.878666	8	0.87867	1
8	--	2.499422	1.053984	9	1.93265	2
9	--	3.18524	1.853406	10	3.78606	3

test #18
7	--	1.249438	1.302399	6	1.24944	1
6	--	0.642332	0.907572	5	1.89177	2
5	--	1.070085	0.95534	6	2.84711	3
6	--	1.641353	0.824735	7	3.67184	4
7	--	0.778782	1.236552	6	4.45062	5
6	--	1.39268	1.011389	7	5.46201	6
7	--	1.086844	1.202557	6	6.54885	7
6	--	1.086645	1.223339	5	7.6355	8
5	--	0.780912	1.008357	4	8.41641	9
4	--	1.218145	0.834495	5	9.2509	10
5	--	1.141207	0.780719	6	10.03162	11
6	--	0.977799	0.757783	7	10.7894	12
7	--	0.888788	1.50851	6	11.67819	13
6	--	1.011051	1.692249	5	12.68924	14
5	--	0.935953	1.309595	4	13.62519	15
4	--	0.758762	0.96085	3	14.38395	16
3	--	1.439264	0.979645	4	15.36359	17
4	--	0.817085	1.221823	3	16.18067	18
3	--	0.785111	1.650487	2	16.96578	19
2	--	1.94735	2.347488	1	18.91313	20
1	--	4.480304	2.858211	2	21.77134	21
2	--	1.7786	1.02235	3	22.79369	22
3	--	1.588324	1.275507	4	24.0692	23
4	--	0.705976	0.656422	5	24.72562	24
5	--	1.351524	0.944175	6	25.66979	25
6	--	1.657574	1.070768	7	26.74056	26
7	--	1.042078	1.081393	6	27.78264	27
6	--	0.873802	1.564749	5	28.65644	28
5	--	0.720287	1.256359	4	29.37673	29
4	--	0.674584	1.35076	3	30.05131	30
3	--	1.446282	0.876333	4	30.92764	31
4	--	1.398656	1.177519	5	32.10516	32
5	--	1.272455	1.444881	4	33.37761	33
4	--	0.952292	1.514034	3	34.3299	34
3	--	0.764429	1.137	2	35.09433	35
2	--	1.820637	2.104243	1	36.91497	36
1	--	4.639051	2.644752	2	39.55972	37
2	--	1.146129	1.999143	1	40.70585	38
1	--	3.214315	3.238031	0	43.92017	39

test #19
7	--	1.325664	1.751369	6	1.32566	1
6	--	1.304995	1.301632	7	2.62729	2
7	--	1.860031	1.872977	6	4.48732	3
6	--	1.410472	1.199864	7	5.68718	4
7	--	1.460046	1.132133	8	6.81931	5
8	--	2.051021	1.770623	9	8.58993	6
9	--	3.534626	3.40971	10	11.99964	7

test #20
7	--	1.934727	1.949175	6	1.93473	1
6	--	1.173268	1.587242	5	3.108	2
5	--	1.506191	0.767819	6	3.87582	3
6	--	1.290943	1.008055	7	4.88387	4
7	--	1.160768	1.755512	6	6.04464	5
6	--	1.685892	0.794864	7	6.8395	6
7	--	1.493617	1.31188	8	8.15138	7
8	--	1.832027	1.812029	9	9.96341	8
9	--	2.006934	2.658075	8	11.97034	9
8	--	1.478303	1.379339	9	13.34968	10
9	--	2.563134	3.541157	8	15.91281	11
8	--	2.272365	1.405859	9	17.31867	12
9	--	2.514633	4.546249	8	19.8333	13
8	--	2.081463	1.780065	9	21.61337	14
9	--	2.499767	2.396907	10	24.01028	15

test #21
7	--	1.948367	1.519714	8	1.51971	1
8	--	2.571484	1.758975	9	3.27868	2
9	--	3.279209	4.171814	8	6.55789	3
8	--	1.225758	1.230099	7	7.78365	4
7	--	1.474664	1.720919	6	9.25831	5
6	--	1.227529	1.25186	5	10.48584	6
5	--	0.713703	0.941819	4	11.19954	7
4	--	1.749476	1.758537	3	12.94902	8
3	--	0.949644	1.299654	2	13.89866	9
2	--	1.527256	2.097582	1	15.42592	10
1	--	4.102135	1.986757	2	17.41268	11
2	--	2.247456	1.462946	3	18.87563	12
3	--	1.091102	0.991364	4	19.86699	13
4	--	0.998915	1.018824	3	20.8659	14
3	--	0.786223	1.113701	2	21.65212	15
2	--	1.276907	1.405441	1	22.92903	16
1	--	1.865523	3.228944	0	24.79455	17

test #22
7	--	1.439712	0.976232	8	0.97623	1
8	--	1.79983	2.228692	7	2.77606	2
7	--	0.873769	1.153564	6	3.64983	3
6	--	0.645024	1.011083	5	4.29485	4
5	--	0.932983	1.645485	4	5.22783	5
4	--	1.280204	0.679372	5	5.9072	6
5	--	1.238195	1.468166	4	7.14539	7
4	--	1.239471	0.767693	5	7.91308	8
5	--	0.884149	1.479874	4	8.79723	9
4	--	0.63911	0.895627	3	9.43634	10
3	--	1.786648	1.776883	4	11.21322	11
4	--	1.085715	1.759929	3	12.29893	12
3	--	0.905609	1.978918	2	13.20454	13
2	--	1.080688	1.972386	1	14.28523	14
1	--	2.623825	1.701258	2	15.98649	15
2	--	1.417196	1.181798	3	17.16829	16
3	--	0.945613	0.862764	4	18.03105	17
4	--	0.637261	1.690086	3	18.66831	18
3	--	1.318055	1.894982	2	19.98636	19
2	--	1.325966	1.266289	3	21.25265	20
3	--	1.539971	1.98069	2	22.79262	21
2	--	1.222088	2.270305	1	24.01471	22
1	--	3.522626	4.056593	0	27.53734	23

test #23
7	--	0.947311	1.954909	6	0.94731	1
6	--	0.887215	0.838382	7	1.78569	2
7	--	1.719607	1.088014	8	2.8737	3
8	--	1.092057	1.4647	7	3.96576	4
7	--	1.664192	1.300907	8	5.26667	5
8	--	1.805721	1.464916	9	6.73159	6
9	--	3.703975	3.610197	10	10.34179	7

test #24
7	--	1.740804	0.984427	8	0.98443	1
8	--	1.852875	2.301916	7	2.83731	2
7	--	0.901492	1.262625	6	3.7388	3
6	--	1.363015	0.772094	7	4.51089	4
7	--	1.553228	1.966243	6	6.06412	5
6	--	0.647494	1.109413	5	6.71161	6
5	--	1.326822	1.180411	6	7.89202	7
6	--	0.69	0.738708	5	8.58202	8
5	--	0.846419	1.496181	4	9.42844	9
4	--	0.665039	1.607587	3	10.09348	10
3	--	1.394753	1.18	4	11.27348	11
4	--	1.724744	0.949068	5	12.22255	12
5	--	0.97714	0.696654	6	12.9192	13
6	--	1.143183	1.222033	5	14.06238	14
5	--	1.068209	1.690226	4	15.13059	15
4	--	1.77464	1.236795	5	16.36739	16
5	--	0.90063	0.705562	6	17.07295	17
6	--	1.084825	1.246351	5	18.15777	18
5	--	0.930999	0.853388	6	19.01116	19
6	--	0.866417	0.819863	7	19.83102	20
7	--	1.464581	1.649415	6	21.2956	21
6	--	0.913752	1.408482	5	22.20935	22
5	--	0.817024	1.360036	4	23.02637	23
4	--	0.713066	1.403088	3	23.73944	24
3	--	0.890616	1.451267	2	24.63006	25
2	--	1.27534	1.144165	3	25.77423	26
3	--	1.385363	1.64624	2	27.15959	27
2	--	2.524383	1.551424	3	28.71101	28
3	--	1.104074	1.363307	2	29.81508	29
2	--	2.236601	1.726353	3	31.54143	30
3	--	1.010566	1.755985	2	32.552	31
2	--	1.884959	1.573627	3	34.12563	32
3	--	1.079815	1.46569	2	35.20544	33
2	--	1.909278	1.46151	3	36.66695	34
3	--	1.35607	1.482074	2	38.02302	35
2	--	1.22256	1.748254	1	39.24558	36
1	--	2.212235	2.961899	0	41.45782	37

test #25
7	--	1.223343	0.93515	8	0.93515	1
8	--	2.325871	1.370293	9	2.30544	2
9	--	4.258958	3.110633	10	5.41607	3

test #26
7	--	1.898812	1.234067	8	1.23407	1
8	--	2.195507	1.399156	9	2.63323	2
9	--	3.200267	2.322744	10	4.95597	3

test #27
7	--	0.964498	0.808909	8	0.80891	1
8	--	1.757782	1.349282	9	2.15819	2
9	--	2.520009	4.035223	8	4.6782	3
8	--	1.276798	1.184602	9	5.8628	4
9	--	2.900694	4.722091	8	8.76349	5
8	--	1.566572	1.862858	7	10.33006	6
7	--	1.280864	1.700818	6	11.61092	7
6	--	1.077557	0.909407	7	12.52033	8
7	--	1.044923	0.736137	8	13.25647	9
8	--	1.273311	1.816881	7	14.52978	10
7	--	1.467929	1.671196	6	15.99771	11
6	--	0.929147	1.230506	5	16.92686	12
5	--	1.32595	1.261828	6	18.18869	13
6	--	1.687119	1.349314	7	19.538	14
7	--	0.850611	2.006307	6	20.38861	15
6	--	1.099048	0.926991	7	21.3156	16
7	--	0.943229	1.514987	6	22.25883	17
6	--	1.095049	1.107525	5	23.35388	18
5	--	0.784202	1.302618	4	24.13808	19
4	--	1.260428	0.942087	5	25.08017	20
5	--	1.115595	1.428286	4	26.19576	21
4	--	0.99852	1.684405	3	27.19428	22
3	--	1.642645	1.859819	2	28.83692	23
2	--	1.357497	1.995834	1	30.19442	24
1	--	1.99969	4.691171	0	32.19411	25

test #28
7	--	1.214557	0.876818	8	0.87682	1
8	--	1.423015	1.452948	7	2.29983	2
7	--	1.036862	1.227533	6	3.33669	3
6	--	1.16707	0.87809	7	4.21478	4
7	--	0.752954	0.750861	8	4.96564	5
8	--	2.586103	1.089752	9	6.05539	6
9	--	2.670441	1.712787	10	7.76818	7

test #29
7	--	1.252103	1.48352	6	1.2521	1
6	--	1.015047	0.710247	7	1.96235	2
7	--	1.251594	1.73908	6	3.21394	3
6	--	1.08502	0.837288	7	4.05123	4
7	--	1.363138	1.854799	6	5.41437	5
6	--	1.116127	0.711057	7	6.12543	6
7	--	0.84445	0.898255	6	6.96988	7
6	--	0.912483	0.772809	7	7.74269	8
7	--	1.639433	1.207554	8	8.95024	9
8	--	0.971724	1.958561	7	9.92196	10
7	--	1.979273	0.917605	8	10.83957	11
8	--	2.44029	1.259208	9	12.09878	12
9	--	4.238388	2.857862	10	14.95664	13

test #30
7	--	1.211074	1.898657	6	1.21107	1
6	--	1.233454	1.115427	7	2.3265	2
7	--	1.160591	0.986863	8	3.31336	3
8	--	1.197268	1.216415	7	4.51063	4
7	--	1.31274	1.67389	6	5.82337	5
6	--	0.890817	0.679509	7	6.50288	6
7	--	0.866416	0.910723	6	7.3693	7
6	--	1.203548	0.709884	7	8.07918	8
7	--	1.130613	0.910151	8	8.98933	9
8	--	1.504771	2.367652	7	10.4941	10
7	--	1.47711	0.953398	8	11.4475	11
8	--	1.579992	1.300482	9	12.74798	12
9	--	1.748622	2.409605	8	14.4966	13
8	--	1.635968	1.864155	7	16.13257	14
7	--	1.867393	0.992884	8	17.12545	15
8	--	1.258508	2.288101	7	18.38396	16
7	--	1.886405	0.966224	8	19.35018	17
8	--	1.412439	2.001117	7	20.76262	18
7	--	1.19399	0.741045	8	21.50366	19
8	--	2.20623	1.219923	9	22.72358	20
9	--	3.454726	3.949891	8	26.17831	21
8	--	2.007282	1.853574	9	28.03188	22
9	--	4.000742	1.79652	10	29.8284	23

test #31
7	--	2.005166	1.591369	8	1.59137	1
8	--	1.586229	1.940227	7	3.1776	2
7	--	1.866844	0.842265	8	4.01987	3
8	--	1.856453	1.832395	9	5.85226	4
9	--	4.589475	3.180804	10	9.03306	5

test #32
7	--	1.325144	2.003114	6	1.32514	1
6	--	1.176008	1.471946	5	2.50115	2
5	--	0.904041	1.022061	4	3.40519	3
4	--	0.664891	1.591122	3	4.07008	4
3	--	1.771735	0.841531	4	4.91161	5
4	--	1.754327	1.170487	5	6.0821	6
5	--	0.888102	0.627884	6	6.70998	7
6	--	0.81639	0.994194	5	7.52637	8
5	--	0.680824	0.632531	6	8.1589	9
6	--	0.638048	0.735	5	8.79695	10
5	--	0.992184	1.000545	4	9.78913	11
4	--	1.627627	1.293903	5	11.08303	12
5	--	1.189477	0.859738	6	11.94277	13
6	--	0.678518	0.756096	5	12.62129	14
5	--	0.826852	0.961412	4	13.44814	15
4	--	1.259799	0.986414	5	14.43455	16
5	--	0.610926	0.624259	4	15.04548	17
4	--	1.611312	1.045399	5	16.09088	18
5	--	1.085528	0.614214	6	16.70509	19
6	--	1.046726	1.271569	5	17.75182	20
5	--	1.261782	1.455209	4	19.0136	21
4	--	1.481883	1.11472	5	20.12832	22
5	--	1.149739	1.247077	4	21.27806	23
4	--	1.537593	1.418952	5	22.69701	24
5	--	1.222717	0.728984	6	23.42599	25
6	--	0.837179	1.522962	5	24.26317	26
5	--	1.305467	1.223475	6	25.48665	27
6	--	0.965814	1.350812	5	26.45246	28
5	--	0.738738	0.974461	4	27.1912	29
4	--	1.715904	0.649529	5	27.84073	30
5	--	0.994034	0.911497	6	28.75223	31
6	--	0.84183	1.713381	5	29.59406	32
5	--	0.826673	1.391302	4	30.42073	33
4	--	1.124058	1.487453	3	31.54479	34
3	--	1.235839	1.577954	2	32.78063	35
2	--	1.121404	1.762825	1	33.90203	36
1	--	3.456315	3.338434	2	37.24046	37
2	--	1.378456	1.782009	1	38.61892	38
1	--	4.091548	3.781537	2	42.40046	39
2	--	1.107923	2.566128	1	43.50838	40
1	--	2.859673	3.383181	0	46.36805	41

test #33
7	--	0.842157	1.634003	6	0.84216	1
6	--	0.911213	0.951068	5	1.75337	2
5	--	1.228442	1.641466	4	2.98181	3
4	--	1.008819	1.00577	5	3.98758	4
5	--	0.733782	0.631018	6	4.6186	5
6	--	0.864498	1.499516	5	5.4831	6
5	--	1.331283	0.884526	6	6.36763	7
6	--	0.996221	1.712955	5	7.36385	8
5	--	1.400723	1.19041	6	8.55426	9
6	--	1.490969	1.020056	7	9.57432	10
7	--	1.371842	1.134995	8	10.70931	11
8	--	2.405551	1.101046	9	11.81036	12
9	--	3.13358	2.399454	10	14.20981	13

test #34
7	--	1.702485	1.189061	8	1.18906	1
8	--	1.4803	2.395377	7	2.66936	2
7	--	0.963383	1.268129	6	3.63274	3
6	--	1.237113	0.856184	7	4.48892	4
7	--	1.330312	1.770368	6	5.81923	5
6	--	1.289577	1.219399	7	7.03863	6
7	--	1.811778	0.925324	8	7.96395	7
8	--	2.338927	1.392773	9	9.35672	8
9	--	4.115744	3.533759	10	12.89048	9

test #35
7	--	1.556211	1.141677	8	1.14168	1
8	--	1.23598	2.129472	7	2.37766	2
7	--	2.025455	0.768918	8	3.14658	3
8	--	1.992953	1.563175	9	4.70975	4
9	--	3.327936	3.661908	8	8.03769	5
8	--	1.784375	1.023525	9	9.06122	6
9	--	2.055468	3.438072	8	11.11669	7
8	--	2.229664	1.107687	9	12.22438	8
9	--	2.886942	3.361722	8	15.11132	9
8	--	0.962677	0.977709	7	16.074	10
7	--	1.031613	0.790426	8	16.86443	11
8	--	1.642014	2.101416	7	18.50644	12
7	--	1.222483	0.848452	8	19.35489	13
8	--	1.78929	2.332362	7	21.14418	14
7	--	1.299792	1.593125	6	22.44397	15
6	--	1.536573	1.399537	7	23.84351	16
7	--	0.94575	0.959961	6	24.78926	17
6	--	0.805623	1.629148	5	25.59488	18
5	--	1.674901	1.055244	6	26.65012	19
6	--	0.886275	1.521079	5	27.5364	20
5	--	1.494056	0.677521	6	28.21392	21
6	--	0.786939	1.074359	5	29.00086	22
5	--	0.906124	0.647816	6	29.64868	23
6	--	1.256056	0.839985	7	30.48866	24
7	--	1.070932	1.11358	6	31.55959	25
6	--	0.907894	1.109741	5	32.46748	26
5	--	1.513083	1.021913	6	33.48939	27
6	--	1.231231	1.2506	5	34.72062	28
5	--	1.085668	0.709907	6	35.43053	29
6	--	0.67612	1.592649	5	36.10665	30
5	--	1.584717	1.312096	6	37.41875	31
6	--	0.827311	0.937312	5	38.24606	32
5	--	0.793785	0.957492	4	39.03984	33
4	--	1.196627	1.445875	3	40.23647	34
3	--	1.474426	1.521259	2	41.7109	35
2	--	1.739797	1.530268	3	43.24117	36
3	--	1.395175	0.816636	4	44.05781	37
4	--	1.452207	0.834546	5	44.89236	38
5	--	0.791181	1.61162	4	45.68354	39
4	--	1.184064	0.769513	5	46.45305	40
5	--	1.592351	0.763179	6	47.21623	41
6	--	0.681904	1.191052	5	47.89813	42
5	--	1.687867	1.530624	6	49.42875	43
6	--	1.060881	0.954334	7	50.38308	44
7	--	1.198456	0.905131	8	51.28821	45
8	--	1.062647	2.272294	7	52.35086	46
7	--	0.823982	1.669507	6	53.17484	47
6	--	0.809878	0.774019	7	53.94886	48
7	--	1.01524	1.870287	6	54.9641	49
6	--	1.152578	0.748515	7	55.71262	50
7	--	1.077865	1.079936	6	56.79049	51
6	--	0.79513	1.313941	5	57.58562	52
5	--	0.846917	0.616331	6	58.20195	53
6	--	0.651508	0.863547	5	58.85346	54
5	--	0.749489	1.088012	4	59.60295	55
4	--	0.726455	1.383346	3	60.3294	56
3	--	0.844355	1.317967	2	61.17375	57
2	--	2.484306	2.523225	1	63.65806	58
1	--	2.335607	1.807041	2	65.4651	59
2	--	1.346902	1.869596	1	66.812	60
1	--	1.977694	2.225012	0	68.78969	61

test #36
7	--	1.493906	0.862943	8	0.86294	1
8	--	1.967181	1.564917	9	2.42786	2
9	--	3.526549	3.75231	8	5.95441	3
8	--	1.719598	1.39787	9	7.35228	4
9	--	3.288387	3.158041	10	10.51032	5

test #37
7	--	0.899534	1.085285	6	0.89953	1
6	--	1.337141	1.104591	7	2.00412	2
7	--	1.104004	0.846948	8	2.85107	3
8	--	1.161714	1.494195	7	4.01278	4
7	--	1.184128	1.63013	6	5.19691	5
6	--	1.315767	0.860718	7	6.05763	6
7	--	1.084115	1.475226	6	7.14174	7
6	--	1.647237	1.447737	7	8.58948	8
7	--	1.57505	1.133639	8	9.72312	9
8	--	1.368113	1.157674	9	10.88079	10
9	--	3.019152	1.896378	10	12.77717	11

test #38
7	--	1.124117	1.239258	6	1.12412	1
6	--	0.955868	1.505435	5	2.07999	2
5	--	0.627203	0.652405	4	2.70719	3
4	--	1.192447	1.173336	5	3.88053	4
5	--	1.206554	0.702121	6	4.58265	5
6	--	1.775159	0.858094	7	5.44074	6
7	--	1.000338	1.133639	6	6.44108	7
6	--	1.571694	1.034649	7	7.47573	8
7	--	1.600972	1.311161	8	8.78689	9
8	--	2.073045	1.555883	9	10.34277	10
9	--	2.384118	2.076318	10	12.41909	11

test #39
7	--	1.466215	1.351133	8	1.35113	1
8	--	1.99813	1.574978	9	2.92611	2
9	--	4.683837	3.832369	10	6.75848	3

test #40
7	--	0.991128	1.746381	6	0.99113	1
6	--	1.146256	1.138896	7	2.13003	2
7	--	1.180824	1.352754	6	3.31085	3
6	--	1.14806	0.888432	7	4.19928	4
7	--	1.431584	1.488874	6	5.63086	5
6	--	1.111821	1.319944	5	6.74268	6
5	--	1.095808	0.825308	6	7.56799	7
6	--	1.045832	0.804535	7	8.37253	8
7	--	1.535643	0.939843	8	9.31237	9
8	--	1.243103	1.73746	7	10.55547	10
7	--	1.102432	1.041574	8	11.59704	11
8	--	1.887429	1.502698	9	13.09974	12
9	--	4.226873	3.220639	10	16.32038	13

test #41
7	--	1.267076	1.480422	6	1.26708	1
6	--	0.726764	0.719229	7	1.98631	2
7	--	1.344115	1.140089	8	3.1264	3
8	--	2.267819	2.331723	7	5.39422	4
7	--	1.28327	1.839715	6	6.67749	5
6	--	1.499417	0.814515	7	7.492	6
7	--	0.888696	1.603104	6	8.3807	7
6	--	0.740778	1.040044	5	9.12148	8
5	--	0.832971	1.374308	4	9.95445	9
4	--	0.684922	1.017367	3	10.63937	10
3	--	1.554777	0.862022	4	11.50139	11
4	--	1.424497	0.986465	5	12.48786	12
5	--	0.744778	1.578466	4	13.23264	13
4	--	1.103157	0.707795	5	13.94043	14
5	--	0.819821	1.073774	4	14.76025	15
4	--	0.890002	0.802451	5	15.5627	16
5	--	0.636904	1.492195	4	16.1996	17
4	--	0.95565	0.894689	5	17.09429	18
5	--	1.448044	0.871781	6	17.96607	19
6	--	0.677986	1.229366	5	18.64406	20
5	--	0.727936	1.176692	4	19.372	21
4	--	0.945671	0.990899	3	20.31767	22
3	--	0.924621	1.782914	2	21.24229	23
2	--	2.435862	1.079243	3	22.32153	24
3	--	0.881258	1.544077	2	23.20279	25
2	--	2.385032	2.639936	1	25.58782	26
1	--	3.04839	3.253502	0	28.63621	27

test #42
7	--	0.803407	1.809521	6	0.80341	1
6	--	1.26655	1.680555	5	2.06996	2
5	--	0.649514	1.204955	4	2.71947	3
4	--	0.767597	1.703821	3	3.48707	4
3	--	1.463949	0.865775	4	4.35284	5
4	--	1.528064	1.031484	5	5.38432	6
5	--	1.382224	1.193981	6	6.5783	7
6	--	0.979347	1.40153	5	7.55765	8
5	--	1.036824	1.651611	4	8.59447	9
4	--	1.469174	1.656432	3	10.06364	10
3	--	0.773032	1.51714	2	10.83667	11
2	--	1.19747	1.968235	1	12.03414	12
1	--	2.180589	2.794621	0	14.21473	13

test #43
7	--	0.899665	0.794348	8	0.79435	1
8	--	1.17023	1.946969	7	1.96458	2
7	--	0.785045	1.088383	6	2.74962	3
6	--	1.431255	0.666136	7	3.41576	4
7	--	1.960026	1.292031	8	4.70779	5
8	--	1.722371	2.391131	7	6.43016	6
7	--	1.555124	1.156905	8	7.58707	7
8	--	1.199163	1.459448	7	8.78623	8
7	--	1.165496	1.983925	6	9.95173	9
6	--	0.958494	1.25062	5	10.91022	10
5	--	1.261758	0.65336	6	11.56358	11
6	--	0.871432	1.322556	5	12.43501	12
5	--	0.879056	1.631199	4	13.31407	13
4	--	1.461169	1.249745	5	14.56382	14
5	--	1.113822	0.74293	6	15.30675	15
6	--	0.932566	1.710232	5	16.23932	16
5	--	0.927193	0.959126	4	17.16651	17
4	--	1.376235	0.9409	5	18.10741	18
5	--	1.688223	0.976334	6	19.08374	19
6	--	1.138802	1.521843	5	20.22254	20
5	--	0.882135	0.786213	6	21.00875	21
6	--	1.744761	0.92632	7	21.93507	22
7	--	1.448972	1.52811	6	23.38404	23
6	--	1.641622	1.141057	7	24.5251	24
7	--	0.95569	2.000237	6	25.48079	25
6	--	0.878575	1.271494	5	26.35936	26
5	--	0.93087	0.933337	4	27.29023	27
4	--	0.789675	0.973757	3	28.07991	28
3	--	1.087886	1.398837	2	29.1678	29
2	--	2.419465	1.198238	3	30.36604	30
3	--	0.741718	1.753828	2	31.10776	31
2	--	2.551078	2.333779	3	33.44154	32
3	--	1.527643	1.769682	2	34.96918	33
2	--	1.807344	1.861446	1	36.77652	34
1	--	3.412903	1.920766	2	38.69729	35
2	--	1.054291	2.488308	1	39.75158	36
1	--	4.03306	1.710797	2	41.46238	37
2	--	1.875876	1.862667	3	43.32505	38
3	--	1.533039	0.939358	4	44.26441	39
4	--	1.303335	0.858984	5	45.12339	40
5	--	0.771623	1.632578	4	45.89501	41
4	--	1.446382	1.254681	5	47.14969	42
5	--	1.178695	1.407713	4	48.32839	43
4	--	1.162359	0.830866	5	49.15926	44
5	--	0.880628	1.661346	4	50.03989	45
4	--	0.806456	1.773051	3	50.84635	46
3	--	1.203832	2.030108	2	52.05018	47
2	--	1.390777	2.339168	1	53.44096	48
1	--	3.448893	2.368147	2	55.80911	49
2	--	1.943536	2.369963	1	57.75265	50
1	--	4.108245	4.416395	0	61.8609	51

test #44
7	--	1.330162	0.871253	8	0.87125	1
8	--	1.06383	1.401773	7	1.93508	2
7	--	1.558834	1.237669	8	3.17275	3
8	--	1.164806	1.293085	7	4.33756	4
7	--	2.03506	1.631017	8	5.96858	5
8	--	1.107853	1.034699	9	7.00328	6
9	--	2.047959	1.757646	10	8.76093	7

test #45
7	--	1.868944	1.744484	8	1.74448	1
8	--	2.640978	2.202395	9	3.94688	2
9	--	2.29704	2.562528	8	6.24392	3
8	--	1.43037	1.055995	9	7.29992	4
9	--	2.240719	3.361537	8	9.54064	5
8	--	1.314487	2.381687	7	10.85513	6
7	--	1.721438	1.119149	8	11.97428	7
8	--	1.74497	1.5366	9	13.51088	8
9	--	2.883495	1.699272	10	15.21015	9

test #46
7	--	1.408209	1.310884	8	1.31088	1
8	--	1.922858	2.081649	7	3.23374	2
7	--	1.410755	1.318218	8	4.55196	3
8	--	1.274281	1.528423	7	5.82624	4
7	--	1.676345	1.22163	8	7.04787	5
8	--	1.720864	1.158477	9	8.20635	6
9	--	3.660138	3.831176	8	11.86649	7
8	--	1.289247	1.63039	7	13.15574	8
7	--	0.769505	1.620377	6	13.92524	9
6	--	1.258524	1.778966	5	15.18376	10
5	--	1.194913	1.336174	4	16.37867	11
4	--	0.907295	0.824571	5	17.20324	12
5	--	1.511805	0.828379	6	18.03162	13
6	--	1.307028	1.343468	5	19.33865	14
5	--	0.873501	0.881139	4	20.21215	15
4	--	1.389555	1.227381	5	21.43953	16
5	--	1.453871	1.331521	6	22.77105	17
6	--	0.89889	0.699387	7	23.47044	18
7	--	1.253494	1.157539	8	24.62798	19
8	--	2.466607	1.717163	9	26.34514	20
9	--	3.732883	3.835715	8	30.07802	21
8	--	1.799152	1.643039	9	31.72106	22
9	--	2.184641	2.373084	8	33.9057	23
8	--	1.018283	1.410254	7	34.92398	24
7	--	1.891423	1.167263	8	36.09124	25
8	--	1.109359	1.569551	7	37.2006	26
7	--	0.944085	0.806927	8	38.00753	27
8	--	1.419818	2.345876	7	39.42735	28
7	--	1.710028	1.547773	8	40.97512	29
8	--	2.022767	1.273143	9	42.24826	30
9	--	3.768857	4.246896	8	46.01712	31
8	--	1.293849	1.35824	7	47.31097	32
7	--	1.798826	0.881794	8	48.19276	33
8	--	1.528299	1.036698	9	49.22946	34
9	--	2.941669	2.109615	10	51.33907	35

test #47
7	--	2.022816	1.288147	8	1.28815	1
8	--	1.233407	2.050761	7	2.52156	2
7	--	1.733176	1.344647	8	3.86621	3
8	--	1.160626	1.673872	7	5.02684	4
7	--	0.940645	1.060057	6	5.96748	5
6	--	1.292329	1.336609	5	7.25981	6
5	--	0.928422	1.332813	4	8.18823	7
4	--	1.221622	0.980756	5	9.16899	8
5	--	1.513323	1.553831	4	10.68231	9
4	--	1.039884	1.403076	3	11.72219	10
3	--	1.906036	1.854561	4	13.57675	11
4	--	1.384107	1.61829	3	14.96086	12
3	--	0.967014	0.954413	4	15.91527	13
4	--	1.638449	0.775793	5	16.69106	14
5	--	1.660651	1.187895	6	17.87895	15
6	--	1.697564	1.714956	5	19.57651	16
5	--	1.258713	1.557962	4	20.83522	17
4	--	0.852552	0.701	5	21.53622	18
5	--	1.659697	1.065079	6	22.6013	19
6	--	1.229981	1.041977	7	23.64328	20
7	--	0.890473	0.97571	6	24.53375	21
6	--	1.586496	1.373961	7	25.90771	22
7	--	1.63326	1.375101	8	27.28281	23
8	--	2.621611	1.846048	9	29.12886	24
9	--	2.028342	1.881366	10	31.01023	25

test #48
7	--	1.861513	1.345771	8	1.34577	1
8	--	1.350744	2.35947	7	2.69651	2
7	--	1.08862	1.780813	6	3.78513	3
6	--	1.113136	1.350531	5	4.89827	4
5	--	0.727728	1.014132	4	5.626	5
4	--	0.807749	1.053524	3	6.43375	6
3	--	1.470369	0.887335	4	7.32108	7
4	--	0.79052	1.701945	3	8.1116	8
3	--	1.989014	0.995585	4	9.10719	9
4	--	1.434817	0.636308	5	9.7435	10
5	--	0.952749	1.436644	4	10.69625	11
4	--	0.646583	1.748774	3	11.34283	12
3	--	1.900425	0.857386	4	12.20022	13
4	--	0.770521	0.885781	3	12.97074	14
3	--	1.450361	1.081143	4	14.05188	15
4	--	0.684531	0.899568	3	14.73641	16
3	--	1.58567	0.745191	4	15.4816	17
4	--	0.849423	1.17786	3	16.33102	18
3	--	1.037141	1.48137	2	17.36816	19
2	--	1.540677	1.501955	3	18.87011	20
3	--	1.892905	0.970735	4	19.84085	21
4	--	1.666724	1.05286	5	20.89371	22
5	--	1.064833	0.90289	6	21.7966	23
6	--	1.203228	1.719556	5	22.99983	24
5	--	1.493329	0.942735	6	23.94256	25
6	--	0.999869	1.520554	5	24.94243	26
5	--	1.405695	1.127648	6	26.07008	27
6	--	0.857277	0.883181	5	26.92736	28
5	--	1.409148	1.067059	6	27.99442	29
6	--	1.442929	1.131138	7	29.12556	30
7	--	0.999865	1.121114	6	30.12543	31
6	--	1.074044	0.769151	7	30.89458	32
7	--	0.927828	1.148657	6	31.82241	33
6	--	0.701325	1.130619	5	32.52373	34
5	--	0.9453	0.6457	6	33.16943	35
6	--	1.365282	1.361633	7	34.53106	36
7	--	1.144172	1.90373	6	35.67523	37
6	--	1.160888	1.401789	5	36.83612	38
5	--	1.073219	0.995538	6	37.83166	39
6	--	1.584979	0.71985	7	38.55151	40
7	--	1.527676	1.160753	8	39.71226	41
8	--	1.629663	1.689611	7	41.34192	42
7	--	1.961092	1.476818	8	42.81874	43
8	--	1.500633	1.510213	7	44.31937	44
7	--	1.316558	1.584148	6	45.63593	45
6	--	1.496855	0.651232	7	46.28716	46
7	--	1.633703	1.044891	8	47.33205	47
8	--	1.580675	1.05957	9	48.39162	48
9	--	2.829624	3.851262	8	51.22124	49
8	--	2.333372	1.673638	9	52.89488	50
9	--	4.064306	2.915256	10	55.81014	51

test #49
7	--	1.254494	1.149019	8	1.14902	1
8	--	1.503548	1.644617	7	2.65257	2
7	--	1.342081	1.621423	6	3.99465	3
6	--	1.605061	1.672408	5	5.59971	4
5	--	1.303258	0.852214	6	6.45192	5
6	--	1.144051	1.369687	5	7.59597	6
5	--	1.126061	1.272057	4	8.72203	7
4	--	1.538298	0.91991	5	9.64194	8
5	--	0.632811	0.731059	4	10.27475	9
4	--	1.6471	1.338245	5	11.61299	10
5	--	0.685749	1.538498	4	12.29874	11
4	--	0.800498	0.646834	5	12.94557	12
5	--	1.43736	0.930143	6	13.87571	13
6	--	1.499488	1.15933	7	15.03504	14
7	--	1.747035	1.844977	6	16.78207	15
6	--	0.990104	0.679618	7	17.46169	16
7	--	1.480893	1.641516	6	18.94258	17
6	--	1.282515	0.790599	7	19.73318	18
7	--	1.263798	1.160972	8	20.89415	19
8	--	2.561843	1.862443	9	22.75659	20
9	--	2.792933	2.539279	10	25.29587	21

test #50
7	--	1.518168	0.943588	8	0.94359	1
8	--	0.998418	1.417664	7	1.94201	2
7	--	2.035331	0.859714	8	2.80172	3
8	--	1.470439	1.476045	7	4.27216	4
7	--	1.312931	0.937502	8	5.20966	5
8	--	2.031268	2.183081	7	7.24093	6
7	--	0.865141	1.56862	6	8.10607	7
6	--	1.587095	0.695739	7	8.80181	8
7	--	1.989496	1.497721	8	10.29953	9
8	--	1.914331	2.226665	7	12.21386	10
7	--	1.444655	1.462854	6	13.65852	11
6	--	1.048333	0.997822	7	14.65634	12
7	--	1.206723	1.489334	6	15.86306	13
6	--	1.213057	1.363023	5	17.07612	14
5	--	1.106928	1.639763	4	18.18305	15
4	--	1.4161	1.104616	5	19.28767	16
5	--	1.24699	1.662831	4	20.53466	17
4	--	1.061914	1.09475	3	21.59657	18
3	--	1.726829	0.786022	4	22.38259	19
4	--	0.637893	0.9945	3	23.02048	20
3	--	0.977494	0.849533	4	23.87001	21
4	--	1.293418	1.395202	3	25.16343	22
3	--	1.982371	1.26936	4	26.43279	23
4	--	0.845454	0.825967	5	27.25876	24
5	--	0.763526	0.796937	4	28.02229	25
4	--	1.364744	0.998011	5	29.0203	26
5	--	0.991832	1.256325	4	30.01213	27
4	--	1.120432	1.006253	5	31.01838	28
5	--	0.860679	0.669424	6	31.6878	29
6	--	0.999767	1.526848	5	32.68757	30
5	--	1.241134	1.401824	4	33.9287	31
4	--	1.762204	1.06245	5	34.99115	32
5	--	0.796092	0.761768	6	35.75292	33
6	--	0.955049	1.373843	5	36.70797	34
5	--	0.618348	1.183259	4	37.32632	35
4	--	1.361811	0.963524	5	38.28984	36
5	--	1.23325	0.93681	6	39.22665	37
6	--	1.668903	0.80476	7	40.03141	38
7	--	1.056178	1.203515	6	41.08759	39
6	--	1.106143	1.169591	5	42.19373	40
5	--	0.776852	0.83762	4	42.97058	41
4	--	1.358802	1.135204	5	44.10578	42
5	--	0.812599	0.668253	6	44.77403	43
6	--	0.966325	0.886505	7	45.66053	44
7	--	1.370903	0.808751	8	46.46928	45
8	--	1.394676	1.693361	7	47.86396	46
7	--	1.914371	1.541114	8	49.40507	47
8	--	2.555974	1.625712	9	51.03078	48
9	--	3.357415	4.370226	8	54.3882	49
8	--	1.341455	1.730555	7	55.72966	50
7	--	1.600175	0.813099	8	56.54276	51
8	--	1.49666	1.354205	9	57.89697	52
9	--	4.25866	1.708371	10	59.60534	53

test #51
7	--	1.514141	1.385777	8	1.38578	1
8	--	1.247908	2.159682	7	2.63369	2
7	--	0.810081	1.9972	6	3.44377	3
6	--	0.782997	0.968554	5	4.22677	4
5	--	1.575602	1.343737	6	5.57051	5
6	--	0.656684	1.322023	5	6.22719	6
5	--	0.799113	0.956269	4	7.0263	7
4	--	0.732242	0.8269	3	7.75854	8
3	--	0.856664	0.764171	4	8.52271	9
4	--	1.120615	1.422107	3	9.64332	10
3	--	1.972844	1.096312	4	10.73963	11
4	--	0.7063	0.678066	5	11.4177	12
5	--	1.151019	1.229903	4	12.56872	13
4	--	1.517313	1.432216	5	14.00094	14
5	--	1.049149	0.766568	6	14.76751	15
6	--	1.198215	1.297691	5	15.96573	16
5	--	1.631506	1.131809	6	17.09754	17
6	--	1.101183	0.919949	7	18.01749	18
7	--	1.66628	1.564592	8	19.58208	19
8	--	1.696918	1.395076	9	20.97716	20
9	--	1.928876	1.995899	8	22.90604	21
8	--	2.173387	1.008326	9	23.91437	22
9	--	2.557862	2.54874	10	26.46311	23

test #52
7	--	1.138774	0.850326	8	0.85033	1
8	--	1.880007	2.010532	7	2.73034	2
7	--	1.261238	1.104543	8	3.83488	3
8	--	1.940464	1.105816	9	4.9407	4
9	--	3.362828	3.58969	8	8.30353	5
8	--	1.669582	1.75602	7	9.97311	6
7	--	1.70831	0.904719	8	10.87783	7
8	--	1.474222	1.273365	9	12.1512	8
9	--	4.564338	2.905748	10	15.05695	9

test #53
7	--	0.811072	1.523661	6	0.81107	1
6	--	1.560077	1.150665	7	1.96174	2
7	--	1.76236	1.389769	8	3.35151	3
8	--	2.050956	2.243772	7	5.40247	4
7	--	1.441801	1.775974	6	6.84427	5
6	--	1.618206	0.824602	7	7.66887	6
7	--	1.524274	0.934069	8	8.60294	7
8	--	1.017595	2.637055	7	9.62054	8
7	--	0.772795	1.761318	6	10.39334	9
6	--	1.220272	1.164979	7	11.55832	10
7	--	1.655519	1.121208	8	12.67953	11
8	--	1.958688	2.640977	7	14.63822	12
7	--	0.873904	0.800128	8	15.43835	13
8	--	2.170514	2.597787	7	17.60886	14
7	--	1.846438	1.2448	8	18.85366	15
8	--	1.609469	1.56531	9	20.41897	16
9	--	1.927032	2.375113	8	22.346	17
8	--	2.339898	1.406716	9	23.75272	18
9	--	4.461036	3.318372	10	27.07109	19

test #54
7	--	1.074922	1.206822	6	1.07492	1
6	--	1.343176	1.264675	7	2.33959	2
7	--	1.428777	0.786414	8	3.126	3
8	--	1.992981	1.68714	9	4.81314	4
9	--	2.017798	2.646706	8	6.83094	5
8	--	1.961243	1.626431	9	8.45737	6
9	--	4.019212	3.369504	10	11.82687	7

test #55
7	--	1.265412	1.148754	8	1.14875	1
8	--	1.730873	0.988636	9	2.13739	2
9	--	1.707861	3.684743	8	3.84525	3
8	--	2.610536	1.577879	9	5.42313	4
9	--	2.804202	2.307507	10	7.73064	5

test #56
7	--	1.169137	1.555569	6	1.16914	1
6	--	0.8629	1.290049	5	2.03204	2
5	--	1.432626	1.143106	6	3.17515	3
6	--	1.270007	0.76714	7	3.94229	4
7	--	0.84296	0.897806	6	4.78525	5
6	--	1.62997	0.727932	7	5.51318	6
7	--	1.46397	1.569724	6	6.97715	7
6	--	1.506195	1.139029	7	8.11618	8
7	--	0.864738	1.666895	6	8.98092	9
6	--	0.799769	0.810094	5	9.78069	10
5	--	0.825375	0.817251	6	10.59794	11
6	--	0.954267	1.287613	5	11.55221	12
5	--	0.93947	1.072036	4	12.49168	13
4	--	1.239515	1.133534	5	13.62521	14
5	--	1.282753	0.802816	6	14.42803	15
6	--	1.752769	1.307671	7	15.7357	16
7	--	1.448059	1.403732	8	17.13943	17
8	--	2.075672	1.470073	9	18.6095	18
9	--	2.966602	2.248345	10	20.85785	19

test #57
7	--	0.851144	1.03412	6	0.85114	1
6	--	1.417716	1.323833	7	2.17497	2
7	--	1.138455	1.212836	6	3.31342	3
6	--	1.494986	1.384776	7	4.6982	4
7	--	1.605426	1.210685	8	5.90889	5
8	--	1.466065	1.360939	9	7.26983	6
9	--	1.735583	2.35115	8	9.00541	7
8	--	1.552973	1.940578	7	10.55838	8
7	--	2.025298	1.343899	8	11.90228	9
8	--	2.471338	1.005046	9	12.90733	10
9	--	4.158334	3.861492	10	16.76882	11

test #58
7	--	1.782224	0.868547	8	0.86855	1
8	--	1.781705	2.094736	7	2.65026	2
7	--	0.7576	1.863921	6	3.40786	3
6	--	1.665147	1.38836	7	4.79622	4
7	--	0.941275	1.999692	6	5.73749	5
6	--	1.426024	1.687797	5	7.16351	6
5	--	1.496014	1.003272	6	8.16678	7
6	--	0.877868	1.58575	5	9.04465	8
5	--	0.640482	0.838468	4	9.68513	9
4	--	1.477567	0.999333	5	10.68446	10
5	--	1.043231	0.919216	6	11.60368	11
6	--	1.744109	1.164333	7	12.76801	12
7	--	0.879228	1.401302	6	13.64724	13
6	--	1.203813	1.780797	5	14.85105	14
5	--	1.50092	0.683897	6	15.53495	15
6	--	1.778961	1.583549	7	17.1185	16
7	--	1.813313	1.687757	8	18.80626	17
8	--	1.92483	1.460089	9	20.26635	18
9	--	2.266248	1.915359	10	22.18171	19

test #59
7	--	0.80696	0.794259	8	0.79426	1
8	--	2.53367	1.03568	9	1.82994	2
9	--	2.339953	2.419227	8	4.16989	3
8	--	1.15348	1.142546	9	5.31244	4
9	--	2.999307	3.425316	8	8.31175	5
8	--	0.958003	1.76179	7	9.26975	6
7	--	1.375078	1.482791	6	10.64483	7
6	--	0.657608	0.644847	7	11.28968	8
7	--	1.548031	1.923845	6	12.83771	9
6	--	0.887865	1.686551	5	13.72558	10
5	--	0.849636	1.613567	4	14.57522	11
4	--	1.347638	0.693983	5	15.2692	12
5	--	1.456199	1.600171	4	16.7254	13
4	--	1.303272	1.323999	3	18.02867	14
3	--	0.749245	0.892814	2	18.77792	15
2	--	1.736754	1.747117	1	20.51467	16
1	--	2.900216	3.016726	0	23.41489	17

test #60
7	--	1.428035	1.559516	6	1.42803	1
6	--	1.080995	1.616423	5	2.50902	2
5	--	0.83745	1.17756	4	3.34647	3
4	--	1.535702	0.995734	5	4.3422	4
5	--	1.575702	0.787568	6	5.12977	5
6	--	0.894385	1.184261	5	6.02415	6
5	--	0.983173	0.78715	6	6.8113	7
6	--	1.023694	1.088009	5	7.83499	8
5	--	1.13164	1.512167	4	8.96663	9
4	--	0.680049	1.145157	3	9.64668	10
3	--	0.802173	1.007571	2	10.44885	11
2	--	1.781507	2.19521	1	12.23036	12
1	--	3.308642	3.621413	0	15.539	13

test #61
7	--	1.700572	1.17027	8	1.17027	1
8	--	1.865725	1.73822	9	2.90849	2
9	--	3.266846	4.091891	8	6.17534	3
8	--	1.074021	1.098072	7	7.24936	4
7	--	1.310765	1.782097	6	8.56012	5
6	--	1.281658	1.312397	5	9.84178	6
5	--	0.92379	1.361271	4	10.76557	7
4	--	1.18652	1.087926	5	11.8535	8
5	--	1.43364	0.610342	6	12.46384	9
6	--	0.963138	1.146406	5	13.42698	10
5	--	1.683314	1.089892	6	14.51687	11
6	--	1.091521	1.201155	5	15.60839	12
5	--	1.637151	1.080003	6	16.68839	13
6	--	1.709675	1.093935	7	17.78233	14
7	--	1.497873	2.01198	6	19.2802	15
6	--	1.093694	1.000891	7	20.28109	16
7	--	1.694934	0.773407	8	21.0545	17
8	--	1.061952	1.211112	7	22.11645	18
7	--	0.994278	0.87899	8	22.99544	19
8	--	2.009151	1.428057	9	24.4235	20
9	--	3.800933	3.049508	10	27.47301	21

test #62
7	--	1.307361	1.945928	6	1.30736	1
6	--	0.983236	1.190786	5	2.2906	2
5	--	1.060644	1.17525	4	3.35124	3
4	--	1.727898	1.074316	5	4.42556	4
5	--	1.607592	0.704131	6	5.12969	5
6	--	1.091365	0.70283	7	5.83252	6
7	--	1.163649	0.80808	8	6.6406	7
8	--	2.109386	2.266993	7	8.74999	8
7	--	1.374453	1.480775	6	10.12444	9
6	--	0.86305	1.084292	5	10.98749	10
5	--	0.829978	1.479278	4	11.81747	11
4	--	1.58501	1.129793	5	12.94726	12
5	--	0.988825	1.064122	4	13.93608	13
4	--	0.744495	0.734279	5	14.67036	14
5	--	0.728188	0.944216	4	15.39855	15
4	--	1.069154	1.574475	3	16.4677	16
3	--	1.555802	1.229952	4	17.69765	17
4	--	1.32196	0.940475	5	18.63812	18
5	--	0.987519	1.14119	4	19.62564	19
4	--	0.760705	0.726941	5	20.35258	20
5	--	1.29784	0.661158	6	21.01374	21
6	--	1.420226	0.776671	7	21.79041	22
7	--	2.035325	2.013947	8	23.80436	23
8	--	1.737596	1.123124	9	24.92748	24
9	--	2.447761	2.06561	10	26.99309	25

test #63
7	--	1.176753	1.058796	8	1.0588	1
8	--	2.197519	1.78988	9	2.84868	2
9	--	3.763812	4.670557	8	6.61249	3
8	--	2.406768	1.625686	9	8.23818	4
9	--	2.797029	2.917279	8	11.03521	5
8	--	1.524569	1.01947	9	12.05468	6
9	--	2.358368	1.871554	10	13.92623	7

test #64
7	--	1.196232	1.851283	6	1.19623	1
6	--	0.980088	1.022811	5	2.17632	2
5	--	1.216317	1.388531	4	3.39264	3
4	--	0.749751	1.17013	3	4.14239	4
3	--	0.751591	1.261734	2	4.89398	5
2	--	1.216072	1.213318	3	6.1073	6
3	--	0.913521	1.995369	2	7.02082	7
2	--	2.588206	1.462043	3	8.48286	8
3	--	1.069657	0.731605	4	9.21446	9
4	--	1.090396	1.576392	3	10.30486	10
3	--	0.859348	1.522083	2	11.16421	11
2	--	1.39069	2.200157	1	12.5549	12
1	--	2.278294	3.800808	0	14.83319	13

test #65
7	--	1.103299	0.787939	8	0.78794	1
8	--	2.466929	1.838897	9	2.62684	2
9	--	4.105769	3.792322	10	6.41916	3

test #66
7	--	1.754828	1.22294	8	1.22294	1
8	--	2.662014	2.088236	9	3.31118	2
9	--	1.956189	3.256782	8	5.26737	3
8	--	1.684498	1.411749	9	6.67912	4
9	--	3.00364	3.889904	8	9.68276	5
8	--	2.527426	1.118728	9	10.80149	6
9	--	2.55145	1.98629	10	12.78778	7

test #67
7	--	0.826855	1.124799	6	0.82686	1
6	--	1.322769	1.011232	7	1.83809	2
7	--	0.865454	0.920851	6	2.70354	3
6	--	1.164164	0.901302	7	3.60484	4
7	--	1.613962	1.059837	8	4.66468	5
8	--	1.53089	2.155338	7	6.19557	6
7	--	1.521911	0.853342	8	7.04891	7
8	--	1.392069	1.889539	7	8.44098	8
7	--	0.771937	0.73102	8	9.172	9
8	--	2.517793	2.561479	7	11.68979	10
7	--	0.812343	0.848959	6	12.50213	11
6	--	1.18535	1.640109	5	13.68748	12
5	--	1.225796	0.628311	6	14.31579	13
6	--	0.982811	1.228186	5	15.2986	14
5	--	1.230039	0.677869	6	15.97647	15
6	--	0.963725	1.67171	5	16.9402	16
5	--	0.629377	1.12536	4	17.56958	17
4	--	1.510375	0.995597	5	18.56518	18
5	--	1.099759	1.544877	4	19.66494	19
4	--	1.115459	0.8899	5	20.55484	20
5	--	1.158992	0.990919	6	21.54576	21
6	--	0.989849	1.356238	5	22.53561	22
5	--	1.40511	0.670554	6	23.20616	23
6	--	0.999468	0.977427	7	24.18359	24
7	--	1.436277	1.967531	6	25.61987	25
6	--	1.607554	0.895056	7	26.51493	26
7	--	1.699535	1.447499	8	27.96243	27
8	--	1.335185	2.093217	7	29.29762	28
7	--	0.839255	1.078587	6	30.13687	29
6	--	1.720768	0.949038	7	31.08591	30
7	--	1.748067	1.9001	6	32.83398	31
6	--	1.436586	1.219243	7	34.05322	32
7	--	0.891648	1.166159	6	34.94487	33
6	--	1.562485	0.847837	7	35.79271	34
7	--	1.07223	1.737037	6	36.86494	35
6	--	0.775899	0.767666	7	37.63261	36
7	--	1.728402	0.803606	8	38.43622	37
8	--	1.364384	1.231545	9	39.66776	38
9	--	3.520797	2.891963	10	42.55972	39

test #68
7	--	0.958449	0.991539	6	0.95845	1
6	--	1.154625	1.351318	5	2.11308	2
5	--	0.815528	1.096922	4	2.92861	3
4	--	1.031124	1.075521	3	3.95973	4
3	--	1.833048	1.645144	4	5.60487	5
4	--	1.207249	0.708049	5	6.31292	6
5	--	0.614673	0.928371	4	6.92759	7
4	--	1.618282	1.043023	5	7.97061	8
5	--	0.917146	0.9121	6	8.88271	9
6	--	0.721578	1.030804	5	9.60429	10
5	--	1.481505	0.74031	6	10.3446	11
6	--	1.324276	1.422573	5	11.66888	12
5	--	1.114139	0.961556	6	12.63044	13
6	--	1.044469	1.064616	5	13.67491	14
5	--	1.143778	1.225991	4	14.81869	15
4	--	1.217859	1.284262	3	16.03655	16
3	--	1.277524	1.394676	2	17.31407	17
2	--	1.185298	1.233015	1	18.49937	18
1	--	2.870922	1.785211	2	20.28458	19
2	--	1.132723	1.561576	1	21.4173	20
1	--	3.133685	3.818455	0	24.55098	21

test #69
7	--	1.345878	1.760532	6	1.34588	1
6	--	0.762489	0.656213	7	2.00209	2
7	--	1.833123	1.896194	6	3.83521	3
6	--	1.116282	0.988937	7	4.82415	4
7	--	1.963441	1.233142	8	6.05729	5
8	--	1.139	1.214202	7	7.19629	6
7	--	0.839056	0.857109	6	8.03535	7
6	--	1.002568	0.805626	7	8.84098	8
7	--	0.959	0.962489	6	9.79998	9
6	--	1.236733	0.658162	7	10.45814	10
7	--	0.782638	1.616516	6	11.24078	11
6	--	1.302002	1.561412	5	12.54278	12
5	--	1.019035	0.879325	6	13.42211	13
6	--	1.238735	1.634586	5	14.66084	14
5	--	0.714709	1.092745	4	15.37555	15
4	--	0.744973	1.760367	3	16.12052	16
3	--	0.760431	0.765479	2	16.88095	17
2	--	2.198652	1.169334	3	18.05028	18
3	--	0.907788	1.120221	2	18.95807	19
2	--	2.45562	1.977879	3	20.93595	20
3	--	1.923441	1.922897	4	22.85885	21
4	--	0.737225	1.355827	3	23.59608	22
3	--	0.827651	1.779422	2	24.42373	23
2	--	0.96689	1.568607	1	25.39062	24
1	--	2.435275	3.032548	0	27.82589	25

test #70
7	--	1.816686	1.687758	8	1.68776	1
8	--	1.68092	2.244317	7	3.36868	2
7	--	1.558363	1.581526	6	4.92704	3
6	--	0.888783	1.436187	5	5.81582	4
5	--	0.680814	0.663035	6	6.47886	5
6	--	1.314181	0.698837	7	7.1777	6
7	--	1.635428	1.315847	8	8.49355	7
8	--	2.32568	1.319474	9	9.81302	8
9	--	3.095856	3.372023	8	12.90888	9
8	--	2.60872	1.424041	9	14.33292	10
9	--	2.031895	2.750599	8	16.36482	11
8	--	1.834925	0.990288	9	17.35511	12
9	--	2.487283	2.369465	10	19.72457	13

test #71
7	--	1.050506	1.130258	6	1.05051	1
6	--	1.055575	1.284069	5	2.10608	2
5	--	1.689538	1.515054	6	3.62113	3
6	--	0.970647	1.135953	5	4.59178	4
5	--	1.410524	0.629482	6	5.22126	5
6	--	0.883866	0.720126	7	5.94139	6
7	--	1.13852	1.59273	6	7.07991	7
6	--	1.045713	1.291476	5	8.12562	8
5	--	0.987796	1.318205	4	9.11342	9
4	--	1.128724	1.486627	3	10.24214	10
3	--	1.684101	1.619641	4	11.86178	11
4	--	0.677865	1.068697	3	12.53965	12
3	--	0.771449	0.855505	2	13.3111	13
2	--	1.372789	1.463083	1	14.68389	14
1	--	4.608085	2.335947	2	17.01984	15
2	--	1.31043	1.659261	1	18.33027	16
1	--	2.944521	2.622223	2	20.95249	17
2	--	1.306041	2.3681	1	22.25853	18
1	--	3.925603	4.590403	0	26.18413	19

test #72
7	--	0.929714	1.837588	6	0.92971	1
6	--	1.036588	1.764769	5	1.9663	2
5	--	0.954539	1.154982	4	2.92084	3
4	--	0.776008	1.412521	3	3.69685	4
3	--	0.943983	0.760371	4	4.45722	5
4	--	0.814507	1.532241	3	5.27173	6
3	--	1.111668	1.036184	4	6.30791	7
4	--	0.654825	0.888853	3	6.96273	8
3	--	0.872922	1.409424	2	7.83565	9
2	--	1.244876	1.520521	1	9.08053	10
1	--	4.698563	2.657668	2	11.7382	11
2	--	1.747734	0.998167	3	12.73637	12
3	--	0.969637	1.203318	2	13.70601	13
2	--	2.481922	1.779298	3	15.48531	14
3	--	1.319175	1.98024	2	16.80448	15
2	--	2.408727	1.954113	3	18.75859	16
3	--	0.801514	1.753184	2	19.5601	17
2	--	1.23319	1.871393	1	20.79329	18
1	--	2.915269	2.120741	2	22.91403	19
2	--	1.242739	2.195163	1	24.15677	20
1	--	2.769669	3.850968	0	26.92644	21

test #73
7	--	0.947344	1.656583	6	0.94734	1
6	--	0.902206	0.726987	7	1.67433	2
7	--	1.970363	2.000003	6	3.64469	3
6	--	1.207435	0.744216	7	4.38891	4
7	--	1.374041	1.94138	6	5.76295	5
6	--	1.754068	1.485183	7	7.24813	6
7	--	1.265264	1.363376	6	8.51339	7
6	--	1.1599	1.304636	5	9.67329	8
5	--	1.083225	1.165056	4	10.75652	9
4	--	1.441189	1.016294	5	11.77281	10
5	--	1.172907	1.164761	6	12.93757	11
6	--	0.716149	0.939218	5	13.65372	12
5	--	0.726469	1.34394	4	14.38019	13
4	--	0.649251	1.633232	3	15.02944	14
3	--	1.680695	1.902212	2	16.71014	15
2	--	1.852512	2.604108	1	18.56265	16
1	--	1.946846	2.440643	0	20.5095	17

test #74
7	--	1.282501	0.920272	8	0.92027	1
8	--	1.287453	0.986544	9	1.90681	2
9	--	2.770762	1.866519	10	3.77333	3

test #75
7	--	1.481998	0.862314	8	0.86231	1
8	--	1.452878	1.255255	9	2.11757	2
9	--	4.296125	2.90077	10	5.01834	3

test #76
7	--	1.41144	1.282238	8	1.28224	1
8	--	1.146692	1.900554	7	2.42893	2
7	--	1.297861	0.860013	8	3.28894	3
8	--	2.420374	2.391205	9	5.68014	4
9	--	3.58995	4.741046	8	9.27009	5
8	--	1.095321	2.337312	7	10.36541	6
7	--	0.816762	1.030455	6	11.18217	7
6	--	1.131082	0.681329	7	11.8635	8
7	--	1.318443	1.025795	8	12.8893	9
8	--	1.452931	1.580337	7	14.34223	10
7	--	1.388753	1.781317	6	15.73098	11
6	--	0.656592	0.655335	7	16.38632	12
7	--	1.386839	1.900308	6	17.77316	13
6	--	1.618014	0.672239	7	18.4454	14
7	--	1.189612	1.14924	8	19.59464	15
8	--	1.489719	2.016945	7	21.08436	16
7	--	1.844949	1.639555	8	22.72392	17
8	--	2.595495	1.183835	9	23.90775	18
9	--	4.364797	2.719313	10	26.62706	19

test #77
7	--	0.936123	0.873125	8	0.87313	1
8	--	2.489901	1.690076	9	2.56321	2
9	--	2.141767	4.582801	8	4.70498	3
8	--	2.120285	1.865287	9	6.57027	4
9	--	3.568999	2.205629	10	8.7759	5

test #78
7	--	0.8925	1.076836	6	0.8925	1
6	--	1.680686	1.601782	7	2.49428	2
7	--	1.714647	1.700914	8	4.19519	3
8	--	1.382071	1.664905	7	5.57726	4
7	--	0.940889	1.018188	6	6.51815	5
6	--	0.968462	0.82933	7	7.34748	6
7	--	1.013376	1.504005	6	8.36086	7
6	--	0.910564	1.170256	5	9.27142	8
5	--	0.948579	1.294448	4	10.22	9
4	--	1.101509	1.550432	3	11.32151	10
3	--	0.847154	1.7346	2	12.16866	11
2	--	1.229857	1.489176	1	13.39852	12
1	--	2.317274	1.797768	2	15.19629	13
2	--	1.89814	1.714215	3	16.91051	14
3	--	1.099055	1.505669	2	18.00956	15
2	--	2.656063	1.945361	3	19.95492	16
3	--	1.482447	1.912818	2	21.43737	17
2	--	1.73189	1.818432	1	23.16926	18
1	--	1.975461	3.467618	0	25.14472	19

test #79
7	--	0.833512	1.054636	6	0.83351	1
6	--	1.222525	1.310533	5	2.05604	2
5	--	0.887538	1.15483	4	2.94358	3
4	--	1.370935	0.687023	5	3.6306	4
5	--	0.811431	1.044213	4	4.44203	5
4	--	0.747308	1.232518	3	5.18934	6
3	--	1.38266	1.279529	4	6.46887	7
4	--	1.375819	0.95633	5	7.4252	8
5	--	1.131431	0.830464	6	8.25566	9
6	--	0.935977	1.130781	5	9.19164	10
5	--	0.610426	0.769449	4	9.80207	11
4	--	1.441746	0.897023	5	10.69909	12
5	--	0.734669	1.008019	4	11.43376	13
4	--	1.552343	1.728834	3	12.9861	14
3	--	1.684044	1.799349	2	14.67014	15
2	--	1.399665	2.11534	1	16.0698	16
1	--	2.382647	4.102418	0	18.45245	17

test #80
7	--	0.875435	0.865123	8	0.86512	1
8	--	2.350551	1.823674	9	2.68879	2
9	--	2.105485	2.319675	8	4.79427	3
8	--	0.985433	2.033501	7	5.7797	4
7	--	0.736238	1.617568	6	6.51594	5
6	--	0.731159	1.667398	5	7.2471	6
5	--	0.668412	1.351416	4	7.91551	7
4	--	1.391542	1.421773	3	9.30705	8
3	--	1.717951	1.200885	4	10.50793	9
4	--	1.173905	1.702643	3	11.68183	10
3	--	0.871757	1.313027	2	12.55359	11
2	--	2.624585	1.102692	3	13.65628	12
3	--	1.497218	1.75614	2	15.1535	13
2	--	1.365283	1.983068	1	16.51878	14
1	--	3.518892	2.332845	2	18.85162	15
2	--	2.458477	1.859685	3	20.71131	16
3	--	1.179365	1.049192	4	21.7605	17
4	--	1.56704	0.828087	5	22.58859	18
5	--	1.58594	0.809174	6	23.39776	19
6	--	1.338492	1.526301	5	24.73625	20
5	--	0.711585	0.868741	4	25.44784	21
4	--	1.400231	1.293167	5	26.74101	22
5	--	1.581179	1.078423	6	27.81943	23
6	--	1.642836	1.041124	7	28.86055	24
7	--	1.125841	1.766368	6	29.98639	25
6	--	1.751514	1.513726	7	31.50012	26
7	--	1.602367	0.949724	8	32.44984	27
8	--	2.345283	1.710377	9	34.16022	28
9	--	3.226014	4.426849	8	37.38623	29
8	--	2.55321	1.91966	9	39.30589	30
9	--	1.984086	3.902738	8	41.28998	31
8	--	1.767268	1.382334	9	42.67231	32
9	--	3.435287	3.362378	10	46.03469	33

test #81
7	--	1.356714	0.83803	8	0.83803	1
8	--	2.178477	1.5803	9	2.41833	2
9	--	2.429164	3.362582	8	4.84749	3
8	--	2.554979	1.735943	9	6.58343	4
9	--	3.15738	2.730885	10	9.31431	5

test #82
7	--	1.088748	2.004101	6	1.08875	1
6	--	1.549221	1.301413	7	2.39016	2
7	--	1.099294	0.733374	8	3.12353	3
8	--	2.21277	1.292332	9	4.41586	4
9	--	3.94458	2.704275	10	7.12013	5

test #83
7	--	1.390455	1.084277	8	1.08428	1
8	--	1.636511	1.328902	9	2.41318	2
9	--	4.496201	3.912121	10	6.3253	3

test #84
7	--	1.052791	0.911205	8	0.91121	1
8	--	2.308493	1.624595	9	2.53581	2
9	--	3.476266	2.957621	10	5.49343	3

test #85
7	--	1.846428	0.854249	8	0.85425	1
8	--	1.29184	1.111348	9	1.9656	2
9	--	3.320451	3.685602	8	5.28605	3
8	--	2.404442	1.031845	9	6.31789	4
9	--	1.739048	2.711277	8	8.05694	5
8	--	2.353818	1.503203	9	9.56014	6
9	--	4.121952	3.139331	10	12.69947	7

test #86
7	--	1.711431	1.355515	8	1.35552	1
8	--	1.222775	1.501197	7	2.57829	2
7	--	1.355756	0.781321	8	3.35961	3
8	--	1.959514	1.809259	9	5.16887	4
9	--	4.599615	3.917688	10	9.08656	5

test #87
7	--	0.83007	0.734062	8	0.73406	1
8	--	2.492966	1.626772	9	2.36083	2
9	--	4.477345	3.28204	10	5.64287	3

test #88
7	--	0.864213	1.642531	6	0.86421	1
6	--	1.101992	0.791752	7	1.65596	2
7	--	1.785248	1.812143	6	3.44121	3
6	--	1.363189	0.733064	7	4.17427	4
7	--	2.008935	0.940394	8	5.11466	5
8	--	1.55682	1.742707	7	6.67148	6
7	--	0.911289	1.068599	6	7.58277	7
6	--	1.414079	1.020527	7	8.6033	8
7	--	1.693653	1.082491	8	9.68579	9
8	--	2.100714	1.462432	9	11.14822	10
9	--	3.104473	4.210508	8	14.25269	11
8	--	2.540247	1.49588	9	15.74857	12
9	--	2.060979	3.456174	8	17.80955	13
8	--	1.730924	1.331949	9	19.1415	14
9	--	2.694657	4.191594	8	21.83616	15
8	--	1.141011	2.109967	7	22.97717	16
7	--	1.295348	1.701543	6	24.27252	17
6	--	1.380347	1.082102	7	25.35462	18
7	--	1.232446	0.866751	8	26.22137	19
8	--	2.36275	1.476564	9	27.69793	20
9	--	1.727108	3.437423	8	29.42504	21
8	--	2.412016	1.123029	9	30.54807	22
9	--	1.911126	3.227464	8	32.4592	23
8	--	1.01499	2.021887	7	33.47419	24
7	--	1.307464	1.555659	6	34.78165	25
6	--	0.84766	1.695906	5	35.62931	26
5	--	1.078625	1.080308	4	36.70793	27
4	--	0.738505	0.914259	3	37.44643	28
3	--	1.105815	1.569337	2	38.55224	29
2	--	1.724743	1.035812	3	39.58805	30
3	--	1.912425	1.750911	4	41.33896	31
4	--	1.15934	1.201081	3	42.4983	32
3	--	1.379928	1.944965	2	43.87823	33
2	--	2.576897	2.501185	3	46.37941	34
3	--	1.381001	1.176236	4	47.55565	35
4	--	1.536102	1.393092	5	48.94874	36
5	--	0.958295	0.949813	6	49.89855	37
6	--	1.162774	1.230635	5	51.06132	38
5	--	1.103343	0.901044	6	51.96236	39
6	--	0.828248	0.726875	7	52.68924	40
7	--	0.921287	0.902361	8	53.5916	41
8	--	1.223623	2.035634	7	54.81522	42
7	--	1.312489	0.92089	8	55.73611	43
8	--	1.562673	2.58333	7	57.29878	44
7	--	1.168385	1.03311	8	58.33189	45
8	--	1.418859	1.328239	9	59.66013	46
9	--	2.678371	2.721694	8	62.3385	47
8	--	1.121922	0.978661	9	63.31716	48
9	--	2.572796	2.785674	8	65.88996	49
8	--	2.410577	0.974293	9	66.86425	50
9	--	2.269879	4.027701	8	69.13413	51
8	--	2.057744	2.279299	7	71.19187	52
7	--	1.836512	0.817234	8	72.0091	53
8	--	1.778606	1.811282	7	73.78771	54
7	--	2.015444	1.220194	8	75.0079	55
8	--	1.412437	1.257973	9	76.26587	56
9	--	4.035468	2.352263	10	78.61813	57

test #89
7	--	1.354497	1.846849	6	1.3545	1
6	--	1.134947	1.129391	7	2.48389	2
7	--	1.185225	1.546545	6	3.66911	3
6	--	1.048114	1.120026	5	4.71722	4
5	--	1.14752	0.864595	6	5.58182	5
6	--	1.374188	1.321083	7	6.9029	6
7	--	1.590899	1.765825	6	8.4938	7
6	--	1.697895	1.5846	7	10.0784	8
7	--	1.670434	1.57826	8	11.65666	9
8	--	1.051266	1.60093	7	12.70793	10
7	--	1.472891	1.172139	8	13.88007	11
8	--	1.715245	2.455279	7	15.59531	12
7	--	1.508207	0.937396	8	16.53271	13
8	--	1.739865	2.003484	7	18.27257	14
7	--	0.821332	1.206218	6	19.0939	15
6	--	0.995172	0.788254	7	19.88215	16
7	--	1.78126	1.190744	8	21.07289	17
8	--	2.341575	1.287772	9	22.36066	18
9	--	3.57063	2.333588	10	24.69425	19

test #90
7	--	1.278596	1.912212	6	1.2786	1
6	--	0.646504	1.259093	5	1.9251	2
5	--	1.308857	1.197036	6	3.12214	3
6	--	0.87703	0.887172	5	3.99917	4
5	--	1.502033	0.756759	6	4.75593	5
6	--	1.639154	1.228132	7	5.98406	6
7	--	1.546947	0.745134	8	6.72919	7
8	--	1.730147	1.243778	9	7.97297	8
9	--	2.874436	3.084427	8	10.84741	9
8	--	1.585388	2.601201	7	12.4328	10
7	--	1.484854	1.308931	8	13.74173	11
8	--	2.431047	2.090523	9	15.83225	12
9	--	4.367367	3.198958	10	19.03121	13

test #91
7	--	1.260756	2.028476	6	1.26076	1
6	--	0.897754	0.661596	7	1.92236	2
7	--	1.680079	0.741229	8	2.66359	3
8	--	2.279538	2.168844	9	4.83243	4
9	--	2.149709	3.936892	8	6.98214	5
8	--	2.481068	1.545877	9	8.52802	6
9	--	2.635805	2.159	10	10.68702	7

test #92
7	--	1.6422	1.985044	6	1.6422	1
6	--	1.111663	0.916875	7	2.55907	2
7	--	1.42886	0.94246	8	3.50153	3
8	--	1.844244	1.311727	9	4.81326	4
9	--	1.86785	3.882984	8	6.68111	5
8	--	2.284289	0.979979	9	7.66109	6
9	--	3.454568	3.631432	8	11.11566	7
8	--	2.456451	2.663017	7	13.57211	8
7	--	1.53754	1.069899	8	14.64201	9
8	--	2.409647	2.099812	9	16.74182	10
9	--	2.637903	1.83968	10	18.5815	11

test #93
7	--	1.20096	1.866287	6	1.20096	1
6	--	0.786746	1.747193	5	1.98771	2
5	--	1.273449	1.325558	4	3.26116	3
4	--	0.640039	1.138492	3	3.9012	4
3	--	1.226535	2.009913	2	5.12773	5
2	--	1.880946	1.085686	3	6.21342	6
3	--	1.252017	1.020283	4	7.2337	7
4	--	0.752802	1.203534	3	7.9865	8
3	--	1.767744	1.209258	4	9.19576	9
4	--	1.286749	0.935093	5	10.13085	10
5	--	0.9901	1.079011	4	11.12095	11
4	--	1.316326	0.97237	5	12.09332	12
5	--	1.115741	1.14588	4	13.20906	13
4	--	0.863162	1.478164	3	14.07222	14
3	--	1.570055	1.344759	4	15.41698	15
4	--	0.990216	0.846816	5	16.2638	16
5	--	1.45784	1.455705	6	17.71951	17
6	--	1.312285	1.172205	7	18.89171	18
7	--	1.165196	1.052653	8	19.94436	19
8	--	1.475883	1.818293	7	21.42024	20
7	--	1.682961	1.895884	6	23.1032	21
6	--	1.316536	0.663292	7	23.76649	22
7	--	1.528978	1.820491	6	25.29547	23
6	--	1.359829	1.044208	7	26.33968	24
7	--	1.259062	0.729864	8	27.06954	25
8	--	2.171683	1.461852	9	28.53139	26
9	--	4.370182	2.243174	10	30.77456	27

test #94
7	--	1.068117	1.741609	6	1.06812	1
6	--	1.127014	1.177709	5	2.19513	2
5	--	0.684289	0.68091	6	2.87604	3
6	--	0.696122	1.266603	5	3.57216	4
5	--	0.864196	1.282981	4	4.43636	5
4	--	0.810812	1.043636	3	5.24717	6
3	--	1.308863	1.784542	2	6.55603	7
2	--	1.685305	1.119416	3	7.67545	8
3	--	1.274623	1.824482	2	8.95007	9
2	--	1.869413	1.082379	3	10.03245	10
3	--	1.650058	0.833176	4	10.86563	11
4	--	0.637279	1.626338	3	11.50291	12
3	--	1.99158	1.28948	4	12.79239	13
4	--	1.477763	1.0537	5	13.84609	14
5	--	1.168774	1.008389	6	14.85448	15
6	--	0.73635	1.399416	5	15.59083	16
5	--	1.30888	0.727298	6	16.31813	17
6	--	1.372306	1.146684	7	17.46481	18
7	--	1.639973	0.937346	8	18.40216	19
8	--	2.0751	1.746279	9	20.14844	20
9	--	4.574072	2.870182	10	23.01862	21

test #95
7	--	1.667285	0.968418	8	0.96842	1
8	--	1.2348	1.332906	7	2.20322	2
7	--	0.961339	1.284201	6	3.16456	3
6	--	0.707656	1.220392	5	3.87222	4
5	--	1.088577	0.651045	6	4.52326	5
6	--	0.871176	0.63571	7	5.15897	6
7	--	1.151048	1.98824	6	6.31002	7
6	--	1.328584	1.354736	5	7.6386	8
5	--	1.213192	1.590321	4	8.85179	9
4	--	0.69334	1.408283	3	9.54513	10
3	--	1.720548	2.016721	2	11.26568	11
2	--	1.922738	1.122023	3	12.3877	12
3	--	1.191018	1.808061	2	13.57872	13
2	--	1.12547	1.536878	1	14.70419	14
1	--	4.746993	2.035052	2	16.73924	15
2	--	2.071525	2.090593	1	18.81076	16
1	--	2.336606	1.965624	2	20.77638	17
2	--	1.121704	1.603848	1	21.89808	18
1	--	2.753144	4.742065	0	24.65122	19

test #96
7	--	1.152952	1.828579	6	1.15295	1
6	--	0.937589	1.342644	5	2.09054	2
5	--	0.73224	1.125781	4	2.82278	3
4	--	1.253004	0.873495	5	3.69628	4
5	--	0.939316	0.767327	6	4.46361	5
6	--	1.174636	0.978499	7	5.44211	6
7	--	1.227967	0.83989	8	6.282	7
8	--	1.226759	1.135709	9	7.41771	8
9	--	2.768542	2.689296	10	10.10701	9

test #97
7	--	0.866316	1.932029	6	0.86632	1
6	--	0.86988	1.2569	5	1.7362	2
5	--	1.48425	1.186296	6	2.9225	3
6	--	1.107878	1.14288	5	4.03038	4
5	--	0.709319	1.192314	4	4.7397	5
4	--	1.160309	0.913088	5	5.65279	6
5	--	1.131307	0.934509	6	6.5873	7
6	--	0.956573	1.289563	5	7.54387	8
5	--	1.709233	0.789301	6	8.33317	9
6	--	1.124006	0.963079	7	9.29625	10
7	--	1.457841	1.662639	6	10.75409	11
6	--	1.347961	1.465931	5	12.10205	12
5	--	1.441767	1.582146	4	13.54382	13
4	--	0.850253	1.183482	3	14.39407	14
3	--	1.497805	1.043558	4	15.43763	15
4	--	0.781206	1.378883	3	16.21884	16
3	--	1.759953	1.64498	4	17.86382	17
4	--	1.730995	1.123851	5	18.98767	18
5	--	1.333055	0.73305	6	19.72072	19
6	--	1.777473	1.386674	7	21.10739	20
7	--	1.606633	0.766022	8	21.87341	21
8	--	1.82875	1.890515	7	23.70216	22
7	--	1.122913	1.101236	8	24.8034	23
8	--	1.642728	1.049037	9	25.85244	24
9	--	2.947135	1.764931	10	27.61737	25

test #98
7	--	1.674802	1.643437	8	1.64344	1
8	--	1.22996	1.33883	7	2.8734	2
7	--	1.753979	1.627631	8	4.50103	3
8	--	2.009874	1.121287	9	5.62232	4
9	--	1.991712	3.1821	8	7.61403	5
8	--	1.986097	1.143592	9	8.75762	6
9	--	4.604477	3.436496	10	12.19412	7

test #99
7	--	0.754141	0.818207	6	0.75414	1
6	--	1.441918	1.39871	7	2.15285	2
7	--	1.967512	0.839327	8	2.99218	3
8	--	1.959526	1.332226	9	4.32441	4
9	--	3.144271	3.998165	8	7.46868	5
8	--	2.25278	2.497371	7	9.72146	6
7	--	1.164671	1.88667	6	10.88613	7
6	--	1.650962	1.739547	5	12.53709	8
5	--	1.047153	0.823572	6	13.36066	9
6	--	0.649895	1.385822	5	14.01056	10
5	--	0.889803	1.293122	4	14.90036	11
4	--	1.048596	1.744472	3	15.94896	12
3	--	0.872662	1.060282	2	16.82162	13
2	--	1.013891	1.207285	1	17.83551	14
1	--	2.003117	3.093962	0	19.83863	15
