start i C()	t_left		t_right 	New i	Total time generation

test #0
5	--	1.306143	1.142144	6	1.14214	1
6	--	1.137685	1.135684	7	2.27782	2
7	--	1.623189	1.391561	8	3.66938	3
8	--	2.518801	2.507362	9	6.17674	4
9	--	2.177302	1.726579	10	7.90332	5

test #1
5	--	1.624058	0.801335	6	0.80134	1
6	--	1.145482	0.665368	7	1.46671	2
7	--	1.113888	1.835708	6	2.5806	3
6	--	0.933133	1.551936	5	3.51373	4
5	--	1.079743	1.104153	4	4.59347	5
4	--	1.675301	1.465633	5	6.0591	6
5	--	1.183178	1.668555	4	7.24228	7
4	--	0.825228	1.101044	3	8.06751	8
3	--	1.125748	1.053317	4	9.12083	9
4	--	1.350446	0.977942	5	10.09877	10
5	--	0.941958	0.72762	6	10.82639	11
6	--	0.641496	1.060698	5	11.46789	12
5	--	0.861485	1.511159	4	12.32937	13
4	--	1.439908	0.953374	5	13.28274	14
5	--	0.946692	1.031123	4	14.22943	15
4	--	0.770374	1.426182	3	14.9998	16
3	--	0.863452	1.642367	2	15.86325	17
2	--	1.884713	1.445313	3	17.30856	18
3	--	0.977866	0.812897	4	18.12146	19
4	--	1.052367	1.264807	3	19.17383	20
3	--	1.158799	1.498888	2	20.33263	21
2	--	1.678127	1.471876	3	21.80451	22
3	--	1.160591	1.023892	4	22.8284	23
4	--	1.304902	1.387127	3	24.1333	24
3	--	1.942515	1.69908	4	25.83238	25
4	--	0.642666	1.635212	3	26.47505	26
3	--	0.987825	0.93784	4	27.41289	27
4	--	0.969229	0.787533	5	28.20042	28
5	--	1.063232	1.278168	4	29.26365	29
4	--	1.572808	1.250274	5	30.51392	30
5	--	1.460828	1.153183	6	31.6671	31
6	--	0.831718	1.665988	5	32.49882	32
5	--	1.300694	0.964697	6	33.46352	33
6	--	1.305678	0.838358	7	34.30188	34
7	--	0.984019	1.499267	6	35.2859	35
6	--	0.686253	1.367244	5	35.97215	36
5	--	1.383078	1.352058	6	37.32421	37
6	--	0.635946	0.99287	5	37.96016	38
5	--	0.846263	0.8851	4	38.80642	39
4	--	1.323828	1.734988	3	40.13025	40
3	--	1.160469	0.734374	4	40.86462	41
4	--	1.344623	1.046021	5	41.91064	42
5	--	0.994444	1.138647	4	42.90508	43
4	--	1.101154	1.49983	3	44.00623	44
3	--	1.954815	0.790855	4	44.79708	45
4	--	0.870399	1.188034	3	45.66748	46
3	--	1.27976	1.114235	4	46.78172	47
4	--	1.416666	1.397673	5	48.17939	48
5	--	1.062485	1.157093	4	49.24187	49
4	--	1.727734	0.816205	5	50.05807	50
5	--	1.009533	0.621842	6	50.67991	51
6	--	0.715681	0.745432	5	51.39559	52
5	--	1.093106	1.327097	4	52.4887	53
4	--	1.213826	0.850471	5	53.33917	54
5	--	1.116289	1.255021	4	54.45546	55
4	--	1.163796	0.646241	5	55.1017	56
5	--	0.768562	1.197881	4	55.87026	57
4	--	1.134414	1.251202	3	57.00467	58
3	--	0.76911	1.340973	2	57.77378	59
2	--	1.840423	1.284613	3	59.05839	60
3	--	1.785182	0.97413	4	60.03252	61
4	--	1.593339	1.194555	5	61.22708	62
5	--	1.606126	0.996924	6	62.224	63
6	--	1.205774	0.946386	7	63.17039	64
7	--	1.01894	1.319503	6	64.18933	65
6	--	0.858082	1.128812	5	65.04741	66
5	--	0.77975	0.952945	4	65.82716	67
4	--	1.408693	0.76218	5	66.58934	68
5	--	0.722877	0.813647	4	67.31222	69
4	--	0.941181	1.471462	3	68.2534	70
3	--	1.002659	1.44839	2	69.25606	71
2	--	1.459762	1.46422	1	70.71582	72
1	--	2.948036	2.42322	2	73.13904	73
2	--	1.912328	2.548031	1	75.05137	74
1	--	1.737615	1.868218	0	76.78898	75

test #2
5	--	0.843232	1.139969	4	0.84323	1
4	--	1.416317	1.487552	3	2.25955	2
3	--	1.383411	1.443166	2	3.64296	3
2	--	2.371993	1.491055	3	5.13402	4
3	--	0.923214	0.917117	4	6.05114	5
4	--	1.207973	1.3368	3	7.25911	6
3	--	1.374002	0.974483	4	8.23359	7
4	--	1.767053	0.662516	5	8.89611	8
5	--	1.082394	0.869901	6	9.76601	9
6	--	1.322982	1.398228	5	11.08899	10
5	--	1.539466	1.298749	6	12.38774	11
6	--	0.846026	1.08226	5	13.23377	12
5	--	1.109825	0.650472	6	13.88424	13
6	--	0.882961	1.271511	5	14.7672	14
5	--	1.190143	0.886804	6	15.654	15
6	--	0.917706	1.115597	5	16.57171	16
5	--	1.172564	1.257441	4	17.74427	17
4	--	1.005073	1.163239	3	18.74934	18
3	--	1.822445	1.212499	4	19.96184	19
4	--	1.70701	1.434961	5	21.3968	20
5	--	0.936479	0.782577	6	22.17938	21
6	--	1.742348	1.052738	7	23.23212	22
7	--	0.97921	1.500868	6	24.21133	23
6	--	0.901731	1.220569	5	25.11306	24
5	--	0.6814	1.361931	4	25.79446	25
4	--	0.97697	1.126249	3	26.77143	26
3	--	1.806462	1.655958	4	28.42739	27
4	--	0.816688	0.789208	5	29.2166	28
5	--	0.61245	1.51913	4	29.82905	29
4	--	1.369192	1.153586	5	30.98264	30
5	--	1.17226	0.649407	6	31.63205	31
6	--	0.931284	1.065789	5	32.56333	32
5	--	1.234538	0.899058	6	33.46239	33
6	--	1.752666	1.110938	7	34.57333	34
7	--	1.769861	1.214088	8	35.78742	35
8	--	1.958577	1.084112	9	36.87153	36
9	--	2.605249	4.229853	8	39.47678	37
8	--	1.074807	2.132802	7	40.55159	38
7	--	0.835523	1.7836	6	41.38711	39
6	--	1.253133	1.128465	7	42.51558	40
7	--	0.9775	1.040912	6	43.49308	41
6	--	1.743951	0.7376	7	44.23068	42
7	--	1.447934	1.815149	6	45.67861	43
6	--	1.481476	1.025415	7	46.70402	44
7	--	1.07364	0.871974	8	47.57599	45
8	--	1.906599	1.420637	9	48.99663	46
9	--	1.960478	2.578242	8	50.95711	47
8	--	1.835919	0.985688	9	51.9428	48
9	--	4.589923	4.071884	10	56.01468	49

test #3
5	--	0.646069	0.728513	4	0.64607	1
4	--	0.837651	0.848146	3	1.48372	2
3	--	1.197389	0.962315	4	2.44604	3
4	--	1.284329	1.561914	3	3.73037	4
3	--	1.499705	0.850333	4	4.5807	5
4	--	0.70871	1.10524	3	5.28941	6
3	--	0.777326	0.78834	2	6.06674	7
2	--	1.27526	2.109871	1	7.342	8
1	--	3.744277	2.562333	2	9.90433	9
2	--	2.061358	1.960015	3	11.86435	10
3	--	1.03624	0.735225	4	12.59958	11
4	--	1.190146	1.184378	5	13.78396	12
5	--	0.816083	0.871392	4	14.60004	13
4	--	1.576852	0.794062	5	15.3941	14
5	--	0.807487	1.081229	4	16.20159	15
4	--	0.664751	0.820146	3	16.86634	16
3	--	1.599113	1.987969	2	18.46545	17
2	--	1.318775	1.410544	1	19.78423	18
1	--	3.096527	3.676515	0	22.88076	19

test #4
5	--	0.934195	0.87557	6	0.87557	1
6	--	1.509021	1.317966	7	2.19354	2
7	--	1.744021	1.229587	8	3.42313	3
8	--	2.449642	1.91565	9	5.33878	4
9	--	3.826584	2.512776	10	7.85156	5

test #5
5	--	1.325774	1.191171	6	1.19117	1
6	--	1.705138	1.322316	7	2.51349	2
7	--	1.374307	1.646919	6	3.8878	3
6	--	1.492661	1.64893	5	5.38046	4
5	--	1.59633	0.884584	6	6.26504	5
6	--	1.569073	1.11276	7	7.3778	6
7	--	1.775166	1.164513	8	8.54231	7
8	--	1.155874	0.971241	9	9.51355	8
9	--	2.335857	2.305534	10	11.81908	9

test #6
5	--	0.741912	1.013921	4	0.74191	1
4	--	1.166225	1.546496	3	1.90814	2
3	--	1.969176	1.646013	4	3.55415	3
4	--	0.951643	0.750356	5	4.30451	4
5	--	1.034316	1.539996	4	5.33883	5
4	--	1.259448	1.011805	5	6.35064	6
5	--	1.445394	1.287958	6	7.6386	7
6	--	0.640955	1.244182	5	8.27956	8
5	--	0.923598	0.861313	6	9.14087	9
6	--	1.47072	1.50296	5	10.61159	10
5	--	1.251585	1.241011	6	11.8526	11
6	--	0.692298	0.843476	5	12.5449	12
5	--	1.15974	0.610047	6	13.15495	13
6	--	1.346464	1.132005	7	14.28695	14
7	--	1.519377	0.864885	8	15.15184	15
8	--	1.582227	1.25866	9	16.4105	16
9	--	3.980601	2.762313	10	19.17281	17

test #7
5	--	0.986029	1.626556	4	0.98603	1
4	--	0.998277	1.248362	3	1.98431	2
3	--	1.569975	0.758035	4	2.74235	3
4	--	0.675866	1.306974	3	3.41822	4
3	--	1.125038	1.75437	2	4.54326	5
2	--	2.243431	1.584983	3	6.12824	6
3	--	1.390707	0.77794	4	6.90618	7
4	--	0.879819	1.519552	3	7.786	8
3	--	1.923512	1.204397	4	8.9904	9
4	--	1.628286	1.084069	5	10.07447	10
5	--	0.987007	0.664095	6	10.73856	11
6	--	1.337274	1.587686	5	12.07583	12
5	--	1.634254	1.264329	6	13.34016	13
6	--	0.906286	0.779461	7	14.11962	14
7	--	0.927937	1.323265	6	15.04756	15
6	--	0.921135	0.90143	7	15.94899	16
7	--	0.735005	1.571756	6	16.684	17
6	--	1.327467	1.056198	7	17.7402	18
7	--	1.316777	1.003313	8	18.74351	19
8	--	1.860499	1.793271	9	20.53678	20
9	--	2.537162	3.350098	8	23.07394	21
8	--	2.417845	1.561157	9	24.6351	22
9	--	2.412723	1.924019	10	26.55912	23

test #8
5	--	1.094927	1.344962	4	1.09493	1
4	--	1.285124	0.847639	5	1.94257	2
5	--	1.181588	1.003585	6	2.94615	3
6	--	1.42273	1.303038	7	4.24919	4
7	--	1.35869	1.475085	6	5.60788	5
6	--	0.952108	1.242107	5	6.55999	6
5	--	0.762485	1.388523	4	7.32247	7
4	--	1.080227	1.670073	3	8.4027	8
3	--	0.929366	1.357829	2	9.33207	9
2	--	1.474096	1.75915	1	10.80617	10
1	--	2.410872	2.829387	0	13.21704	11

test #9
5	--	0.924354	1.505682	4	0.92435	1
4	--	1.209449	1.134346	5	2.0587	2
5	--	1.549211	1.215914	6	3.27461	3
6	--	1.063148	0.796269	7	4.07088	4
7	--	1.393601	1.817903	6	5.46448	5
6	--	0.963528	1.681707	5	6.42801	6
5	--	1.58649	1.60322	4	8.0145	7
4	--	1.12348	1.538616	3	9.13798	8
3	--	0.74312	1.120561	2	9.8811	9
2	--	2.037254	1.525516	3	11.40662	10
3	--	0.802158	1.246886	2	12.20878	11
2	--	1.985018	1.09333	3	13.30211	12
3	--	1.933148	1.590538	4	14.89265	13
4	--	0.662708	1.288846	3	15.55536	14
3	--	0.985493	1.197998	2	16.54085	15
2	--	2.331047	1.200966	3	17.74182	16
3	--	1.476734	1.139485	4	18.88131	17
4	--	1.587636	1.266727	5	20.14804	18
5	--	0.793411	1.509248	4	20.94145	19
4	--	1.17579	1.668626	3	22.11724	20
3	--	2.007157	1.601618	4	23.71886	21
4	--	0.838535	1.451557	3	24.5574	22
3	--	1.534105	0.82444	4	25.38184	23
4	--	0.909037	1.296445	3	26.29088	24
3	--	1.971513	1.22938	4	27.52026	25
4	--	0.653079	1.470169	3	28.17334	26
3	--	1.567475	1.49451	4	29.66785	27
4	--	1.564771	1.471475	5	31.13933	28
5	--	1.07703	0.97335	6	32.11268	29
6	--	0.910132	0.995066	5	33.02281	30
5	--	0.973491	1.560721	4	33.9963	31
4	--	1.074324	1.734488	3	35.07062	32
3	--	1.844645	1.167409	4	36.23803	33
4	--	1.257062	1.61965	3	37.49509	34
3	--	0.772111	1.807841	2	38.2672	35
2	--	1.118512	2.244188	1	39.38571	36
1	--	4.629609	2.615087	2	42.0008	37
2	--	1.803399	2.382304	1	43.8042	38
1	--	2.549378	2.27074	2	46.07494	39
2	--	1.363434	2.01231	1	47.43837	40
1	--	2.597472	3.445195	0	50.03584	41

test #10
5	--	1.636112	0.653451	6	0.65345	1
6	--	0.746476	0.640681	7	1.29413	2
7	--	1.06008	0.894538	8	2.18867	3
8	--	2.425334	1.776766	9	3.96544	4
9	--	3.999505	2.233007	10	6.19845	5

test #11
5	--	1.124834	1.538852	4	1.12483	1
4	--	1.095258	1.011813	5	2.13664	2
5	--	0.98428	0.750725	6	2.88736	3
6	--	1.585884	1.346263	7	4.23362	4
7	--	1.509355	1.609568	6	5.74298	5
6	--	0.666644	0.661535	7	6.40451	6
7	--	0.88724	1.933297	6	7.29175	7
6	--	0.853076	1.236106	5	8.14483	8
5	--	0.704817	1.364227	4	8.84965	9
4	--	1.357992	0.92194	5	9.77159	10
5	--	0.739123	0.755103	4	10.51071	11
4	--	1.100311	1.058884	5	11.56959	12
5	--	0.72491	0.986138	4	12.2945	13
4	--	0.653302	1.419186	3	12.9478	14
3	--	1.887862	0.732635	4	13.68044	15
4	--	1.409787	1.135695	5	14.81613	16
5	--	1.542216	0.85675	6	15.67288	17
6	--	1.073841	0.987716	7	16.6606	18
7	--	1.687684	1.922209	6	18.34828	19
6	--	0.663278	0.921901	5	19.01156	20
5	--	0.877898	1.086527	4	19.88946	21
4	--	0.828606	0.871808	3	20.71807	22
3	--	1.76003	1.118249	4	21.83632	23
4	--	1.20152	0.684956	5	22.52128	24
5	--	1.456984	1.680727	4	23.97826	25
4	--	1.290408	1.091738	5	25.07	26
5	--	0.647956	0.752791	4	25.71796	27
4	--	0.817198	1.54761	3	26.53516	28
3	--	0.834929	0.795484	4	27.33064	29
4	--	1.005256	0.749225	5	28.07987	30
5	--	1.300007	1.470937	4	29.37988	31
4	--	0.881666	1.163631	3	30.26155	32
3	--	0.798037	0.75399	4	31.01554	33
4	--	0.864226	0.840967	5	31.85651	34
5	--	0.892671	0.690378	6	32.54689	35
6	--	1.214339	0.662081	7	33.20897	36
7	--	1.305235	1.609091	6	34.5142	37
6	--	1.620044	1.506609	7	36.02081	38
7	--	1.450723	1.945368	6	37.47153	39
6	--	1.649442	0.963877	7	38.43541	40
7	--	1.628265	1.916831	6	40.06368	41
6	--	1.186025	1.550966	5	41.24971	42
5	--	1.572034	0.970695	6	42.2204	43
6	--	0.911101	0.73016	7	42.95056	44
7	--	0.986072	1.585753	6	43.93663	45
6	--	0.951593	1.207028	5	44.88822	46
5	--	0.849243	0.685397	6	45.57362	47
6	--	1.66847	0.994881	7	46.5685	48
7	--	1.339269	1.041613	8	47.61011	49
8	--	2.461447	2.587234	7	50.07156	50
7	--	0.976609	1.510072	6	51.04817	51
6	--	0.797226	1.102278	5	51.8454	52
5	--	0.802711	1.422837	4	52.64811	53
4	--	1.654402	1.331781	5	53.97989	54
5	--	0.902818	1.630171	4	54.88271	55
4	--	0.928457	1.724548	3	55.81117	56
3	--	0.899307	0.82708	4	56.63825	57
4	--	1.637029	1.280425	5	57.91867	58
5	--	0.76481	0.627292	6	58.54596	59
6	--	1.089747	0.65868	7	59.20464	60
7	--	0.897045	1.466838	6	60.10168	61
6	--	1.062228	0.909045	7	61.01072	62
7	--	0.733147	0.966062	6	61.74387	63
6	--	1.316405	1.427949	5	63.06028	64
5	--	0.889136	1.488024	4	63.94942	65
4	--	1.690625	1.466893	5	65.41631	66
5	--	0.801462	0.96234	4	66.21777	67
4	--	1.472583	0.89175	5	67.10952	68
5	--	0.732084	1.507558	4	67.8416	69
4	--	1.774453	0.967818	5	68.80942	70
5	--	1.497543	1.516886	4	70.30696	71
4	--	1.054005	1.408178	3	71.36097	72
3	--	1.67764	1.30086	4	72.66183	73
4	--	0.885587	0.886446	3	73.54742	74
3	--	1.903876	1.550599	4	75.09802	75
4	--	0.814659	1.161795	3	75.91268	76
3	--	1.879856	1.06279	4	76.97547	77
4	--	1.270873	1.096354	5	78.07182	78
5	--	0.627318	1.473534	4	78.69914	79
4	--	1.167918	0.925642	5	79.62478	80
5	--	0.729803	1.563024	4	80.35458	81
4	--	1.495089	1.428629	5	81.78321	82
5	--	1.131753	1.188202	4	82.91496	83
4	--	1.779411	0.735852	5	83.65081	84
5	--	0.70792	1.558091	4	84.35873	85
4	--	1.453596	0.762845	5	85.12157	86
5	--	1.651772	1.004864	6	86.12643	87
6	--	1.371544	0.859839	7	86.98627	88
7	--	0.937954	1.147929	6	87.92422	89
6	--	0.938186	1.466238	5	88.86241	90
5	--	1.530101	0.793814	6	89.65622	91
6	--	1.586329	0.649982	7	90.3062	92
7	--	1.124394	1.47009	6	91.43059	93
6	--	0.673726	1.30483	5	92.10432	94
5	--	1.350369	1.124039	6	93.22836	95
6	--	0.949105	1.256086	5	94.17746	96
5	--	1.454267	1.295413	6	95.47287	97
6	--	1.122806	0.688848	7	96.16172	98
7	--	1.585802	1.039083	8	97.2008	99
8	--	1.794731	1.78986	9	98.99066	100
9	--	3.744449	3.734022	10	102.72468	101

test #12
5	--	1.239742	0.917053	6	0.91705	1
6	--	0.962752	1.134898	5	1.8798	2
5	--	1.054592	0.935612	6	2.81541	3
6	--	1.444994	1.152296	7	3.96771	4
7	--	0.85242	0.834452	8	4.80216	5
8	--	1.154403	1.90188	7	5.95656	6
7	--	1.886231	1.986856	6	7.84279	7
6	--	1.233278	0.763793	7	8.60658	8
7	--	1.653358	1.330259	8	9.93684	9
8	--	1.058209	1.292355	7	10.99505	10
7	--	1.194627	0.870208	8	11.86526	11
8	--	2.624415	1.442063	9	13.30732	12
9	--	3.016687	2.347138	10	15.65446	13

test #13
5	--	1.146684	1.593881	4	1.14668	1
4	--	0.837141	1.204544	3	1.98382	2
3	--	0.97869	1.68852	2	2.96251	3
2	--	2.493265	1.05131	3	4.01382	4
3	--	1.359147	0.947264	4	4.96108	5
4	--	0.841967	0.683384	5	5.64446	6
5	--	1.466938	1.139177	6	6.78364	7
6	--	0.967737	0.799777	7	7.58342	8
7	--	1.06381	1.143465	6	8.64723	9
6	--	0.830653	0.88625	5	9.47788	10
5	--	0.85947	1.572546	4	10.33735	11
4	--	1.050342	0.658116	5	10.99547	12
5	--	1.370977	1.637042	4	12.36645	13
4	--	0.95343	0.733836	5	13.10029	14
5	--	0.80357	1.086098	4	13.90386	15
4	--	1.24068	1.705571	3	15.14454	16
3	--	1.342587	0.943313	4	16.08785	17
4	--	1.284998	1.324768	3	17.37285	18
3	--	1.127541	1.085	4	18.45785	19
4	--	1.589573	1.396461	5	19.85431	20
5	--	0.663688	0.715172	4	20.518	21
4	--	0.756107	1.052866	3	21.27411	22
3	--	1.282295	1.691059	2	22.5564	23
2	--	1.369972	2.477171	1	23.92637	24
1	--	3.504492	1.810973	2	25.73734	25
2	--	1.453518	1.94049	1	27.19086	26
1	--	1.863937	2.570895	0	29.0548	27

test #14
5	--	1.563191	0.74083	6	0.74083	1
6	--	1.437653	1.41113	7	2.15196	2
7	--	1.329378	1.894329	6	3.48134	3
6	--	0.866374	1.022361	5	4.34771	4
5	--	1.254044	1.221068	6	5.56878	5
6	--	1.546762	1.007991	7	6.57677	6
7	--	1.200968	1.612241	6	7.77774	7
6	--	1.196443	1.267602	5	8.97418	8
5	--	0.799355	0.962622	4	9.77354	9
4	--	0.962863	0.983294	3	10.7364	10
3	--	1.297737	0.866273	4	11.60267	11
4	--	1.412362	1.062284	5	12.66495	12
5	--	0.814294	0.965505	4	13.47924	13
4	--	1.041589	1.299495	3	14.52083	14
3	--	1.049885	1.653188	2	15.57071	15
2	--	1.555316	1.10514	3	16.67585	16
3	--	1.968571	0.906408	4	17.58226	17
4	--	1.329011	1.037809	5	18.62007	18
5	--	1.526532	0.866125	6	19.4862	19
6	--	1.603207	1.103211	7	20.58941	20
7	--	1.972001	2.005037	6	22.56141	21
6	--	1.253156	1.287735	5	23.81457	22
5	--	1.130061	0.814803	6	24.62937	23
6	--	1.016757	0.839125	7	25.4685	24
7	--	1.180941	1.922483	6	26.64944	25
6	--	1.234858	1.171184	7	27.82062	26
7	--	1.978064	1.40423	8	29.22485	27
8	--	2.026511	1.666849	9	30.8917	28
9	--	3.665909	4.72472	8	34.55761	29
8	--	1.754713	1.23844	9	35.79605	30
9	--	3.835566	1.746436	10	37.54249	31

test #15
5	--	0.821161	1.051349	4	0.82116	1
4	--	0.946892	0.825955	5	1.64711	2
5	--	0.737607	1.649842	4	2.38472	3
4	--	1.657492	1.658389	3	4.04221	4
3	--	1.467472	1.244264	4	5.28647	5
4	--	0.668722	1.322568	3	5.95519	6
3	--	1.157876	0.768645	4	6.72384	7
4	--	1.102538	0.64982	5	7.37366	8
5	--	0.64255	1.437091	4	8.01621	9
4	--	1.270741	0.783465	5	8.79967	10
5	--	1.300992	1.43539	4	10.10066	11
4	--	1.50525	0.723685	5	10.82435	12
5	--	1.68656	1.151502	6	11.97585	13
6	--	0.67476	0.646448	7	12.6223	14
7	--	1.761147	1.059456	8	13.68176	15
8	--	2.292532	1.722111	9	15.40387	16
9	--	4.218162	2.905693	10	18.30956	17

test #16
5	--	1.451784	0.777903	6	0.7779	1
6	--	1.163651	1.071397	7	1.8493	2
7	--	0.940728	1.937712	6	2.79003	3
6	--	0.803329	1.563952	5	3.59336	4
5	--	1.357972	0.874976	6	4.46834	5
6	--	0.635239	0.737352	5	5.10358	6
5	--	1.017141	1.315689	4	6.12072	7
4	--	1.177547	1.375772	3	7.29827	8
3	--	0.797651	1.685063	2	8.09592	9
2	--	1.576561	2.025601	1	9.67248	10
1	--	4.050975	2.682362	2	12.35484	11
2	--	1.793781	1.474701	3	13.82954	12
3	--	1.836216	0.90155	4	14.73109	13
4	--	1.360795	1.374783	3	16.09188	14
3	--	0.978114	1.631171	2	17.06999	15
2	--	2.358243	2.635659	1	19.42823	16
1	--	3.242522	3.007109	2	22.43534	17
2	--	2.061688	2.508165	1	24.49703	18
1	--	2.633825	2.164863	2	26.66189	19
2	--	1.390253	2.185798	1	28.05214	20
1	--	2.01631	2.813299	0	30.06845	21

test #17
5	--	1.371524	0.737504	6	0.7375	1
6	--	1.223226	0.692257	7	1.42976	2
7	--	1.065294	0.755571	8	2.18533	3
8	--	1.001556	2.401868	7	3.18689	4
7	--	0.879512	0.912935	6	4.0664	5
6	--	1.163041	1.573865	5	5.22944	6
5	--	1.138666	1.257719	4	6.36811	7
4	--	1.093348	1.443726	3	7.46146	8
3	--	1.820047	1.744153	4	9.20561	9
4	--	0.64254	1.219439	3	9.84815	10
3	--	1.018794	1.417051	2	10.86694	11
2	--	2.00819	1.502379	3	12.36932	12
3	--	1.182621	0.754796	4	13.12412	13
4	--	0.832637	0.749295	5	13.87342	14
5	--	0.716291	0.828963	4	14.58971	15
4	--	1.180025	1.774369	3	15.76974	16
3	--	1.613247	0.914006	4	16.68375	17
4	--	0.93279	1.365557	3	17.61654	18
3	--	1.349686	1.062174	4	18.67871	19
4	--	1.350849	0.91075	5	19.58946	20
5	--	0.874056	0.797627	6	20.38709	21
6	--	1.211386	1.588317	5	21.59848	22
5	--	1.231642	0.959193	6	22.55767	23
6	--	0.765874	1.433565	5	23.32354	24
5	--	0.937382	1.599844	4	24.26092	25
4	--	0.932886	0.659299	5	24.92022	26
5	--	0.765488	1.101312	4	25.68571	27
4	--	0.922554	1.103055	3	26.60826	28
3	--	1.271874	0.818486	4	27.42675	29
4	--	1.641314	0.9108	5	28.33755	30
5	--	1.648925	1.521734	6	29.85928	31
6	--	0.749967	0.856431	5	30.60925	32
5	--	1.266314	0.865933	6	31.47518	33
6	--	1.080386	0.883113	7	32.35829	34
7	--	1.57471	0.967279	8	33.32557	35
8	--	1.29473	1.640967	7	34.6203	36
7	--	0.924247	1.193863	6	35.54455	37
6	--	1.422674	1.403836	7	36.94839	38
7	--	1.209007	1.55108	6	38.1574	39
6	--	1.520715	1.35971	7	39.51711	40
7	--	1.688764	1.246301	8	40.76341	41
8	--	2.333064	1.621287	9	42.3847	42
9	--	3.457394	2.859082	10	45.24378	43

test #18
5	--	0.878994	1.241656	4	0.87899	1
4	--	0.912047	1.568037	3	1.79104	2
3	--	1.243696	1.425826	2	3.03474	3
2	--	2.649177	1.753586	3	4.78833	4
3	--	0.875734	1.667941	2	5.66406	5
2	--	1.72559	2.391253	1	7.38965	6
1	--	2.115425	2.376826	0	9.50508	7

test #19
5	--	0.916649	0.658171	6	0.65817	1
6	--	0.864812	0.784842	7	1.44301	2
7	--	1.033437	1.652095	6	2.47645	3
6	--	1.592803	1.202319	7	3.67877	4
7	--	1.674223	1.454377	8	5.13315	5
8	--	2.350432	1.187831	9	6.32098	6
9	--	2.944015	4.194066	8	9.26499	7
8	--	2.485229	2.207567	9	11.47256	8
9	--	3.011135	1.700647	10	13.17321	9

test #20
5	--	0.781128	1.327396	4	0.78113	1
4	--	1.05143	1.742384	3	1.83256	2
3	--	1.140965	1.30694	2	2.97353	3
2	--	1.004115	2.095793	1	3.97765	4
1	--	3.440602	2.65136	2	6.62901	5
2	--	1.380643	1.138074	3	7.76708	6
3	--	1.012893	1.491803	2	8.77997	7
2	--	1.025689	2.067511	1	9.80566	8
1	--	3.673744	3.75586	0	13.4794	9

test #21
5	--	1.239958	1.196393	6	1.19639	1
6	--	1.249631	1.216812	7	2.4132	2
7	--	1.019717	1.971151	6	3.43292	3
6	--	1.283483	1.524376	5	4.7164	4
5	--	0.782819	1.110577	4	5.49922	5
4	--	1.181851	0.763077	5	6.2623	6
5	--	0.819752	0.876048	4	7.08205	7
4	--	1.451394	1.051667	5	8.13372	8
5	--	1.101689	0.770519	6	8.90424	9
6	--	0.841677	0.848786	5	9.74592	10
5	--	0.688278	1.302573	4	10.4342	11
4	--	1.777106	0.976822	5	11.41102	12
5	--	0.881149	0.917256	4	12.29217	13
4	--	0.673429	0.872253	3	12.9656	14
3	--	1.08245	1.462492	2	14.04805	15
2	--	1.760268	1.403763	3	15.45181	16
3	--	1.824424	1.102915	4	16.55473	17
4	--	1.057918	1.432279	3	17.61265	18
3	--	1.7688	1.513778	4	19.12643	19
4	--	0.818654	1.314652	3	19.94508	20
3	--	1.286442	2.014515	2	21.23152	21
2	--	1.108795	2.428514	1	22.34031	22
1	--	3.606836	3.760966	0	25.94715	23

test #22
5	--	0.852014	1.141365	4	0.85201	1
4	--	1.753955	0.740786	5	1.5928	2
5	--	1.38594	0.815912	6	2.40871	3
6	--	0.716955	0.848838	5	3.12567	4
5	--	1.639462	1.068834	6	4.1945	5
6	--	1.250682	1.720497	5	5.44518	6
5	--	1.181262	1.495784	4	6.62644	7
4	--	1.670315	1.245945	5	7.87239	8
5	--	0.782651	1.300294	4	8.65504	9
4	--	1.092258	1.743982	3	9.7473	10
3	--	1.484831	0.74538	4	10.49268	11
4	--	0.786593	0.755379	5	11.24806	12
5	--	1.395058	1.298191	6	12.54625	13
6	--	1.211944	1.391409	5	13.75819	14
5	--	0.831145	1.188586	4	14.58934	15
4	--	1.411084	1.667352	3	16.00042	16
3	--	1.143815	1.013631	4	17.01405	17
4	--	1.246246	0.870289	5	17.88434	18
5	--	1.059719	0.899982	6	18.78432	19
6	--	1.33408	1.760551	5	20.1184	20
5	--	0.660294	0.652468	6	20.77087	21
6	--	0.699716	0.796061	5	21.47059	22
5	--	0.779989	0.950693	4	22.25058	23
4	--	0.819871	1.294633	3	23.07045	24
3	--	1.709091	1.662372	4	24.73282	25
4	--	1.389604	1.592042	3	26.12242	26
3	--	1.757268	1.241539	4	27.36396	27
4	--	1.065439	1.689609	3	28.4294	28
3	--	2.018512	1.087868	4	29.51727	29
4	--	1.025121	1.449223	3	30.54239	30
3	--	1.023725	1.248503	2	31.56611	31
2	--	1.165641	2.190898	1	32.73175	32
1	--	3.810699	3.26563	2	35.99738	33
2	--	2.208688	1.692461	3	37.68984	34
3	--	0.879094	1.038086	2	38.56893	35
2	--	2.492269	2.40637	3	40.9753	36
3	--	1.279543	1.144729	4	42.12003	37
4	--	1.00762	1.136331	3	43.12765	38
3	--	1.225971	0.792263	4	43.91991	39
4	--	0.656876	0.683997	3	44.57679	40
3	--	1.972186	1.018111	4	45.5949	41
4	--	0.883648	1.18557	3	46.47855	42
3	--	0.801246	1.293126	2	47.2798	43
2	--	1.94355	2.080993	1	49.22335	44
1	--	3.423809	1.991858	2	51.21521	45
2	--	1.226166	1.981512	1	52.44138	46
1	--	2.290908	4.380413	0	54.73229	47

test #23
5	--	0.810154	1.692231	4	0.81015	1
4	--	1.140707	1.065227	5	1.87538	2
5	--	1.242888	1.102753	6	2.97813	3
6	--	1.257168	0.673875	7	3.65201	4
7	--	0.776034	1.006726	6	4.42804	5
6	--	1.262003	1.133007	7	5.56105	6
7	--	1.316961	0.922121	8	6.48317	7
8	--	1.556618	1.725282	7	8.03979	8
7	--	1.517857	1.604022	6	9.55765	9
6	--	1.549258	0.897746	7	10.4554	10
7	--	1.988197	1.909861	8	12.36526	11
8	--	1.945236	1.614925	9	13.98018	12
9	--	2.161796	2.062824	10	16.043	13

test #24
5	--	1.509901	0.885067	6	0.88507	1
6	--	1.354545	1.014785	7	1.89986	2
7	--	1.098875	0.737686	8	2.63755	3
8	--	1.450931	1.986736	7	4.08848	4
7	--	1.870387	1.139232	8	5.22771	5
8	--	1.667104	1.711168	7	6.89481	6
7	--	0.990944	0.99612	6	7.88575	7
6	--	0.755773	0.759158	5	8.64152	8
5	--	0.879508	0.89859	4	9.52103	9
4	--	1.728062	1.468851	5	10.98988	10
5	--	1.000465	1.141238	4	11.99034	11
4	--	1.545114	0.940941	5	12.93128	12
5	--	1.688813	1.665666	6	14.59695	13
6	--	0.686369	0.967192	5	15.28332	14
5	--	1.412997	0.902744	6	16.18606	15
6	--	1.343723	1.404502	5	17.52978	16
5	--	0.731989	1.545599	4	18.26177	17
4	--	1.629865	1.675927	3	19.89163	18
3	--	1.380245	1.509019	2	21.27187	19
2	--	1.930864	1.037255	3	22.30913	20
3	--	0.816705	1.672351	2	23.12584	21
2	--	0.967247	2.537747	1	24.09309	22
1	--	2.364213	2.020391	2	26.11348	23
2	--	1.333103	1.436704	1	27.44658	24
1	--	4.744828	2.650363	2	30.09694	25
2	--	1.344799	2.485416	1	31.44174	26
1	--	1.949884	2.834842	0	33.39162	27

test #25
5	--	0.698219	1.694908	4	0.69822	1
4	--	0.729431	0.712441	5	1.41066	2
5	--	0.934265	1.437781	4	2.34493	3
4	--	0.783988	1.466726	3	3.12892	4
3	--	0.836508	1.157055	2	3.96543	5
2	--	1.577535	2.341181	1	5.54296	6
1	--	3.501867	2.479734	2	8.02269	7
2	--	1.679385	1.806121	1	9.70207	8
1	--	3.353953	3.495552	0	13.05602	9

test #26
5	--	1.601418	1.329649	6	1.32965	1
6	--	0.862159	1.182849	5	2.19181	2
5	--	1.454276	1.303418	6	3.49523	3
6	--	0.92314	0.672699	7	4.16793	4
7	--	0.92258	0.981728	6	5.09051	5
6	--	0.888252	1.479423	5	5.97876	6
5	--	0.97824	1.243467	4	6.957	7
4	--	0.867646	1.450552	3	7.82465	8
3	--	1.661452	1.053191	4	8.87784	9
4	--	0.750048	1.498393	3	9.62789	10
3	--	0.970497	1.631971	2	10.59839	11
2	--	1.579188	2.288265	1	12.17758	12
1	--	3.164923	2.362758	2	14.54034	13
2	--	2.451295	1.70785	3	16.24819	14
3	--	1.898986	0.841872	4	17.09006	15
4	--	1.745052	0.706161	5	17.79622	16
5	--	1.599266	1.438896	6	19.23512	17
6	--	1.31736	1.064456	7	20.29958	18
7	--	1.370391	0.914459	8	21.21404	19
8	--	1.172343	2.013931	7	22.38638	20
7	--	1.070031	0.897596	8	23.28398	21
8	--	2.501161	2.171799	9	25.45578	22
9	--	4.302986	3.003489	10	28.45927	23

test #27
5	--	1.379717	1.252424	6	1.25242	1
6	--	0.987587	1.647954	5	2.24001	2
5	--	0.987687	0.859485	6	3.0995	3
6	--	0.908723	1.603683	5	4.00822	4
5	--	1.182145	0.641607	6	4.64983	5
6	--	1.182145	0.83326	7	5.48309	6
7	--	1.458633	0.785685	8	6.26877	7
8	--	1.586576	1.68552	7	7.85535	8
7	--	1.54239	0.802665	8	8.65801	9
8	--	1.769655	2.267291	7	10.42766	10
7	--	1.970428	1.293844	8	11.7215	11
8	--	2.603867	1.141331	9	12.86283	12
9	--	2.222408	3.277038	8	15.08524	13
8	--	1.538497	1.804937	7	16.62374	14
7	--	1.376679	1.472889	6	18.00042	15
6	--	1.156799	1.554101	5	19.15722	16
5	--	1.4383	1.077399	6	20.23462	17
6	--	0.695005	1.593044	5	20.92962	18
5	--	1.035824	1.081217	4	21.96544	19
4	--	1.088263	1.581675	3	23.0537	20
3	--	1.942135	0.751816	4	23.80552	21
4	--	1.712465	1.03548	5	24.841	22
5	--	0.944182	0.998117	4	25.78518	23
4	--	0.92965	0.820458	5	26.60564	24
5	--	1.506443	1.460231	6	28.06587	25
6	--	0.639511	0.99062	5	28.70538	26
5	--	0.926703	1.032599	4	29.63208	27
4	--	0.843463	1.472243	3	30.47554	28
3	--	0.893601	1.350688	2	31.36914	29
2	--	1.282674	1.34092	1	32.65181	30
1	--	2.069646	2.925883	0	34.72146	31

test #28
5	--	1.556777	1.412559	6	1.41256	1
6	--	1.120543	1.060853	7	2.47341	2
7	--	0.762111	1.615186	6	3.23552	3
6	--	1.34064	0.947384	7	4.1829	4
7	--	1.386806	0.96319	8	5.14609	5
8	--	0.956564	2.239928	7	6.10265	6
7	--	1.484601	1.979284	6	7.58725	7
6	--	1.169973	1.327926	5	8.75722	8
5	--	1.02706	1.666186	4	9.78428	9
4	--	0.739482	1.75269	3	10.52376	10
3	--	1.220695	1.046058	4	11.56982	11
4	--	1.214673	0.672317	5	12.24214	12
5	--	1.283244	1.417526	4	13.52538	13
4	--	1.107934	1.118478	3	14.63331	14
3	--	1.001127	1.102105	2	15.63444	15
2	--	1.496114	1.65312	1	17.13055	16
1	--	1.963625	2.668988	0	19.09417	17

test #29
5	--	0.988721	1.069449	4	0.98872	1
4	--	1.734914	1.278956	5	2.26768	2
5	--	0.803528	1.065598	4	3.07121	3
4	--	0.953064	1.552435	3	4.02427	4
3	--	1.190373	1.260031	2	5.21464	5
2	--	1.587331	1.11588	3	6.33052	6
3	--	1.295914	1.145367	4	7.47589	7
4	--	1.220293	0.642425	5	8.11832	8
5	--	0.678844	0.864518	4	8.79716	9
4	--	0.878841	1.672481	3	9.676	10
3	--	1.111433	1.347111	2	10.78743	11
2	--	1.337541	0.993497	3	11.78093	12
3	--	1.684449	1.287985	4	13.06891	13
4	--	1.489737	0.730733	5	13.79964	14
5	--	1.301374	1.302408	4	15.10101	15
4	--	0.694914	1.763458	3	15.79592	16
3	--	1.691496	0.728534	4	16.52445	17
4	--	0.957055	1.080374	3	17.4815	18
3	--	1.52601	0.815158	4	18.29666	19
4	--	1.210335	1.139132	5	19.43579	20
5	--	0.911784	0.860141	6	20.29593	21
6	--	1.049901	0.656614	7	20.95254	22
7	--	0.903528	1.651161	6	21.85607	23
6	--	0.640922	1.292282	5	22.49699	24
5	--	1.334287	1.608601	4	23.83128	25
4	--	1.002191	1.231255	3	24.83347	26
3	--	1.061655	0.997499	4	25.83097	27
4	--	0.96843	0.806266	5	26.63724	28
5	--	1.439484	0.914634	6	27.55187	29
6	--	1.644678	1.013561	7	28.56543	30
7	--	0.828291	1.173214	6	29.39372	31
6	--	0.868383	1.101977	5	30.2621	32
5	--	1.240734	1.288819	4	31.50283	33
4	--	1.750573	1.587041	5	33.08987	34
5	--	1.559449	1.321141	6	34.41101	35
6	--	0.711226	1.006637	5	35.12224	36
5	--	1.284534	0.870754	6	35.99299	37
6	--	1.680515	1.284327	7	37.27732	38
7	--	1.882031	1.649193	8	38.92651	39
8	--	1.343793	2.016932	7	40.2703	40
7	--	1.015512	0.944989	8	41.21529	41
8	--	1.700668	2.62442	7	42.91596	42
7	--	1.13656	0.996551	8	43.91251	43
8	--	1.6988	2.061803	7	45.61131	44
7	--	1.709352	1.599083	8	47.21039	45
8	--	2.659507	1.231363	9	48.44175	46
9	--	4.580155	1.964649	10	50.4064	47

test #30
5	--	1.00399	1.259032	4	1.00399	1
4	--	1.124346	0.809245	5	1.81323	2
5	--	1.068235	0.69544	6	2.50867	3
6	--	0.845841	0.717045	7	3.22572	4
7	--	1.963897	1.843975	8	5.06969	5
8	--	2.036657	2.355251	7	7.10635	6
7	--	1.081833	0.887505	8	7.99385	7
8	--	1.784642	1.761831	9	9.75568	8
9	--	3.13187	3.794674	8	12.88755	9
8	--	1.207299	1.663348	7	14.09485	10
7	--	1.155295	1.30377	6	15.25014	11
6	--	1.740306	1.48414	7	16.73428	12
7	--	1.870976	0.830212	8	17.56449	13
8	--	1.906149	2.395816	7	19.47064	14
7	--	1.517213	1.676171	6	20.98785	15
6	--	1.202121	1.143729	7	22.13158	16
7	--	1.12647	1.398357	6	23.25805	17
6	--	1.377324	1.424125	5	24.63537	18
5	--	0.745053	0.784693	4	25.38042	19
4	--	1.501565	1.264425	5	26.64484	20
5	--	0.881064	0.877197	6	27.52204	21
6	--	1.750984	0.782669	7	28.30471	22
7	--	0.794433	1.09401	6	29.09914	23
6	--	1.098499	0.81449	7	29.91363	24
7	--	0.927902	1.312319	6	30.84153	25
6	--	1.612796	1.511726	7	32.35326	26
7	--	1.236771	0.859317	8	33.21258	27
8	--	1.119231	2.14132	7	34.33181	28
7	--	1.209036	0.812538	8	35.14435	29
8	--	1.648658	2.243013	7	36.79301	30
7	--	1.906837	1.514292	8	38.3073	31
8	--	2.422518	1.901895	9	40.20919	32
9	--	4.274971	2.114223	10	42.32341	33

test #31
5	--	1.205636	1.309534	4	1.20564	1
4	--	1.281641	1.390446	3	2.48728	2
3	--	1.43184	1.432445	2	3.91912	3
2	--	1.794298	1.574087	3	5.49321	4
3	--	0.851558	0.804505	4	6.29772	5
4	--	0.975094	1.608212	3	7.27281	6
3	--	1.200718	1.539824	2	8.47353	7
2	--	1.059758	2.351222	1	9.53329	8
1	--	4.396046	2.181716	2	11.71501	9
2	--	1.468951	1.823734	1	13.18396	10
1	--	2.109224	4.030714	0	15.29318	11

test #32
5	--	0.965628	0.938523	6	0.93852	1
6	--	1.175946	1.034463	7	1.97298	2
7	--	1.766256	0.951024	8	2.924	3
8	--	1.2761	1.900168	7	4.2001	4
7	--	1.00088	0.912719	8	5.11282	5
8	--	2.577212	2.170779	9	7.2836	6
9	--	4.362083	3.108108	10	10.39171	7

test #33
5	--	1.611274	0.729079	6	0.72908	1
6	--	0.762793	1.556563	5	1.49187	2
5	--	0.82153	1.526737	4	2.3134	3
4	--	0.696447	1.17767	3	3.00985	4
3	--	1.651371	1.542183	4	4.55203	5
4	--	0.949743	0.926711	5	5.47874	6
5	--	1.360514	0.838252	6	6.31699	7
6	--	0.635299	1.691303	5	6.95229	8
5	--	0.977822	1.337487	4	7.93011	9
4	--	1.453595	0.722602	5	8.65271	10
5	--	0.887768	0.615294	6	9.268	11
6	--	1.173094	1.383011	5	10.44109	12
5	--	1.374474	0.75353	6	11.19462	13
6	--	0.871834	0.930117	5	12.06645	14
5	--	1.298951	1.200825	6	13.26728	15
6	--	0.75009	1.154027	5	14.01737	16
5	--	0.832512	1.551301	4	14.84988	17
4	--	1.246693	1.279449	3	16.09657	18
3	--	1.325407	1.254645	4	17.35122	19
4	--	0.880511	0.874073	5	18.22529	20
5	--	1.291935	0.628299	6	18.85359	21
6	--	1.033443	0.806984	7	19.66057	22
7	--	1.607367	1.50388	8	21.16445	23
8	--	1.603538	1.581551	9	22.746	24
9	--	3.652581	3.091518	10	25.83752	25

test #34
5	--	1.191402	1.27797	4	1.1914	1
4	--	0.71717	0.808784	3	1.90857	2
3	--	1.964725	1.570735	4	3.4793	3
4	--	0.823379	1.031834	3	4.30268	4
3	--	1.948596	1.48433	4	5.78701	5
4	--	1.099249	0.865832	5	6.65284	6
5	--	0.874307	1.09246	4	7.52715	7
4	--	1.496461	0.64929	5	8.17644	8
5	--	1.091958	1.514289	4	9.2684	9
4	--	1.743996	1.031462	5	10.29986	10
5	--	1.201767	1.170675	6	11.47053	11
6	--	1.744701	1.448903	7	12.91943	12
7	--	1.275491	1.271749	8	14.19118	13
8	--	1.157023	1.591626	7	15.3482	14
7	--	1.532733	1.930077	6	16.88093	15
6	--	0.775877	0.67852	7	17.55945	16
7	--	0.881416	1.633444	6	18.44087	17
6	--	1.57044	1.008178	7	19.44905	18
7	--	1.730846	0.765576	8	20.21463	19
8	--	1.817235	1.730082	9	21.94471	20
9	--	2.832558	3.805956	8	24.77727	21
8	--	2.430699	0.986223	9	25.76349	22
9	--	3.700996	2.506814	10	28.2703	23

test #35
5	--	1.218605	0.876683	6	0.87668	1
6	--	1.415692	1.598404	5	2.29237	2
5	--	1.372428	1.386114	4	3.6648	3
4	--	0.708517	1.071957	3	4.37332	4
3	--	1.654492	1.660924	2	6.02781	5
2	--	2.025037	1.23663	3	7.26444	6
3	--	0.913085	1.490272	2	8.17753	7
2	--	1.319824	2.1401	1	9.49735	8
1	--	4.351086	4.372401	0	13.84844	9

test #36
5	--	1.128991	1.410962	4	1.12899	1
4	--	0.935173	1.204888	3	2.06416	2
3	--	0.979428	0.749859	4	2.81402	3
4	--	0.79898	0.867506	3	3.613	4
3	--	1.373335	1.832055	2	4.98633	5
2	--	2.111661	2.396342	1	7.09799	6
1	--	2.306034	4.426838	0	9.40402	7

test #37
5	--	0.995461	1.017279	4	0.99546	1
4	--	1.41756	0.935934	5	1.93139	2
5	--	1.508718	1.47617	6	3.40756	3
6	--	1.280539	0.846981	7	4.25454	4
7	--	1.535202	1.704153	6	5.78974	5
6	--	1.745978	0.726003	7	6.51574	6
7	--	1.395034	1.036328	8	7.55207	7
8	--	1.710778	1.762394	7	9.26285	8
7	--	1.279102	1.254775	8	10.51762	9
8	--	1.587478	2.071982	7	12.1051	10
7	--	1.825487	1.599968	8	13.70507	11
8	--	2.536984	1.411387	9	15.11646	12
9	--	3.028358	2.649625	10	17.76608	13

test #38
5	--	0.976317	1.039495	4	0.97632	1
4	--	1.160607	0.761065	5	1.73738	2
5	--	0.648352	1.008716	4	2.38573	3
4	--	1.201333	0.902689	5	3.28842	4
5	--	0.785455	1.231444	4	4.07388	5
4	--	0.819464	1.73929	3	4.89334	6
3	--	1.185162	0.870026	4	5.76337	7
4	--	1.17154	1.02228	5	6.78565	8
5	--	1.276933	1.678755	4	8.06258	9
4	--	0.835377	1.342043	3	8.89796	10
3	--	1.844646	1.082648	4	9.98061	11
4	--	1.026985	0.980189	5	10.9608	12
5	--	1.552927	0.79579	6	11.75659	13
6	--	0.938056	0.94026	5	12.69465	14
5	--	0.96016	1.097499	4	13.65481	15
4	--	1.638928	1.177222	5	14.83203	16
5	--	1.661945	0.838151	6	15.67018	17
6	--	1.766035	0.81365	7	16.48383	18
7	--	1.019317	1.346291	6	17.50315	19
6	--	1.341089	0.949049	7	18.4522	20
7	--	1.762462	0.903803	8	19.356	21
8	--	2.393442	1.558055	9	20.91405	22
9	--	4.57524	4.389235	10	25.30329	23

test #39
5	--	0.858419	0.991805	4	0.85842	1
4	--	1.199185	1.373879	3	2.0576	2
3	--	1.045172	1.510345	2	3.10277	3
2	--	1.264438	1.388505	1	4.36721	4
1	--	3.295211	2.671666	2	7.03888	5
2	--	1.457686	1.811473	1	8.49657	6
1	--	3.232168	2.209913	2	10.70648	7
2	--	1.985419	1.978672	3	12.68515	8
3	--	1.415091	1.40527	4	14.09042	9
4	--	1.22845	1.306414	3	15.31887	10
3	--	0.899928	1.500917	2	16.2188	11
2	--	1.195073	0.958111	3	17.17691	12
3	--	1.855369	1.959123	2	19.03228	13
2	--	1.328321	1.141642	3	20.17392	14
3	--	0.800694	1.574969	2	20.97461	15
2	--	2.655645	1.099566	3	22.07418	16
3	--	1.06378	0.781729	4	22.85591	17
4	--	1.767658	1.165531	5	24.02144	18
5	--	0.919071	1.192705	4	24.94051	19
4	--	1.171427	1.624564	3	26.11194	20
3	--	1.998453	1.594988	4	27.70693	21
4	--	0.950849	1.002616	3	28.65778	22
3	--	0.854418	1.521798	2	29.5122	23
2	--	2.025093	2.645529	1	31.53729	24
1	--	3.27833	4.198667	0	34.81562	25

test #40
5	--	1.111938	1.68271	4	1.11194	1
4	--	0.692382	0.774605	3	1.80432	2
3	--	0.990658	1.327669	2	2.79498	3
2	--	2.061214	1.72594	3	4.52092	4
3	--	0.809786	0.953627	2	5.33071	5
2	--	1.115273	1.769134	1	6.44598	6
1	--	3.614531	2.335944	2	8.78192	7
2	--	1.772467	1.375857	3	10.15778	8
3	--	1.087441	1.048362	4	11.20614	9
4	--	0.734834	1.451465	3	11.94097	10
3	--	1.238927	1.281889	2	13.1799	11
2	--	1.736781	1.194575	3	14.37447	12
3	--	1.255096	1.953659	2	15.62957	13
2	--	1.686776	1.563682	3	17.19325	14
3	--	0.856067	0.999796	2	18.04932	15
2	--	1.060689	1.10107	1	19.11001	16
1	--	3.069011	3.717331	0	22.17902	17

test #41
5	--	0.965968	1.617244	4	0.96597	1
4	--	1.162753	1.075964	5	2.04193	2
5	--	0.84728	0.949379	4	2.88921	3
4	--	0.690453	1.444001	3	3.57966	4
3	--	0.859467	1.006781	2	4.43913	5
2	--	1.36828	1.616649	1	5.80741	6
1	--	3.581937	1.999125	2	7.80654	7
2	--	2.528391	1.214055	3	9.0206	8
3	--	1.353582	1.936309	2	10.37418	9
2	--	1.643141	1.427595	3	11.80177	10
3	--	1.002377	0.893067	4	12.69484	11
4	--	0.696763	1.27805	3	13.3916	12
3	--	1.18593	1.265346	2	14.57753	13
2	--	2.434563	0.97165	3	15.54918	14
3	--	0.841101	0.913957	2	16.39028	15
2	--	2.03256	1.500577	3	17.89086	16
3	--	1.462234	1.773755	2	19.35309	17
2	--	1.40809	1.266052	3	20.61914	18
3	--	1.073967	0.82315	4	21.44229	19
4	--	0.649146	1.389942	3	22.09144	20
3	--	1.057621	1.096916	2	23.14906	21
2	--	2.477142	1.05722	3	24.20628	22
3	--	1.224435	1.962561	2	25.43071	23
2	--	1.058067	2.580206	1	26.48878	24
1	--	2.539658	2.621754	0	29.02844	25

test #42
5	--	1.069133	0.763665	6	0.76367	1
6	--	0.999785	0.835593	7	1.59926	2
7	--	1.661078	1.519109	8	3.11837	3
8	--	2.20876	2.564341	7	5.32713	4
7	--	1.107206	0.825982	8	6.15311	5
8	--	2.437372	1.618431	9	7.77154	6
9	--	3.303732	3.673242	8	11.07527	7
8	--	2.422824	1.462961	9	12.53823	8
9	--	4.545737	3.866288	10	16.40452	9

test #43
5	--	1.008193	0.76039	6	0.76039	1
6	--	1.07278	0.893419	7	1.65381	2
7	--	1.025532	1.604671	6	2.67934	3
6	--	1.244951	0.892957	7	3.5723	4
7	--	1.145256	1.413492	6	4.71756	5
6	--	0.774317	0.875128	5	5.49188	6
5	--	0.942664	1.452732	4	6.43454	7
4	--	1.06916	0.771463	5	7.206	8
5	--	1.698902	1.145629	6	8.35163	9
6	--	1.072305	1.3377	5	9.42394	10
5	--	1.346373	1.301143	6	10.72508	11
6	--	0.961241	1.625123	5	11.68632	12
5	--	0.781446	1.584418	4	12.46777	13
4	--	0.900933	1.329525	3	13.3687	14
3	--	0.913214	1.64973	2	14.28191	15
2	--	1.56526	0.95884	3	15.24075	16
3	--	1.64615	0.729354	4	15.9701	17
4	--	1.164817	0.726895	5	16.69699	18
5	--	1.680383	1.303506	6	18.0005	19
6	--	1.112781	0.7245	7	18.725	20
7	--	1.361061	1.747806	6	20.08606	21
6	--	0.821636	1.093653	5	20.9077	22
5	--	1.414852	1.054164	6	21.96186	23
6	--	1.208427	0.845727	7	22.80759	24
7	--	1.247271	1.272462	6	24.05486	25
6	--	1.11647	0.718994	7	24.77385	26
7	--	0.797904	1.214728	6	25.57175	27
6	--	0.648191	0.709091	5	26.21994	28
5	--	1.23789	0.990016	6	27.20996	29
6	--	1.15856	1.335353	5	28.36852	30
5	--	0.797063	0.849365	4	29.16558	31
4	--	0.787029	1.434722	3	29.95261	32
3	--	1.798914	1.395621	4	31.34823	33
4	--	0.877396	1.719227	3	32.22563	34
3	--	1.457963	1.545919	2	33.68359	35
2	--	1.610556	1.179892	3	34.86348	36
3	--	1.325252	1.991924	2	36.18873	37
2	--	1.754653	1.886807	1	37.94338	38
1	--	3.084259	4.460625	0	41.02764	39

test #44
5	--	1.27054	1.209025	6	1.20903	1
6	--	1.537576	1.705759	5	2.74661	2
5	--	1.534349	1.27206	6	4.01867	3
6	--	1.620602	1.773895	5	5.63927	4
5	--	1.520105	1.306465	6	6.94573	5
6	--	1.020159	0.962845	7	7.90857	6
7	--	0.955303	1.063461	6	8.86387	7
6	--	1.105541	1.439349	5	9.96941	8
5	--	1.402927	1.047864	6	11.01727	9
6	--	1.189404	1.252861	5	12.20667	10
5	--	0.965339	0.90437	6	13.11104	11
6	--	1.287742	1.262433	7	14.37347	12
7	--	1.484897	0.82388	8	15.19735	13
8	--	2.095466	1.183944	9	16.38129	14
9	--	3.312602	4.623985	8	19.69389	15
8	--	1.271137	1.949183	7	20.96503	16
7	--	1.647934	1.638456	8	22.60349	17
8	--	1.384595	1.406718	7	23.98809	18
7	--	1.671205	1.606249	8	25.59434	19
8	--	1.598378	1.828914	7	27.19272	20
7	--	0.790246	2.03218	6	27.98297	21
6	--	1.092687	1.235029	5	29.07566	22
5	--	1.19283	0.659218	6	29.73488	23
6	--	0.739269	1.259347	5	30.47415	24
5	--	0.924569	1.17525	4	31.39872	25
4	--	1.515644	1.186687	5	32.58541	26
5	--	1.448355	1.168625	6	33.75404	27
6	--	1.562229	0.957018	7	34.71106	28
7	--	1.344078	1.56568	6	36.05514	29
6	--	1.168444	0.651671	7	36.70681	30
7	--	1.755393	1.14059	8	37.8474	31
8	--	1.885108	1.671644	9	39.51904	32
9	--	2.260106	2.756789	8	41.77915	33
8	--	1.163628	0.98441	9	42.76356	34
9	--	3.988013	3.774465	10	46.53803	35

test #45
5	--	1.64646	0.798906	6	0.79891	1
6	--	1.516818	1.384982	7	2.18389	2
7	--	1.09862	0.828175	8	3.01206	3
8	--	2.597159	2.559945	9	5.572	4
9	--	2.81454	3.033601	8	8.38654	5
8	--	1.677871	2.000534	7	10.06441	6
7	--	0.977213	1.443018	6	11.04162	7
6	--	1.62055	1.258139	7	12.29976	8
7	--	1.367207	1.481923	6	13.66697	9
6	--	1.698598	1.057316	7	14.72429	10
7	--	1.614219	1.034177	8	15.75847	11
8	--	1.143273	2.388831	7	16.90174	12
7	--	0.911546	1.52535	6	17.81329	13
6	--	1.77736	0.647627	7	18.46092	14
7	--	1.432696	1.972644	6	19.89362	15
6	--	1.557743	1.063117	7	20.95674	16
7	--	1.69497	1.495288	8	22.45203	17
8	--	1.856526	1.899668	7	24.30856	18
7	--	1.905292	1.90979	6	26.21385	19
6	--	1.6963	1.29967	7	27.51352	20
7	--	1.693364	1.576281	8	29.0898	21
8	--	1.840139	2.033246	7	30.92994	22
7	--	1.878346	0.77503	8	31.70497	23
8	--	1.387532	2.076071	7	33.0925	24
7	--	1.434969	1.094143	8	34.18664	25
8	--	2.596106	1.785405	9	35.97204	26
9	--	1.888903	2.480102	8	37.86094	27
8	--	1.707826	1.863818	7	39.56877	28
7	--	1.108679	1.645923	6	40.67745	29
6	--	0.721165	0.88465	5	41.39861	30
5	--	1.581057	1.239529	6	42.63814	31
6	--	1.49677	1.431084	7	44.06922	32
7	--	0.985468	1.265379	6	45.05469	33
6	--	1.770666	1.319923	7	46.37461	34
7	--	1.840556	1.580371	8	47.95498	35
8	--	2.581703	2.596501	7	50.53668	36
7	--	0.851336	0.840629	8	51.37731	37
8	--	1.688983	2.612047	7	53.06629	38
7	--	0.804532	1.252158	6	53.87082	39
6	--	0.757414	1.750184	5	54.62823	40
5	--	0.950376	0.670664	6	55.29889	41
6	--	0.877046	1.06751	5	56.17594	42
5	--	1.559443	0.76141	6	56.93735	43
6	--	1.161475	1.418314	5	58.09883	44
5	--	1.455905	0.954839	6	59.05367	45
6	--	0.77787	1.408453	5	59.83154	46
5	--	0.954311	0.765153	6	60.59669	47
6	--	1.513852	0.752659	7	61.34935	48
7	--	2.012065	1.651835	8	63.00118	49
8	--	2.397708	2.129069	9	65.13025	50
9	--	2.946885	1.922374	10	67.05262	51

test #46
5	--	1.509092	0.799774	6	0.79977	1
6	--	1.035738	1.262597	5	1.83551	2
5	--	0.890899	0.739305	6	2.57481	3
6	--	1.301163	1.261997	7	3.83681	4
7	--	1.328961	1.075751	8	4.91256	5
8	--	1.78405	1.390844	9	6.3034	6
9	--	1.982829	3.748671	8	8.28623	7
8	--	2.350154	1.875114	9	10.16134	8
9	--	1.777981	3.246689	8	11.93932	9
8	--	2.591686	2.10671	9	14.04603	10
9	--	4.113314	3.626275	10	17.67231	11

test #47
5	--	0.907346	1.52915	4	0.90735	1
4	--	1.502373	1.303756	5	2.21111	2
5	--	1.137642	0.684525	6	2.89564	3
6	--	1.562044	1.198431	7	4.09407	4
7	--	1.638556	1.692928	6	5.73263	5
6	--	1.398687	1.528792	5	7.13132	6
5	--	0.787133	0.892315	4	7.91845	7
4	--	1.009672	0.856772	5	8.77522	8
5	--	1.371252	1.34244	6	10.11766	9
6	--	1.11421	0.718229	7	10.83589	10
7	--	1.734377	0.833498	8	11.66939	11
8	--	1.874388	1.331017	9	13.00041	12
9	--	3.123948	2.629384	10	15.62979	13

test #48
5	--	1.299876	1.510503	4	1.29988	1
4	--	1.558581	1.055793	5	2.35567	2
5	--	0.711608	1.02576	4	3.06728	3
4	--	0.999532	1.511187	3	4.06681	4
3	--	1.652577	1.090755	4	5.15756	5
4	--	1.447997	1.200706	5	6.35827	6
5	--	0.959396	0.837137	6	7.19541	7
6	--	0.92816	1.300665	5	8.12357	8
5	--	1.618661	1.006923	6	9.13049	9
6	--	0.811418	1.226387	5	9.94191	10
5	--	1.697695	0.817475	6	10.75938	11
6	--	1.42074	0.794014	7	11.55339	12
7	--	1.47952	1.595576	6	13.03291	13
6	--	0.745592	1.098561	5	13.7785	14
5	--	0.980165	0.719371	6	14.49787	15
6	--	1.385596	0.778874	7	15.27674	16
7	--	1.020058	1.32812	6	16.2968	17
6	--	1.690258	1.454244	7	17.75104	18
7	--	1.335663	0.971798	8	18.72284	19
8	--	2.63767	1.790575	9	20.51342	20
9	--	3.1901	3.880398	8	23.70352	21
8	--	2.120103	1.931686	9	25.63521	22
9	--	3.574628	4.302437	8	29.20984	23
8	--	0.963085	2.506352	7	30.17292	24
7	--	0.890348	1.387164	6	31.06327	25
6	--	0.712608	1.603615	5	31.77588	26
5	--	1.086302	1.015931	6	32.79181	27
6	--	1.467835	1.215309	7	34.00712	28
7	--	1.120897	1.579725	6	35.12802	29
6	--	1.07459	0.786156	7	35.91418	30
7	--	0.823168	1.373064	6	36.73735	31
6	--	0.699448	1.267897	5	37.4368	32
5	--	1.454808	0.657921	6	38.09472	33
6	--	0.702206	1.458782	5	38.79693	34
5	--	0.856792	1.637718	4	39.65372	35
4	--	0.795512	1.640682	3	40.44923	36
3	--	0.751871	1.555215	2	41.2011	37
2	--	0.975348	2.602621	1	42.17645	38
1	--	3.533329	1.958747	2	44.1352	39
2	--	1.595648	1.878526	1	45.73085	40
1	--	3.475984	1.998906	2	47.72976	41
2	--	1.092399	1.029196	3	48.75896	42
3	--	2.030779	1.254766	4	50.01373	43
4	--	1.478948	1.500908	3	51.49268	44
3	--	1.990427	1.507512	4	53.00019	45
4	--	1.158393	1.442347	3	54.15858	46
3	--	0.754213	1.311465	2	54.91279	47
2	--	1.418514	1.803348	1	56.3313	48
1	--	2.182772	4.413493	0	58.51407	49

test #49
5	--	0.999032	1.419396	4	0.99903	1
4	--	1.405966	1.569763	3	2.405	2
3	--	1.095864	1.589541	2	3.50086	3
2	--	1.280626	1.909132	1	4.78149	4
1	--	2.080613	2.523	0	6.8621	5

test #50
5	--	0.660715	0.910139	4	0.66072	1
4	--	1.480708	1.529674	3	2.14143	2
3	--	0.820695	1.640355	2	2.96212	3
2	--	1.094038	1.958395	1	4.05616	4
1	--	3.877297	1.777743	2	5.8339	5
2	--	1.282532	2.200103	1	7.11643	6
1	--	4.123187	3.388099	2	10.50453	7
2	--	1.338783	1.640704	1	11.84331	8
1	--	4.380588	1.736471	2	13.57978	9
2	--	2.62146	1.433273	3	15.01305	10
3	--	1.196712	0.769107	4	15.78216	11
4	--	1.501645	1.087729	5	16.86989	12
5	--	0.661082	1.000869	4	17.53097	13
4	--	1.475049	1.647525	3	19.00602	14
3	--	1.313063	1.091548	4	20.09757	15
4	--	1.196657	1.238149	3	21.29423	16
3	--	0.842746	1.445809	2	22.13698	17
2	--	2.089803	1.952716	3	24.0897	18
3	--	1.229433	0.75531	4	24.84501	19
4	--	0.667657	1.764686	3	25.51267	20
3	--	1.159692	0.835702	4	26.34837	21
4	--	1.160058	0.874067	5	27.22244	22
5	--	1.134257	0.76234	6	27.98478	23
6	--	0.684031	1.108887	5	28.66881	24
5	--	1.494887	0.627275	6	29.29609	25
6	--	1.243627	0.959557	7	30.25565	26
7	--	1.18517	1.837537	6	31.44082	27
6	--	0.907054	1.552248	5	32.34787	28
5	--	0.856899	0.917034	4	33.20477	29
4	--	0.801501	0.706376	5	33.91115	30
5	--	1.565609	0.732828	6	34.64398	31
6	--	1.357193	0.693634	7	35.33761	32
7	--	1.804175	1.320583	8	36.65819	33
8	--	1.326858	1.740498	7	37.98505	34
7	--	0.845082	1.080276	6	38.83013	35
6	--	1.614104	1.39881	7	40.22894	36
7	--	1.778384	1.360797	8	41.58974	37
8	--	1.408392	2.443363	7	42.99813	38
7	--	0.992696	1.845503	6	43.99083	39
6	--	1.405118	1.052716	7	45.04355	40
7	--	1.205646	1.194155	8	46.23771	41
8	--	2.602852	1.282387	9	47.5201	42
9	--	2.122101	2.636886	8	49.6422	43
8	--	2.451758	2.4624	7	52.09396	44
7	--	1.367112	1.83647	6	53.46107	45
6	--	0.942264	1.521224	5	54.40333	46
5	--	0.638506	0.686223	4	55.04184	47
4	--	0.975754	0.942872	5	55.98471	48
5	--	1.027849	0.847477	6	56.83219	49
6	--	1.022907	0.661745	7	57.49394	50
7	--	1.888887	1.680934	8	59.17487	51
8	--	1.502466	1.288847	9	60.46372	52
9	--	3.767948	4.23316	8	64.23167	53
8	--	1.37939	1.133286	9	65.36496	54
9	--	1.77027	4.298798	8	67.13523	55
8	--	2.592115	1.493275	9	68.6285	56
9	--	3.913206	2.774247	10	71.40275	57

test #51
5	--	0.95188	0.743817	6	0.74382	1
6	--	1.087927	1.294214	5	1.83175	2
5	--	1.446309	0.830073	6	2.66182	3
6	--	1.640254	0.859537	7	3.52136	4
7	--	1.31154	1.017841	8	4.5392	5
8	--	1.228175	2.034862	7	5.76738	6
7	--	0.733505	1.402097	6	6.50088	7
6	--	0.875309	1.352531	5	7.37619	8
5	--	1.349817	1.484547	4	8.72601	9
4	--	1.005758	1.119166	3	9.73177	10
3	--	1.379338	1.622823	2	11.11111	11
2	--	1.102664	1.868292	1	12.21377	12
1	--	3.645186	2.0097	2	14.22347	13
2	--	1.035672	1.160027	1	15.25914	14
1	--	2.074267	2.899556	0	17.33341	15

test #52
5	--	0.852207	1.572513	4	0.85221	1
4	--	1.389141	0.853959	5	1.70617	2
5	--	1.204169	1.246302	4	2.91034	3
4	--	1.514941	0.945103	5	3.85544	4
5	--	1.56244	0.651128	6	4.50657	5
6	--	1.312532	1.199319	7	5.70589	6
7	--	1.790512	1.075801	8	6.78169	7
8	--	1.455047	1.665284	7	8.23674	8
7	--	1.236172	1.164402	8	9.40114	9
8	--	1.935532	1.199889	9	10.60103	10
9	--	3.36588	2.215601	10	12.81663	11

test #53
5	--	1.005975	0.854394	6	0.85439	1
6	--	1.518087	0.928019	7	1.78241	2
7	--	0.84846	1.835922	6	2.63087	3
6	--	0.850047	0.723926	7	3.3548	4
7	--	1.182562	1.8884	6	4.53736	5
6	--	1.171406	0.721923	7	5.25928	6
7	--	0.759451	1.153606	6	6.01873	7
6	--	1.348724	1.124075	7	7.1428	8
7	--	1.103788	0.848048	8	7.99085	9
8	--	1.296597	2.500041	7	9.28745	10
7	--	1.504819	1.102195	8	10.38965	11
8	--	1.522505	1.956049	7	11.91215	12
7	--	0.817848	1.966437	6	12.73	13
6	--	1.361381	1.256915	7	13.98692	14
7	--	1.704699	1.493065	8	15.47999	15
8	--	1.634802	2.367167	7	17.11479	16
7	--	1.794196	1.363453	8	18.47824	17
8	--	1.801518	0.988403	9	19.46664	18
9	--	4.533002	4.069552	10	23.53619	19

test #54
5	--	1.018824	1.192429	4	1.01882	1
4	--	1.627711	1.737614	3	2.64653	2
3	--	1.46526	1.105445	4	3.75198	3
4	--	1.140238	1.572666	3	4.89222	4
3	--	1.73036	1.435182	4	6.3274	5
4	--	0.758106	0.880539	3	7.08551	6
3	--	1.940321	0.840056	4	7.92557	7
4	--	1.282155	1.657464	3	9.20772	8
3	--	0.785337	1.925036	2	9.99306	9
2	--	1.225986	1.222092	3	11.21515	10
3	--	1.823009	1.971106	2	13.03816	11
2	--	2.467146	1.372448	3	14.41061	12
3	--	1.042954	0.806936	4	15.21755	13
4	--	0.75241	0.656862	5	15.87441	14
5	--	0.994799	0.768788	6	16.6432	15
6	--	1.576952	0.908139	7	17.55134	16
7	--	1.624085	0.957559	8	18.5089	17
8	--	1.706232	2.399105	7	20.21513	18
7	--	0.872908	0.81864	8	21.03377	19
8	--	1.363291	2.073545	7	22.39706	20
7	--	1.585147	1.156654	8	23.55371	21
8	--	1.903759	1.239496	9	24.79321	22
9	--	2.901326	4.253195	8	27.69454	23
8	--	1.822544	2.22083	7	29.51708	24
7	--	1.334413	1.026473	8	30.54355	25
8	--	1.463209	1.719331	7	32.00676	26
7	--	1.104932	1.404808	6	33.11169	27
6	--	1.257722	1.404915	5	34.36941	28
5	--	1.247215	1.707309	4	35.61662	29
4	--	0.909426	1.085453	3	36.52605	30
3	--	1.132656	1.763028	2	37.65871	31
2	--	1.428367	2.645032	1	39.08708	32
1	--	4.115734	3.894415	2	42.98149	33
2	--	1.720722	1.122571	3	44.10406	34
3	--	1.140722	1.139991	4	45.24405	35
4	--	1.26337	0.944459	5	46.18851	36
5	--	0.733077	1.106118	4	46.92159	37
4	--	0.783063	1.513219	3	47.70465	38
3	--	1.882627	1.835066	4	49.53972	39
4	--	1.636764	1.394827	5	50.93455	40
5	--	1.02824	0.938499	6	51.87305	41
6	--	0.90485	0.965393	5	52.7779	42
5	--	1.254131	0.703191	6	53.48109	43
6	--	1.506271	1.388247	7	54.86934	44
7	--	0.973809	1.349332	6	55.84315	45
6	--	0.842765	0.955265	5	56.68591	46
5	--	1.657106	1.69203	4	58.34302	47
4	--	1.44417	1.070935	5	59.41395	48
5	--	0.825468	0.748784	6	60.16273	49
6	--	1.090613	0.648137	7	60.81087	50
7	--	1.788478	1.891504	6	62.59935	51
6	--	1.610235	0.777781	7	63.37713	52
7	--	0.732467	1.201475	6	64.1096	53
6	--	1.52463	1.004212	7	65.11381	54
7	--	1.66662	1.363211	8	66.47702	55
8	--	1.136985	2.322974	7	67.614	56
7	--	1.788061	1.695385	8	69.30938	57
8	--	2.014849	1.601063	9	70.91044	58
9	--	2.894146	1.835897	10	72.74634	59

test #55
5	--	0.889841	1.399235	4	0.88984	1
4	--	1.395733	0.8556	5	1.74544	2
5	--	1.263683	1.153736	6	2.89918	3
6	--	1.425562	1.566559	5	4.32474	4
5	--	0.750175	1.018458	4	5.07492	5
4	--	1.715713	1.024375	5	6.0993	6
5	--	1.076246	0.862475	6	6.96177	7
6	--	0.697279	0.752098	5	7.65905	8
5	--	1.439414	1.351703	6	9.01075	9
6	--	0.967887	1.096388	5	9.97864	10
5	--	1.609242	1.219275	6	11.19792	11
6	--	0.901017	0.8134	7	12.01132	12
7	--	1.01699	1.945526	6	13.02831	13
6	--	1.355062	0.746095	7	13.7744	14
7	--	1.367733	1.946145	6	15.14213	15
6	--	1.462953	0.945441	7	16.08757	16
7	--	1.032108	1.02041	8	17.10798	17
8	--	2.005653	1.247666	9	18.35565	18
9	--	1.85269	3.15106	8	20.20834	19
8	--	1.601979	1.10564	9	21.31398	20
9	--	4.283096	2.081465	10	23.39545	21

test #56
5	--	1.105296	1.077373	6	1.07737	1
6	--	1.028577	1.648989	5	2.10595	2
5	--	1.129681	1.495422	4	3.23563	3
4	--	1.458003	1.356797	5	4.59243	4
5	--	1.285631	0.888974	6	5.4814	5
6	--	0.797471	0.97796	5	6.27887	6
5	--	1.344872	0.858244	6	7.13711	7
6	--	1.535765	1.739227	5	8.67288	8
5	--	0.93615	1.149899	4	9.60903	9
4	--	0.854712	0.784375	5	10.39341	10
5	--	1.140049	1.365036	4	11.53346	11
4	--	0.846688	0.994139	3	12.38015	12
3	--	1.410069	1.448491	2	13.79022	13
2	--	2.567577	1.751121	3	15.54134	14
3	--	2.009526	1.587493	4	17.12883	15
4	--	1.419314	1.067962	5	18.19679	16
5	--	1.359719	1.155809	6	19.3526	17
6	--	0.85066	1.069754	5	20.20326	18
5	--	1.573283	1.359444	6	21.5627	19
6	--	0.638819	1.199282	5	22.20152	20
5	--	0.979701	1.077096	4	23.18122	21
4	--	1.197039	0.948404	5	24.12962	22
5	--	0.760095	1.511326	4	24.88971	23
4	--	1.226337	1.067954	5	25.95766	24
5	--	1.193458	0.681033	6	26.63869	25
6	--	1.04001	1.029519	7	27.66821	26
7	--	1.587711	1.470242	8	29.13845	27
8	--	1.055827	2.239539	7	30.19428	28
7	--	1.591576	1.820753	6	31.78586	29
6	--	1.181416	0.981373	7	32.76723	30
7	--	1.435775	1.466891	6	34.20301	31
6	--	0.896249	1.07708	5	35.09926	32
5	--	1.526192	0.717608	6	35.81687	33
6	--	1.334679	1.725864	5	37.15155	34
5	--	1.15645	1.165889	4	38.308	35
4	--	1.188137	1.500838	3	39.49614	36
3	--	1.772872	1.269196	4	40.76534	37
4	--	0.923589	0.87376	5	41.6391	38
5	--	1.365412	1.580791	4	43.00451	39
4	--	1.280054	1.605925	3	44.28456	40
3	--	0.836544	1.734672	2	45.1211	41
2	--	1.798471	1.673102	3	46.7942	42
3	--	1.260352	1.101268	4	47.89547	43
4	--	0.896122	1.680282	3	48.79159	44
3	--	1.373445	2.001431	2	50.16504	45
2	--	1.80258	0.968023	3	51.13306	46
3	--	1.070707	1.098701	2	52.20377	47
2	--	2.230785	0.959209	3	53.16298	48
3	--	1.762784	1.155371	4	54.31835	49
4	--	1.296685	0.746015	5	55.06436	50
5	--	0.652227	0.991709	4	55.71659	51
4	--	0.959153	1.140731	3	56.67574	52
3	--	1.903945	0.80162	4	57.47736	53
4	--	1.207424	1.108247	5	58.58561	54
5	--	1.094635	0.748873	6	59.33448	55
6	--	1.591455	0.978907	7	60.31339	56
7	--	0.773144	1.540147	6	61.08653	57
6	--	1.414753	1.739535	5	62.50128	58
5	--	0.631741	1.08288	4	63.13302	59
4	--	0.766028	0.663508	5	63.79653	60
5	--	1.622984	1.293531	6	65.09006	61
6	--	0.86611	0.720335	7	65.81039	62
7	--	1.050768	1.812655	6	66.86116	63
6	--	1.268618	1.491542	5	68.12978	64
5	--	1.567931	1.136252	6	69.26603	65
6	--	0.973539	1.056373	5	70.23957	66
5	--	1.568939	1.168012	6	71.40758	67
6	--	0.898483	1.724712	5	72.30606	68
5	--	0.832161	1.213753	4	73.13822	69
4	--	0.652541	0.856302	3	73.79076	70
3	--	1.111554	1.398169	2	74.90231	71
2	--	2.401177	1.477204	3	76.37951	72
3	--	0.840785	1.628418	2	77.2203	73
2	--	2.313377	1.375333	3	78.59563	74
3	--	0.946419	1.861697	2	79.54205	75
2	--	2.207043	1.28142	3	80.82347	76
3	--	1.34336	1.541823	2	82.16683	77
2	--	2.536291	1.585605	3	83.75243	78
3	--	1.726652	1.25759	4	85.01002	79
4	--	0.721132	0.815654	3	85.73115	80
3	--	1.444547	0.885636	4	86.61679	81
4	--	1.741461	1.403312	5	88.0201	82
5	--	1.511289	0.968092	6	88.98819	83
6	--	1.601779	1.098497	7	90.08669	84
7	--	1.301089	1.489145	6	91.38778	85
6	--	1.001821	1.764748	5	92.3896	86
5	--	1.414452	1.376058	6	93.76566	87
6	--	0.684511	1.460452	5	94.45017	88
5	--	0.723658	0.637654	6	95.08782	89
6	--	1.046387	0.714612	7	95.80243	90
7	--	1.770178	1.442558	8	97.24499	91
8	--	1.70111	2.264398	7	98.9461	92
7	--	0.803183	1.892015	6	99.74928	93
6	--	0.730802	0.704305	7	100.45358	94
7	--	1.102491	1.54042	6	101.55607	95
6	--	1.075969	0.996992	7	102.55306	96
7	--	0.987315	1.722669	6	103.54038	97
6	--	1.161187	1.567916	5	104.70157	98
5	--	0.859478	1.312347	4	105.56105	99
4	--	1.089052	0.750638	5	106.31169	100
5	--	1.100441	0.613363	6	106.92505	101
6	--	1.29606	1.533156	5	108.22111	102
5	--	1.342912	1.37209	4	109.56402	103
4	--	1.241954	1.15886	5	110.72288	104
5	--	0.629731	1.394647	4	111.35261	105
4	--	0.78571	1.183469	3	112.13832	106
3	--	1.279188	1.432906	2	113.41751	107
2	--	2.173925	1.641634	3	115.05914	108
3	--	1.892341	1.544257	4	116.6034	109
4	--	1.605584	1.075585	5	117.67899	110
5	--	1.561915	1.590669	4	119.2409	111
4	--	1.411211	1.327427	5	120.56833	112
5	--	1.420767	1.502954	4	121.9891	113
4	--	0.775562	1.038411	3	122.76466	114
3	--	0.936807	1.659792	2	123.70147	115
2	--	2.025098	1.305969	3	125.00744	116
3	--	1.125034	1.785288	2	126.13247	117
2	--	2.112088	1.497521	3	127.62999	118
3	--	1.749763	2.007552	2	129.37975	119
2	--	1.332339	1.676742	1	130.71209	120
1	--	3.280286	4.680079	0	133.99238	121

test #57
5	--	1.121061	0.730391	6	0.73039	1
6	--	0.884752	1.306044	5	1.61514	2
5	--	1.059311	1.304907	4	2.67445	3
4	--	0.772357	1.265475	3	3.44681	4
3	--	1.030568	1.203986	2	4.47738	5
2	--	1.317568	1.754227	1	5.79495	6
1	--	2.845846	2.707959	2	8.50291	7
2	--	1.495471	2.267488	1	9.99838	8
1	--	1.929556	3.053811	0	11.92794	9

test #58
5	--	1.089966	1.25047	4	1.08997	1
4	--	1.554086	0.966241	5	2.05621	2
5	--	1.347065	0.824407	6	2.88062	3
6	--	1.530637	0.93752	7	3.81814	4
7	--	1.022735	1.834883	6	4.84087	5
6	--	1.434784	1.360727	7	6.2016	6
7	--	1.231067	1.555253	6	7.43267	7
6	--	0.945969	1.045859	5	8.37864	8
5	--	1.641836	1.174467	6	9.55311	9
6	--	0.650577	0.68794	5	10.20369	10
5	--	1.165448	1.09682	6	11.30051	11
6	--	1.447463	1.657997	5	12.74797	12
5	--	1.033175	0.651871	6	13.39984	13
6	--	1.13725	0.736525	7	14.13636	14
7	--	0.745839	1.483229	6	14.8822	15
6	--	0.677933	0.811272	5	15.56013	16
5	--	0.664828	1.055689	4	16.22496	17
4	--	0.63827	0.699581	3	16.86323	18
3	--	1.620521	1.641109	2	18.48375	19
2	--	1.190404	2.586701	1	19.67415	20
1	--	3.41165	2.061261	2	21.73541	21
2	--	1.378132	2.525387	1	23.11354	22
1	--	3.700525	2.713558	2	25.8271	23
2	--	0.965141	1.601091	1	26.79224	24
1	--	2.810157	3.402167	0	29.6024	25

test #59
5	--	1.602779	0.981223	6	0.98122	1
6	--	1.444599	1.105354	7	2.08657	2
7	--	0.864544	0.911513	6	2.95111	3
6	--	1.657226	1.0908	7	4.04191	4
7	--	1.657357	0.835539	8	4.87745	5
8	--	2.426197	2.537602	7	7.30365	6
7	--	1.188178	0.965776	8	8.26943	7
8	--	1.182948	1.716407	7	9.45238	8
7	--	0.759974	0.959123	6	10.21235	9
6	--	1.256795	0.904958	7	11.11731	10
7	--	1.54727	1.172807	8	12.29012	11
8	--	1.195643	1.00634	9	13.29646	12
9	--	2.838144	4.678178	8	16.1346	13
8	--	1.689026	2.18318	7	17.82363	14
7	--	1.3479	1.170639	8	18.99427	15
8	--	1.719571	1.650921	9	20.64519	16
9	--	3.215096	2.231625	10	22.87682	17

test #60
5	--	0.694584	0.80224	4	0.69458	1
4	--	1.212687	1.421173	3	1.90727	2
3	--	1.065416	1.190852	2	2.97269	3
2	--	1.694041	2.412407	1	4.66673	4
1	--	1.704953	3.992263	0	6.37168	5

test #61
5	--	0.680886	1.136268	4	0.68089	1
4	--	0.831286	0.997003	3	1.51218	2
3	--	0.782261	1.040556	2	2.29444	3
2	--	2.515938	1.115211	3	3.40965	4
3	--	1.722888	1.442569	4	4.85222	5
4	--	1.550745	1.366747	5	6.21897	6
5	--	0.814048	1.315639	4	7.03302	7
4	--	0.87969	0.968485	3	7.91271	8
3	--	1.622687	1.333214	4	9.24592	9
4	--	1.745856	1.723279	5	10.9692	10
5	--	1.038158	1.038966	4	12.00736	11
4	--	1.449079	1.334098	5	13.34146	12
5	--	1.423095	1.64216	4	14.76455	13
4	--	1.137673	0.980596	5	15.74515	14
5	--	0.677174	0.759775	4	16.42232	15
4	--	1.287197	1.437338	3	17.70952	16
3	--	1.515229	1.463476	4	19.173	17
4	--	1.582064	1.731203	3	20.75506	18
3	--	0.737933	1.752738	2	21.49299	19
2	--	1.568348	1.224648	3	22.71764	20
3	--	1.369885	1.219191	4	23.93683	21
4	--	0.768006	1.332958	3	24.70484	22
3	--	1.083305	0.737091	4	25.44193	23
4	--	0.80198	0.997724	3	26.24391	24
3	--	0.920997	1.32737	2	27.16491	25
2	--	2.243079	2.517339	1	29.40799	26
1	--	3.085611	2.138086	2	31.54608	27
2	--	1.432814	1.389542	3	32.93562	28
3	--	0.743936	1.821103	2	33.67956	29
2	--	1.302979	1.740305	1	34.98254	30
1	--	4.710193	2.918209	2	37.90075	31
2	--	1.766934	1.038051	3	38.9388	32
3	--	0.929568	1.204122	2	39.86837	33
2	--	1.146254	1.405944	1	41.01462	34
1	--	3.230382	3.464839	0	44.245	35

test #62
5	--	1.673415	0.87771	6	0.87771	1
6	--	1.259119	1.083033	7	1.96074	2
7	--	1.044627	1.175193	6	3.00537	3
6	--	1.244722	1.161198	7	4.16657	4
7	--	0.832638	1.378515	6	4.99921	5
6	--	0.80727	1.416744	5	5.80648	6
5	--	0.696997	0.632495	6	6.43898	7
6	--	1.399298	1.470403	5	7.83828	8
5	--	0.627484	1.294254	4	8.46576	9
4	--	0.758579	0.683592	5	9.14935	10
5	--	1.279816	1.207412	6	10.35676	11
6	--	1.027022	1.776336	5	11.38378	12
5	--	1.504378	1.197466	6	12.58125	13
6	--	1.203743	0.79806	7	13.37931	14
7	--	1.338536	1.450164	6	14.71785	15
6	--	1.115866	1.675359	5	15.83372	16
5	--	0.845829	1.623972	4	16.67955	17
4	--	1.54407	1.537043	5	18.21659	18
5	--	0.680981	0.863295	4	18.89757	19
4	--	1.317068	0.802419	5	19.69999	20
5	--	1.155487	0.943762	6	20.64375	21
6	--	0.79549	0.986181	5	21.43924	22
5	--	0.780631	1.5004	4	22.21987	23
4	--	1.303532	0.838936	5	23.05881	24
5	--	1.12113	0.655161	6	23.71397	25
6	--	1.244754	0.738234	7	24.4522	26
7	--	1.228493	1.568504	6	25.68069	27
6	--	1.255275	0.994317	7	26.67501	28
7	--	1.354711	0.929639	8	27.60465	29
8	--	2.340251	1.674628	9	29.27928	30
9	--	1.955821	4.744465	8	31.2351	31
8	--	1.338397	2.138	7	32.5735	32
7	--	0.776503	0.760534	8	33.33403	33
8	--	1.703523	2.575256	7	35.03755	34
7	--	0.861809	1.437701	6	35.89936	35
6	--	1.40264	1.127517	7	37.02688	36
7	--	0.769086	0.809145	6	37.79597	37
6	--	0.659193	1.404045	5	38.45516	38
5	--	1.317921	1.245918	6	39.70108	39
6	--	1.362881	1.285043	7	40.98612	40
7	--	1.845268	1.410902	8	42.39702	41
8	--	1.478049	1.624072	7	43.87507	42
7	--	1.7473	1.811266	6	45.62237	43
6	--	1.704444	1.707419	5	47.32681	44
5	--	0.965127	0.671062	6	47.99787	45
6	--	0.701941	1.711571	5	48.69981	46
5	--	1.116586	1.643837	4	49.8164	47
4	--	1.230103	0.914751	5	50.73115	48
5	--	0.954109	1.210623	4	51.68526	49
4	--	0.71167	1.348519	3	52.39693	50
3	--	0.940545	1.207256	2	53.33747	51
2	--	1.941898	2.003765	1	55.27937	52
1	--	2.969638	4.279979	0	58.24901	53

test #63
5	--	1.504345	1.456152	6	1.45615	1
6	--	0.955654	1.003047	5	2.4118	2
5	--	1.038398	1.256203	4	3.4502	3
4	--	1.720458	1.218842	5	4.66904	4
5	--	0.663356	0.617839	6	5.28688	5
6	--	1.204435	1.269805	5	6.49131	6
5	--	1.331531	1.325451	6	7.81676	7
6	--	1.047712	1.360634	5	8.86447	8
5	--	1.557255	1.430206	6	10.29468	9
6	--	1.259192	0.953891	7	11.24857	10
7	--	1.818625	1.106182	8	12.35475	11
8	--	1.494879	1.269656	9	13.62441	12
9	--	4.560988	1.706878	10	15.33129	13

test #64
5	--	1.623708	1.261845	6	1.26185	1
6	--	1.647111	0.933546	7	2.1954	2
7	--	1.973046	1.239463	8	3.43486	3
8	--	2.025757	1.254652	9	4.68951	4
9	--	3.941394	1.83885	10	6.52836	5

test #65
5	--	1.465015	0.976719	6	0.97672	1
6	--	1.11809	1.656116	5	2.09481	2
5	--	0.6758	0.699327	4	2.77061	3
4	--	1.368701	0.686546	5	3.45716	4
5	--	0.931011	0.685208	6	4.14237	5
6	--	1.267233	0.772864	7	4.91523	6
7	--	0.764633	0.948057	6	5.67986	7
6	--	1.213013	0.823612	7	6.50347	8
7	--	1.051711	1.773648	6	7.55518	9
6	--	0.745734	1.073296	5	8.30091	10
5	--	1.012889	1.157716	4	9.3138	11
4	--	0.802727	0.783743	5	10.09754	12
5	--	0.647574	0.977836	4	10.74511	13
4	--	1.408052	1.358274	5	12.10338	14
5	--	1.591618	1.218139	6	13.32152	15
6	--	1.094194	1.027523	7	14.34904	16
7	--	0.854981	0.810115	8	15.15916	17
8	--	1.135408	1.325227	7	16.29457	18
7	--	1.140706	0.890658	8	17.18523	19
8	--	2.545132	1.643162	9	18.82839	20
9	--	4.56669	3.077671	10	21.90606	21

test #66
5	--	0.717823	1.655817	4	0.71782	1
4	--	0.698525	1.717029	3	1.41634	2
3	--	1.846909	0.876873	4	2.29321	3
4	--	1.055493	1.016059	5	3.30927	4
5	--	1.492269	0.623381	6	3.93265	5
6	--	1.21329	0.760995	7	4.69364	6
7	--	1.915896	1.463773	8	6.15741	7
8	--	2.500545	1.734858	9	7.89227	8
9	--	3.032225	4.740733	8	10.92449	9
8	--	2.2668	1.501406	9	12.4259	10
9	--	3.584192	3.501404	10	15.9273	11

test #67
5	--	1.28886	1.386136	4	1.28886	1
4	--	1.282107	1.109476	5	2.39834	2
5	--	0.785023	1.40375	4	3.18336	3
4	--	1.323916	0.913697	5	4.09706	4
5	--	0.798824	1.458059	4	4.89588	5
4	--	0.949495	0.928529	5	5.82441	6
5	--	0.759375	0.631512	6	6.45592	7
6	--	0.962977	1.614295	5	7.4189	8
5	--	1.159336	1.245287	4	8.57824	9
4	--	0.663907	0.655422	5	9.23366	10
5	--	0.980128	0.772212	6	10.00587	11
6	--	0.82697	1.051348	5	10.83284	12
5	--	1.460561	0.643808	6	11.47665	13
6	--	0.91893	1.644637	5	12.39558	14
5	--	0.939409	0.849181	6	13.24476	15
6	--	0.75866	1.395886	5	14.00342	16
5	--	0.967997	1.152991	4	14.97142	17
4	--	1.741927	1.36834	5	16.33976	18
5	--	1.003313	0.960462	6	17.30022	19
6	--	1.503953	1.097669	7	18.39789	20
7	--	1.253903	1.288931	6	19.65179	21
6	--	0.860338	0.797699	7	20.44949	22
7	--	1.065429	1.731828	6	21.51492	23
6	--	1.095889	1.033705	7	22.54863	24
7	--	0.773883	0.869583	6	23.32251	25
6	--	0.887984	0.744834	7	24.06734	26
7	--	1.446944	1.034499	8	25.10184	27
8	--	1.475312	1.967462	7	26.57715	28
7	--	0.738102	1.810758	6	27.31525	29
6	--	1.06154	1.51541	5	28.37679	30
5	--	1.507186	1.660021	4	29.88398	31
4	--	1.190788	1.388562	3	31.07477	32
3	--	0.937485	2.018821	2	32.01226	33
2	--	2.470496	1.358663	3	33.37092	34
3	--	1.819474	1.965811	2	35.19039	35
2	--	1.911466	1.895951	3	37.08634	36
3	--	1.304658	1.128247	4	38.21459	37
4	--	1.282382	1.689508	3	39.49697	38
3	--	1.334746	1.615386	2	40.83172	39
2	--	1.108108	2.092142	1	41.93983	40
1	--	3.132381	2.920838	2	44.86067	41
2	--	1.272041	2.636657	1	46.13271	42
1	--	3.809862	3.760745	2	49.89346	43
2	--	1.417647	0.988775	3	50.88223	44
3	--	1.572857	2.018663	2	52.45509	45
2	--	2.65257	0.99606	3	53.45115	46
3	--	1.525382	1.282282	4	54.73343	47
4	--	0.687847	1.091139	3	55.42128	48
3	--	1.473084	0.832765	4	56.25404	49
4	--	1.072565	1.070612	5	57.32465	50
5	--	1.466818	0.638178	6	57.96283	51
6	--	1.242467	0.948954	7	58.91178	52
7	--	1.991767	0.73004	8	59.64182	53
8	--	1.252971	1.433336	7	60.89479	54
7	--	1.009416	1.462779	6	61.90421	55
6	--	0.925296	1.0348	5	62.82951	56
5	--	1.210642	0.953314	6	63.78282	57
6	--	0.804906	1.383384	5	64.58773	58
5	--	0.724792	1.507132	4	65.31252	59
4	--	1.773582	0.726642	5	66.03916	60
5	--	0.845575	1.150517	4	66.88473	61
4	--	0.898097	1.768735	3	67.78283	62
3	--	1.27108	1.991894	2	69.05391	63
2	--	1.526557	1.050004	3	70.10391	64
3	--	0.822351	0.832408	2	70.92626	65
2	--	2.599259	1.492774	3	72.41903	66
3	--	1.076594	1.284207	2	73.49562	67
2	--	1.177576	1.964329	1	74.6732	68
1	--	3.61606	4.466146	0	78.28926	69

test #68
5	--	1.261664	0.637449	6	0.63745	1
6	--	1.509615	0.986178	7	1.62363	2
7	--	0.819553	1.604856	6	2.44318	3
6	--	0.879468	0.73646	7	3.17964	4
7	--	1.269757	0.790526	8	3.97017	5
8	--	1.36444	1.711208	7	5.33461	6
7	--	2.013592	1.507247	8	6.84186	7
8	--	1.57788	2.519439	7	8.41974	8
7	--	1.249445	1.21657	8	9.63631	9
8	--	1.141592	2.610323	7	10.7779	10
7	--	1.432772	1.419021	8	12.19692	11
8	--	1.189021	1.414724	7	13.38594	12
7	--	1.424548	1.193806	8	14.57975	13
8	--	2.123308	2.527483	7	16.70306	14
7	--	1.28796	1.952494	6	17.99102	15
6	--	1.119124	1.046561	7	19.03758	16
7	--	1.34448	1.393699	6	20.38206	17
6	--	0.850483	1.114639	5	21.23254	18
5	--	0.651914	0.855413	4	21.88445	19
4	--	1.410778	1.690255	3	23.29523	20
3	--	0.918174	0.885654	4	24.18088	21
4	--	0.956064	1.088484	3	25.13694	22
3	--	1.073655	1.67827	2	26.2106	23
2	--	1.884904	2.075081	1	28.0955	24
1	--	3.931347	2.978635	2	31.07414	25
2	--	1.957297	1.475509	3	32.54965	26
3	--	1.596845	1.299403	4	33.84905	27
4	--	1.39001	1.049622	5	34.89867	28
5	--	1.242865	0.650744	6	35.54941	29
6	--	1.051367	1.118788	5	36.60078	30
5	--	0.761111	0.898301	4	37.36189	31
4	--	1.196596	0.78141	5	38.1433	32
5	--	1.646821	0.845674	6	38.98897	33
6	--	1.74858	0.81091	7	39.79988	34
7	--	1.673409	1.597117	8	41.397	35
8	--	1.236574	1.911404	7	42.63357	36
7	--	1.919592	1.729882	8	44.36345	37
8	--	1.572998	1.862898	7	45.93645	38
7	--	1.483348	0.94988	8	46.88633	39
8	--	1.322722	1.523184	7	48.20905	40
7	--	1.436942	1.564402	6	49.64599	41
6	--	1.174575	1.557632	5	50.82056	42
5	--	0.672904	1.689147	4	51.49346	43
4	--	1.682428	0.835955	5	52.32942	44
5	--	0.6368	1.43523	4	52.96622	45
4	--	0.647724	0.914133	3	53.61394	46
3	--	1.527249	1.300092	4	54.91403	47
4	--	1.35876	1.393681	3	56.27279	48
3	--	0.814546	2.033818	2	57.08734	49
2	--	1.776929	1.659822	3	58.74716	50
3	--	1.412403	0.968557	4	59.71572	51
4	--	0.77796	0.836359	3	60.49368	52
3	--	1.560443	1.57208	2	62.05412	53
2	--	1.366114	1.536361	1	63.42023	54
1	--	4.494791	2.441782	2	65.86201	55
2	--	2.196041	2.486277	1	68.05805	56
1	--	2.673798	3.056543	0	70.73185	57

test #69
5	--	1.201261	0.670298	6	0.6703	1
6	--	0.737423	0.866347	5	1.40772	2
5	--	1.112098	0.781035	6	2.18876	3
6	--	0.993628	1.105648	5	3.18239	4
5	--	0.65293	1.097057	4	3.83532	5
4	--	1.014603	0.737963	5	4.57328	6
5	--	1.172551	1.152856	6	5.72614	7
6	--	1.050373	1.321697	5	6.77651	8
5	--	0.632774	1.297111	4	7.40928	9
4	--	1.597307	1.399232	5	8.80851	10
5	--	1.178662	0.888812	6	9.69732	11
6	--	1.173398	1.660059	5	10.87072	12
5	--	1.385398	0.854974	6	11.72569	13
6	--	0.931466	0.979323	5	12.65716	14
5	--	0.864687	1.095881	4	13.52185	15
4	--	1.575173	0.762271	5	14.28412	16
5	--	1.56125	1.533453	6	15.81757	17
6	--	1.016397	0.799273	7	16.61684	18
7	--	0.896259	0.728364	8	17.3452	19
8	--	1.213658	1.711318	7	18.55886	20
7	--	1.031669	1.212367	6	19.59053	21
6	--	0.711815	1.32052	5	20.30234	22
5	--	0.937531	1.551075	4	21.23987	23
4	--	1.099569	1.612652	3	22.33944	24
3	--	1.021139	1.406117	2	23.36058	25
2	--	1.562399	1.82223	1	24.92298	26
1	--	2.959123	4.232918	0	27.8821	27

test #70
5	--	1.280179	0.736508	6	0.73651	1
6	--	0.749045	0.698237	7	1.43475	2
7	--	0.771066	1.049574	6	2.20582	3
6	--	1.404174	1.146011	7	3.35183	4
7	--	1.118673	2.02144	6	4.4705	5
6	--	1.295018	1.59114	5	5.76552	6
5	--	0.969953	1.529047	4	6.73547	7
4	--	1.490446	1.310699	5	8.04617	8
5	--	1.253773	1.132812	6	9.17898	9
6	--	1.304647	1.039214	7	10.21819	10
7	--	1.780416	0.94456	8	11.16275	11
8	--	1.273598	1.936077	7	12.43635	12
7	--	1.066699	1.121562	6	13.50305	13
6	--	1.364785	0.743914	7	14.24696	14
7	--	0.939147	0.767435	8	15.01439	15
8	--	1.29338	1.361007	7	16.30777	16
7	--	0.958017	1.128734	6	17.26579	17
6	--	1.528034	1.307984	7	18.57377	18
7	--	1.055015	1.07447	6	19.62879	19
6	--	1.587692	1.503551	7	21.13234	20
7	--	1.738474	1.556658	8	22.689	21
8	--	1.091063	1.27021	7	23.78006	22
7	--	1.787856	1.989602	6	25.56792	23
6	--	1.308006	1.122826	7	26.69075	24
7	--	1.478315	1.083469	8	27.77422	25
8	--	1.389412	1.406437	7	29.16363	26
7	--	1.811649	1.370679	8	30.53431	27
8	--	1.700998	1.544256	9	32.07857	28
9	--	2.138291	2.396995	8	34.21686	29
8	--	1.640423	1.076411	9	35.29327	30
9	--	3.734737	1.748223	10	37.04149	31

test #71
5	--	0.634942	1.005559	4	0.63494	1
4	--	1.240847	0.696207	5	1.33115	2
5	--	0.703188	0.72958	4	2.03434	3
4	--	0.808642	1.399474	3	2.84298	4
3	--	0.787313	1.086825	2	3.63029	5
2	--	1.382512	1.265494	3	4.89578	6
3	--	1.840017	1.256705	4	6.15248	7
4	--	1.530759	1.312066	5	7.46455	8
5	--	0.912709	1.012478	4	8.37726	9
4	--	1.544365	1.279281	5	9.65654	10
5	--	0.721182	1.086481	4	10.37772	11
4	--	1.247301	0.883553	5	11.26127	12
5	--	1.225253	1.448215	4	12.48652	13
4	--	0.938144	0.772135	5	13.25866	14
5	--	1.108039	0.610395	6	13.86906	15
6	--	1.636471	1.740027	5	15.50553	16
5	--	1.209887	1.053888	6	16.55942	17
6	--	1.634728	0.887372	7	17.44679	18
7	--	0.743349	1.323222	6	18.19014	19
6	--	1.027339	0.845665	7	19.03581	20
7	--	1.782797	1.19825	8	20.23406	21
8	--	2.530226	2.358824	9	22.59288	22
9	--	4.369225	3.57932	10	26.1722	23

test #72
5	--	1.652973	1.432623	6	1.43262	1
6	--	0.639723	1.412269	5	2.07234	2
5	--	0.667173	0.938773	4	2.73951	3
4	--	1.215096	1.446818	3	3.95461	4
3	--	1.766632	1.621737	4	5.57635	5
4	--	0.763564	1.550107	3	6.33991	6
3	--	1.297761	1.354858	2	7.63767	7
2	--	0.970344	1.669507	1	8.60801	8
1	--	2.918919	2.050503	2	10.65851	9
2	--	2.175603	1.962857	3	12.62137	10
3	--	1.495438	1.00306	4	13.62443	11
4	--	1.064265	1.592691	3	14.6887	12
3	--	0.936815	1.25092	2	15.62551	13
2	--	1.207053	1.873912	1	16.83256	14
1	--	2.633552	2.244012	2	19.07657	15
2	--	1.608555	1.303428	3	20.38	16
3	--	1.770246	2.018835	2	22.15025	17
2	--	1.028758	1.592719	1	23.17901	18
1	--	2.722636	4.417389	0	25.90165	19

test #73
5	--	1.095188	1.638949	4	1.09519	1
4	--	1.77416	1.146472	5	2.24166	2
5	--	1.071121	1.705709	4	3.31278	3
4	--	1.093212	0.982622	5	4.2954	4
5	--	1.031659	1.173922	4	5.32706	5
4	--	0.882503	0.989695	3	6.20956	6
3	--	1.995731	0.923274	4	7.13283	7
4	--	1.050098	0.736297	5	7.86913	8
5	--	1.234114	0.937786	6	8.80692	9
6	--	0.637789	0.653549	5	9.44471	10
5	--	1.007154	0.913388	6	10.3581	11
6	--	1.299356	1.341901	5	11.65746	12
5	--	1.114006	0.921248	6	12.57871	13
6	--	1.131814	0.901456	7	13.48017	14
7	--	1.645774	1.921754	6	15.12594	15
6	--	0.901572	1.509459	5	16.02751	16
5	--	0.88399	1.059278	4	16.9115	17
4	--	1.225906	0.85854	5	17.77004	18
5	--	1.014232	0.873903	6	18.64394	19
6	--	0.90745	0.786688	7	19.43063	20
7	--	1.37162	1.513593	6	20.80225	21
6	--	1.147385	1.299878	5	21.94964	22
5	--	0.616267	0.853929	4	22.56591	23
4	--	0.731943	1.19084	3	23.29785	24
3	--	0.944686	1.452506	2	24.24254	25
2	--	2.55993	2.3712	3	26.61374	26
3	--	1.621551	0.792753	4	27.40649	27
4	--	1.598197	1.241986	5	28.64848	28
5	--	1.025535	1.177205	4	29.67402	29
4	--	1.080785	1.673372	3	30.75481	30
3	--	1.53506	0.900192	4	31.655	31
4	--	1.594119	0.842722	5	32.49772	32
5	--	1.516561	1.446347	6	33.94407	33
6	--	1.118621	1.580859	5	35.06269	34
5	--	0.714413	1.383498	4	35.7771	35
4	--	1.032634	0.881522	5	36.65862	36
5	--	1.358041	1.095036	6	37.75366	37
6	--	1.266606	0.822381	7	38.57604	38
7	--	1.475245	1.250412	8	39.82645	39
8	--	1.049164	2.392987	7	40.87561	40
7	--	0.81504	1.467996	6	41.69065	41
6	--	1.271086	0.902247	7	42.5929	42
7	--	1.213379	1.210493	8	43.80339	43
8	--	1.045755	2.097799	7	44.84914	44
7	--	1.324275	1.214949	8	46.06409	45
8	--	2.641857	2.211568	9	48.27566	46
9	--	2.236634	2.282428	8	50.51229	47
8	--	1.419863	1.05093	9	51.56322	48
9	--	3.593544	4.304776	8	55.15676	49
8	--	1.880633	1.700415	9	56.85718	50
9	--	3.943926	3.02978	10	59.88696	51

test #74
5	--	0.8799	1.075475	4	0.8799	1
4	--	1.479669	1.573921	3	2.35957	2
3	--	0.731513	0.892765	2	3.09108	3
2	--	1.207091	2.146615	1	4.29817	4
1	--	2.573397	2.505859	2	6.80403	5
2	--	1.611663	1.740021	1	8.41569	6
1	--	4.2326	4.438299	0	12.64829	7

test #75
5	--	0.902914	1.70561	4	0.90291	1
4	--	1.026792	1.393646	3	1.9297	2
3	--	1.284809	1.275678	4	3.20538	3
4	--	1.278731	0.86777	5	4.07315	4
5	--	1.504129	0.801597	6	4.87475	5
6	--	1.11784	0.635762	7	5.51051	6
7	--	1.200271	1.697518	6	6.71078	7
6	--	0.9306	0.746569	7	7.45735	8
7	--	1.5841	1.196378	8	8.65373	9
8	--	1.371558	2.57297	7	10.02529	10
7	--	1.303063	0.767952	8	10.79324	11
8	--	1.670563	1.611359	9	12.4046	12
9	--	3.59504	2.743076	10	15.14768	13

test #76
5	--	1.005796	1.358871	4	1.0058	1
4	--	1.277432	1.367252	3	2.28323	2
3	--	1.56245	1.714791	2	3.84568	3
2	--	2.536716	2.629878	1	6.3824	4
1	--	3.217313	3.152366	2	9.53477	5
2	--	1.37063	2.589651	1	10.9054	6
1	--	3.591511	2.168082	2	13.07348	7
2	--	1.377177	1.426493	1	14.45066	8
1	--	3.353968	3.598628	0	17.80463	9

test #77
5	--	1.39703	0.709498	6	0.7095	1
6	--	1.288535	1.047107	7	1.75661	2
7	--	1.209594	0.763312	8	2.51992	3
8	--	1.567971	1.781325	7	4.08789	4
7	--	1.13287	1.11737	8	5.20526	5
8	--	1.934927	1.5756	9	6.78086	6
9	--	4.255516	4.088425	10	10.86928	7

test #78
5	--	0.850734	1.170352	4	0.85073	1
4	--	0.943022	1.605793	3	1.79375	2
3	--	0.902449	0.811501	4	2.60525	3
4	--	1.284327	1.231795	5	3.83704	4
5	--	1.388433	1.083698	6	4.92074	5
6	--	1.702495	1.022863	7	5.9436	6
7	--	0.851213	1.242626	6	6.79481	7
6	--	1.32538	0.814792	7	7.6096	8
7	--	0.884341	0.925897	6	8.49394	9
6	--	1.254597	1.241374	7	9.73531	10
7	--	1.661905	0.768239	8	10.50355	11
8	--	1.038213	2.194379	7	11.54176	12
7	--	1.277968	0.845278	8	12.38704	13
8	--	1.314108	2.395528	7	13.70115	14
7	--	1.441104	1.01857	8	14.71972	15
8	--	1.758839	1.454995	9	16.17472	16
9	--	1.827254	2.21922	8	18.00197	17
8	--	2.194968	1.386581	9	19.38855	18
9	--	2.167582	2.704075	8	21.55613	19
8	--	1.581081	2.102166	7	23.13721	20
7	--	2.014931	1.090827	8	24.22804	21
8	--	2.030452	2.647355	7	26.25849	22
7	--	1.106598	1.442212	6	27.36509	23
6	--	0.97319	1.297093	5	28.33828	24
5	--	1.297079	1.389541	4	29.63536	25
4	--	1.08301	0.904003	5	30.53936	26
5	--	1.364671	1.22935	6	31.76871	27
6	--	1.435864	0.722345	7	32.49106	28
7	--	1.261741	1.007848	8	33.49891	29
8	--	2.614159	2.55845	9	36.05736	30
9	--	2.279959	3.390759	8	38.33732	31
8	--	1.58651	1.323594	9	39.66091	32
9	--	1.987411	1.808655	10	41.46956	33

test #79
5	--	1.53693	1.167198	6	1.1672	1
6	--	1.645091	0.996283	7	2.16348	2
7	--	1.984661	1.6006	8	3.76408	3
8	--	2.199742	1.487712	9	5.25179	4
9	--	2.244042	3.867805	8	7.49583	5
8	--	1.039181	2.00881	7	8.53501	6
7	--	0.751539	0.739099	8	9.27411	7
8	--	1.781119	2.202987	7	11.05523	8
7	--	0.949288	1.065925	6	12.00452	9
6	--	0.751939	0.978466	5	12.75646	10
5	--	1.562046	1.389537	6	14.146	11
6	--	1.133955	1.132562	7	15.27856	12
7	--	1.413048	0.734335	8	16.01289	13
8	--	2.358351	1.209652	9	17.22254	14
9	--	4.350341	2.792592	10	20.01513	15

test #80
5	--	1.040004	0.893837	6	0.89384	1
6	--	1.252815	0.684455	7	1.5783	2
7	--	1.915284	1.587135	8	3.16543	3
8	--	0.993489	1.500194	7	4.15892	4
7	--	1.590975	1.967048	6	5.7499	5
6	--	1.246704	0.8865	7	6.6364	6
7	--	0.806882	1.865877	6	7.44328	7
6	--	1.746692	0.653755	7	8.09703	8
7	--	1.915123	0.795827	8	8.89286	9
8	--	2.325777	2.53174	7	11.21864	10
7	--	1.014165	1.147254	6	12.2328	11
6	--	0.682793	1.178856	5	12.91559	12
5	--	0.62844	0.649689	4	13.54403	13
4	--	0.737534	0.788893	3	14.28156	14
3	--	1.306876	0.985946	4	15.26751	15
4	--	0.856051	0.72946	5	15.99697	16
5	--	1.329069	1.242598	6	17.23957	17
6	--	0.956714	1.69419	5	18.19628	18
5	--	0.926709	1.112629	4	19.12299	19
4	--	1.464784	0.867641	5	19.99063	20
5	--	1.33825	1.04361	6	21.03424	21
6	--	0.837756	1.054591	5	21.872	22
5	--	1.254796	1.342337	4	23.1268	23
4	--	1.447178	1.603194	3	24.57398	24
3	--	1.972068	0.926179	4	25.50016	25
4	--	1.326219	1.229772	5	26.72993	26
5	--	0.680898	1.276711	4	27.41083	27
4	--	1.028776	1.445445	3	28.43961	28
3	--	2.01992	0.91373	4	29.35334	29
4	--	0.99857	1.196399	3	30.35191	30
3	--	1.75789	0.971086	4	31.323	31
4	--	1.506544	0.913252	5	32.23625	32
5	--	1.374538	1.247112	6	33.48336	33
6	--	0.803184	1.728708	5	34.28654	34
5	--	1.327239	0.923301	6	35.20984	35
6	--	1.710151	0.813903	7	36.02374	36
7	--	1.644899	1.542768	8	37.56651	37
8	--	1.469278	2.101365	7	39.03579	38
7	--	0.980321	1.814423	6	40.01611	39
6	--	0.758564	0.702746	7	40.71886	40
7	--	1.193108	1.674375	6	41.91197	41
6	--	0.831196	1.085351	5	42.74317	42
5	--	1.393326	1.398486	4	44.1365	43
4	--	1.487588	1.556804	3	45.62409	44
3	--	1.537064	1.144138	4	46.76823	45
4	--	0.790426	0.898691	3	47.55866	46
3	--	1.718813	1.523575	4	49.08223	47
4	--	0.738787	0.767784	3	49.82102	48
3	--	0.797993	0.73501	4	50.55603	49
4	--	0.917032	0.880536	5	51.43657	50
5	--	0.854255	1.276057	4	52.29082	51
4	--	0.869541	1.49023	3	53.16036	52
3	--	1.115683	1.197679	2	54.27604	53
2	--	1.703109	1.082985	3	55.35903	54
3	--	0.803026	1.066567	2	56.16206	55
2	--	2.096296	2.344744	1	58.25836	56
1	--	2.501367	2.3121	2	60.57046	57
2	--	1.628322	1.300165	3	61.87063	58
3	--	1.662581	1.496446	4	63.36708	59
4	--	1.30458	0.964072	5	64.33115	60
5	--	1.191482	0.964636	6	65.29579	61
6	--	0.749911	1.383571	5	66.0457	62
5	--	0.787692	1.006527	4	66.83339	63
4	--	1.769097	1.524546	5	68.35794	64
5	--	1.454023	1.49067	4	69.81196	65
4	--	0.862235	1.123673	3	70.67419	66
3	--	1.715407	1.165083	4	71.83927	67
4	--	1.17707	1.499792	3	73.01634	68
3	--	1.336279	1.039849	4	74.05619	69
4	--	1.325076	0.882073	5	74.93826	70
5	--	1.026847	0.863123	6	75.80138	71
6	--	1.590498	0.838354	7	76.63973	72
7	--	1.050685	1.029541	8	77.66927	73
8	--	1.849198	2.03321	7	79.51847	74
7	--	2.030187	1.499758	8	81.01823	75
8	--	1.769221	1.621266	9	82.6395	76
9	--	2.068802	2.90196	8	84.7083	77
8	--	1.144012	2.211776	7	85.85231	78
7	--	0.9022	1.241601	6	86.75451	79
6	--	1.559689	0.671552	7	87.42606	80
7	--	1.501867	1.3692	8	88.79526	81
8	--	1.483093	2.331191	7	90.27835	82
7	--	0.898605	1.147653	6	91.17695	83
6	--	0.679728	1.229666	5	91.85668	84
5	--	0.950362	0.768645	6	92.62533	85
6	--	1.706326	0.743678	7	93.36901	86
7	--	1.455121	0.826737	8	94.19575	87
8	--	1.483792	1.020975	9	95.21672	88
9	--	4.130841	4.249026	8	99.34756	89
8	--	1.112965	2.314722	7	100.46052	90
7	--	1.746794	1.082566	8	101.54309	91
8	--	1.690098	1.434927	9	102.97802	92
9	--	2.725868	2.160644	10	105.13866	93

test #81
5	--	0.965799	0.681518	6	0.68152	1
6	--	1.351144	0.941853	7	1.62337	2
7	--	1.205688	1.761341	6	2.82906	3
6	--	1.118898	0.967748	7	3.79681	4
7	--	1.344369	1.896037	6	5.14118	5
6	--	0.838039	1.24252	5	5.97922	6
5	--	1.120142	0.951628	6	6.93085	7
6	--	1.183449	1.185085	5	8.1143	8
5	--	0.753275	0.940021	4	8.86758	9
4	--	0.779553	1.094	3	9.64713	10
3	--	1.020519	1.674947	2	10.66765	11
2	--	1.00384	1.035731	1	11.67149	12
1	--	2.218414	3.058847	0	13.8899	13

test #82
5	--	0.713789	1.654732	4	0.71379	1
4	--	0.901399	1.251146	3	1.61519	2
3	--	1.081777	1.719048	2	2.69697	3
2	--	2.220937	1.776176	3	4.47315	4
3	--	0.75515	0.756368	2	5.2283	5
2	--	2.169801	2.123171	3	7.35147	6
3	--	1.177186	1.920185	2	8.52866	7
2	--	1.169362	2.260087	1	9.69802	8
1	--	4.705817	3.069367	2	12.76739	9
2	--	1.524814	2.175368	1	14.2922	10
1	--	2.802567	2.674781	2	16.96698	11
2	--	1.717326	1.509456	3	18.47644	12
3	--	1.40324	0.771972	4	19.24841	13
4	--	1.527128	1.707755	3	20.77554	14
3	--	1.852559	1.694502	4	22.47004	15
4	--	0.979547	1.004725	3	23.44959	16
3	--	1.542149	0.915379	4	24.36497	17
4	--	0.787151	0.676262	5	25.04123	18
5	--	0.883972	0.797979	6	25.83921	19
6	--	1.751016	1.089042	7	26.92825	20
7	--	1.327314	0.786218	8	27.71447	21
8	--	1.590952	2.393223	7	29.30542	22
7	--	0.840426	1.116978	6	30.14585	23
6	--	1.102547	0.681274	7	30.82712	24
7	--	1.982268	1.288587	8	32.11571	25
8	--	1.406999	1.847997	7	33.52271	26
7	--	1.361832	1.333044	8	34.85575	27
8	--	2.00789	2.474641	7	36.86364	28
7	--	1.580053	1.096744	8	37.96038	29
8	--	1.573834	1.609555	7	39.53421	30
7	--	1.317603	1.59996	6	40.85181	31
6	--	0.976589	0.907577	7	41.75939	32
7	--	1.127563	1.534271	6	42.88695	33
6	--	0.708256	1.397296	5	43.59521	34
5	--	1.456841	0.92823	6	44.52344	35
6	--	1.697069	1.687179	7	46.21062	36
7	--	1.638259	1.911255	6	47.84888	37
6	--	1.497775	1.205949	7	49.05483	38
7	--	0.779285	0.773358	8	49.82819	39
8	--	0.994525	1.276088	7	50.82271	40
7	--	0.935821	1.197903	6	51.75853	41
6	--	1.605629	1.123177	7	52.88171	42
7	--	1.974737	0.871352	8	53.75306	43
8	--	2.607752	2.000785	9	55.75385	44
9	--	2.456561	2.415623	10	58.16947	45

test #83
5	--	1.41411	1.23211	6	1.23211	1
6	--	1.624198	1.301388	7	2.5335	2
7	--	1.634147	1.31906	8	3.85256	3
8	--	2.660835	1.179115	9	5.03167	4
9	--	3.492777	4.030692	8	8.52445	5
8	--	2.013527	1.007156	9	9.53161	6
9	--	3.161808	3.111503	10	12.64311	7

test #84
5	--	1.204831	1.313085	4	1.20483	1
4	--	1.350206	1.493017	3	2.55504	2
3	--	1.269631	0.730437	4	3.28548	3
4	--	0.906916	0.779679	5	4.06516	4
5	--	1.591881	1.016775	6	5.08193	5
6	--	0.948443	0.937867	7	6.0198	6
7	--	1.59822	1.103926	8	7.12373	7
8	--	1.683199	2.256747	7	8.80693	8
7	--	0.89445	0.9907	6	9.70138	9
6	--	1.163205	1.778269	5	10.86459	10
5	--	0.632643	1.456924	4	11.49723	11
4	--	1.361066	1.744856	3	12.8583	12
3	--	1.042756	1.601866	2	13.90106	13
2	--	1.535917	1.590935	1	15.43698	14
1	--	2.913221	2.545874	2	17.98285	15
2	--	2.301555	1.14945	3	19.1323	16
3	--	2.013037	1.366338	4	20.49864	17
4	--	0.779787	0.991051	3	21.27843	18
3	--	1.433424	1.146033	4	22.42446	19
4	--	1.744282	0.799223	5	23.22368	20
5	--	1.387544	0.774951	6	23.99863	21
6	--	1.338835	0.998314	7	24.99694	22
7	--	1.561707	0.905639	8	25.90258	23
8	--	1.248616	1.722174	7	27.1512	24
7	--	1.003932	0.866396	8	28.0176	25
8	--	1.606505	0.989964	9	29.00756	26
9	--	3.976546	3.017594	10	32.02515	27

test #85
5	--	0.9985	0.714716	6	0.71472	1
6	--	1.287673	1.53486	5	2.00239	2
5	--	1.374558	1.340007	6	3.3424	3
6	--	0.791388	0.669069	7	4.01147	4
7	--	0.964801	1.571789	6	4.97627	5
6	--	0.811213	1.743762	5	5.78748	6
5	--	0.771678	1.64675	4	6.55916	7
4	--	1.370144	1.080586	5	7.63975	8
5	--	1.528617	0.799223	6	8.43897	9
6	--	0.715203	0.800332	5	9.15417	10
5	--	1.447079	1.131466	6	10.28564	11
6	--	1.678385	1.155527	7	11.44117	12
7	--	1.460071	1.663687	6	12.90124	13
6	--	0.783567	0.824488	5	13.68481	14
5	--	1.193809	0.795125	6	14.47993	15
6	--	1.018067	0.720257	7	15.20019	16
7	--	1.907711	0.852014	8	16.0522	17
8	--	1.600493	1.025735	9	17.07794	18
9	--	2.008084	2.764497	8	19.08602	19
8	--	1.540304	1.34729	9	20.43331	20
9	--	3.107798	4.410514	8	23.54111	21
8	--	1.4197	1.134158	9	24.67527	22
9	--	2.045112	3.247573	8	26.72038	23
8	--	1.459399	2.645192	7	28.17978	24
7	--	1.854811	1.239982	8	29.41976	25
8	--	2.145475	1.413659	9	30.83342	26
9	--	3.066299	2.590589	10	33.42401	27

test #86
5	--	0.623638	0.694009	4	0.62364	1
4	--	1.211071	0.752258	5	1.3759	2
5	--	0.727283	1.295411	4	2.10318	3
4	--	0.683865	0.973299	3	2.78704	4
3	--	1.183919	1.285518	2	3.97096	5
2	--	1.150961	2.219293	1	5.12192	6
1	--	1.950874	3.755008	0	7.07279	7

test #87
5	--	0.734869	1.285512	4	0.73487	1
4	--	1.184005	1.599308	3	1.91887	2
3	--	1.16373	1.612767	2	3.0826	3
2	--	1.672139	1.723609	1	4.75474	4
1	--	3.091771	3.028065	2	7.7828	5
2	--	1.624187	1.931336	1	9.40699	6
1	--	4.550832	2.572899	2	11.97989	7
2	--	1.728859	1.639154	3	13.61904	8
3	--	0.890387	1.948134	2	14.50943	9
2	--	1.40083	1.671628	1	15.91026	10
1	--	3.182596	2.20835	2	18.11861	11
2	--	1.927898	1.770733	3	19.88934	12
3	--	1.033446	1.854505	2	20.92279	13
2	--	1.131884	1.110801	3	22.03359	14
3	--	1.304421	0.830187	4	22.86378	15
4	--	1.000197	0.847442	5	23.71122	16
5	--	1.075391	1.095455	4	24.78661	17
4	--	1.179829	1.592424	3	25.96644	18
3	--	1.080706	0.824274	4	26.79071	19
4	--	0.754769	1.454576	3	27.54548	20
3	--	1.680906	1.487839	4	29.03332	21
4	--	1.113041	1.419123	3	30.14636	22
3	--	1.829948	1.171832	4	31.31819	23
4	--	0.869256	0.822047	5	32.14024	24
5	--	0.848135	0.95282	4	32.98837	25
4	--	0.793777	1.418988	3	33.78215	26
3	--	1.438061	1.485738	2	35.22021	27
2	--	2.60374	1.62808	3	36.84829	28
3	--	1.364085	1.08202	4	37.93031	29
4	--	1.029444	0.890874	5	38.82118	30
5	--	0.9814	1.180099	4	39.80258	31
4	--	1.360293	1.77808	3	41.16287	32
3	--	1.744448	1.295311	4	42.45818	33
4	--	1.016314	0.734082	5	43.19226	34
5	--	1.068026	0.869563	6	44.06182	35
6	--	1.704694	0.714406	7	44.77623	36
7	--	1.251064	1.433376	6	46.02729	37
6	--	0.849031	0.790069	7	46.81736	38
7	--	1.663833	0.901776	8	47.71914	39
8	--	1.118345	1.040713	9	48.75985	40
9	--	3.146391	2.910775	10	51.67063	41

test #88
5	--	1.533318	0.66635	6	0.66635	1
6	--	0.690548	1.222561	5	1.3569	2
5	--	1.250451	1.152192	6	2.50909	3
6	--	0.780405	1.17764	5	3.2895	4
5	--	1.509434	1.351901	6	4.6414	5
6	--	1.135895	1.010241	7	5.65164	6
7	--	0.830978	1.068521	6	6.48262	7
6	--	0.929213	0.9977	5	7.41183	8
5	--	0.776715	0.967899	4	8.18855	9
4	--	1.340979	1.655247	3	9.52953	10
3	--	1.026574	1.893697	2	10.5561	11
2	--	1.588561	2.337544	1	12.14466	12
1	--	4.726963	2.334029	2	14.47869	13
2	--	2.605122	1.233087	3	15.71178	14
3	--	1.48854	1.236479	4	16.94826	15
4	--	1.300722	1.434843	3	18.24898	16
3	--	1.336895	2.002578	2	19.58587	17
2	--	2.077937	1.361254	3	20.94712	18
3	--	1.049458	1.488371	2	21.99658	19
2	--	1.277794	2.401942	1	23.27437	20
1	--	4.344944	2.381062	2	25.65543	21
2	--	1.688817	1.523851	3	27.17928	22
3	--	0.97516	1.60822	2	28.15444	23
2	--	1.32339	1.612551	1	29.47783	24
1	--	4.519066	3.510454	2	32.98828	25
2	--	1.704214	1.939528	1	34.69249	26
1	--	4.645035	4.317606	2	39.0101	27
2	--	1.576026	1.441926	3	40.45203	28
3	--	1.132026	1.796256	2	41.58406	29
2	--	2.45637	0.970691	3	42.55475	30
3	--	1.615294	0.908366	4	43.46312	31
4	--	1.283337	0.938782	5	44.4019	32
5	--	1.182849	0.964004	6	45.3659	33
6	--	1.670265	0.85569	7	46.22159	34
7	--	1.34973	1.380727	6	47.57132	35
6	--	1.55385	1.699099	5	49.12517	36
5	--	0.761127	0.688441	6	49.81361	37
6	--	1.244001	1.766301	5	51.05761	38
5	--	1.107679	1.431574	4	52.16529	39
4	--	0.918799	1.181101	3	53.08409	40
3	--	0.81509	0.81076	4	53.89485	41
4	--	1.028321	1.491455	3	54.92317	42
3	--	1.10215	1.393293	2	56.02532	43
2	--	1.53507	1.916752	1	57.56039	44
1	--	3.828408	1.799212	2	59.3596	45
2	--	1.194356	2.184714	1	60.55396	46
1	--	2.745298	2.809849	0	63.29926	47

test #89
5	--	1.041102	1.455454	4	1.0411	1
4	--	1.524919	0.841802	5	1.8829	2
5	--	0.937809	0.974509	4	2.82071	3
4	--	1.344972	1.064993	5	3.8857	4
5	--	1.253806	0.618725	6	4.50442	5
6	--	0.660182	0.656446	7	5.16087	6
7	--	1.697562	1.772351	6	6.85843	7
6	--	1.474923	0.998089	7	7.85652	8
7	--	0.989749	1.408774	6	8.84627	9
6	--	1.113052	1.56085	5	9.95932	10
5	--	0.843375	1.390575	4	10.80269	11
4	--	1.597477	1.100178	5	11.90287	12
5	--	0.989391	0.747138	6	12.65001	13
6	--	1.617647	1.005883	7	13.65589	14
7	--	1.515501	1.7369	6	15.17139	15
6	--	1.276504	0.793685	7	15.96507	16
7	--	1.625952	1.42702	8	17.39209	17
8	--	1.68344	2.163083	7	19.07553	18
7	--	1.672329	1.210135	8	20.28566	19
8	--	2.002251	1.253963	9	21.53962	20
9	--	3.353204	4.555537	8	24.89282	21
8	--	2.280099	2.077828	9	26.97065	22
9	--	2.584639	3.421673	8	29.55529	23
8	--	1.690049	1.905449	7	31.24534	24
7	--	0.805867	1.844298	6	32.05121	25
6	--	1.77983	1.424989	7	33.4762	26
7	--	1.181862	0.75476	8	34.23096	27
8	--	2.560334	2.404008	9	36.63497	28
9	--	4.071222	2.695408	10	39.33038	29

test #90
5	--	0.902598	0.710381	6	0.71038	1
6	--	0.846328	1.229386	5	1.55671	2
5	--	0.711358	0.919891	4	2.26807	3
4	--	0.798925	1.559947	3	3.06699	4
3	--	1.722399	1.976926	2	4.78939	5
2	--	1.615074	1.533459	3	6.32285	6
3	--	1.284571	1.421132	2	7.60742	7
2	--	1.581513	0.9957	3	8.60312	8
3	--	0.970044	0.811545	4	9.41466	9
4	--	1.26497	1.449682	3	10.67963	10
3	--	1.5066	1.171497	4	11.85113	11
4	--	1.016143	0.689644	5	12.54077	12
5	--	1.134302	1.541802	4	13.67507	13
4	--	1.669751	0.98755	5	14.66262	14
5	--	1.089375	1.12569	4	15.75199	15
4	--	0.680818	1.224284	3	16.43281	16
3	--	1.85473	1.632434	4	18.06524	17
4	--	0.686666	0.833979	3	18.75191	18
3	--	1.899228	1.043366	4	19.79528	19
4	--	0.824762	1.591607	3	20.62004	20
3	--	0.876684	0.99103	2	21.49672	21
2	--	1.183241	2.593146	1	22.67996	22
1	--	3.68829	4.105506	0	26.36825	23

test #91
5	--	1.22603	0.925738	6	0.92574	1
6	--	1.381236	1.360434	7	2.28617	2
7	--	1.186936	0.946528	8	3.2327	3
8	--	2.170338	1.421772	9	4.65447	4
9	--	4.360867	4.612664	8	9.01534	5
8	--	1.341253	1.045501	9	10.06084	6
9	--	2.113129	3.595633	8	12.17397	7
8	--	1.689464	1.038963	9	13.21293	8
9	--	4.142365	3.352576	10	16.56551	9

test #92
5	--	1.54326	0.658261	6	0.65826	1
6	--	1.578851	1.135259	7	1.79352	2
7	--	1.41332	0.927923	8	2.72144	3
8	--	1.63134	2.358136	7	4.35278	4
7	--	0.949916	1.23693	6	5.3027	5
6	--	1.293647	0.730678	7	6.03338	6
7	--	1.757331	0.778252	8	6.81163	7
8	--	1.128065	1.637785	7	7.9397	8
7	--	1.327978	0.901691	8	8.84139	9
8	--	1.423813	2.197061	7	10.2652	10
7	--	1.185806	1.548907	6	11.45101	11
6	--	1.037248	1.553385	5	12.48826	12
5	--	0.934261	1.003754	4	13.42252	13
4	--	0.891823	1.399358	3	14.31434	14
3	--	1.231932	0.837752	4	15.15209	15
4	--	1.360802	0.972746	5	16.12484	16
5	--	1.116618	1.020375	6	17.14522	17
6	--	0.681192	1.447399	5	17.82641	18
5	--	0.695808	0.775302	4	18.52222	19
4	--	0.968094	1.07158	3	19.49031	20
3	--	0.915209	1.309952	2	20.40552	21
2	--	2.169506	1.118248	3	21.52377	22
3	--	1.146548	1.268548	2	22.67032	23
2	--	1.750377	2.470898	1	24.4207	24
1	--	3.87698	2.967479	2	27.38818	25
2	--	2.019473	1.978731	3	29.36691	26
3	--	0.865935	1.124541	2	30.23285	27
2	--	2.119701	1.908769	3	32.14162	28
3	--	1.754014	1.478208	4	33.61983	29
4	--	1.714799	0.850293	5	34.47012	30
5	--	0.883522	1.373025	4	35.35364	31
4	--	0.819494	1.12624	3	36.17313	32
3	--	1.704726	1.127922	4	37.30105	33
4	--	0.650605	1.559201	3	37.95165	34
3	--	1.479517	1.301873	4	39.25352	35
4	--	1.139693	1.542579	3	40.39321	36
3	--	0.912932	1.053325	2	41.30614	37
2	--	2.266888	1.942324	3	43.24846	38
3	--	1.017164	1.491455	2	44.26562	39
2	--	2.393725	1.742746	3	46.00837	40
3	--	1.177866	1.158808	4	47.16718	41
4	--	1.089692	1.382738	3	48.25687	42
3	--	1.045586	1.567267	2	49.30246	43
2	--	2.6006	1.702891	3	51.00535	44
3	--	1.200713	0.873009	4	51.87836	45
4	--	1.142333	0.847286	5	52.72565	46
5	--	1.269576	1.093155	6	53.81881	47
6	--	1.371071	1.359605	7	55.17841	48
7	--	1.274334	1.799774	6	56.45274	49
6	--	1.122656	0.879639	7	57.33238	50
7	--	0.805865	0.845887	6	58.13825	51
6	--	1.603742	1.311371	7	59.44962	52
7	--	1.722948	1.777655	6	61.17257	53
6	--	1.512952	1.420715	7	62.59328	54
7	--	1.034994	1.042781	6	63.62827	55
6	--	1.2822	1.192174	7	64.82044	56
7	--	1.485427	0.874472	8	65.69491	57
8	--	2.090139	2.055882	9	67.75079	58
9	--	2.140543	2.641337	8	69.89133	59
8	--	1.296509	2.086561	7	71.18784	60
7	--	1.064865	1.749419	6	72.2527	61
6	--	0.714972	0.944997	5	72.96767	62
5	--	0.966926	0.791908	6	73.75958	63
6	--	1.271715	0.951192	7	74.71077	64
7	--	1.145957	1.625396	6	75.85673	65
6	--	1.144498	0.765698	7	76.62243	66
7	--	0.827392	0.977594	6	77.44982	67
6	--	1.524533	1.220297	7	78.67012	68
7	--	1.486191	1.671699	6	80.15631	69
6	--	1.739533	0.936515	7	81.09282	70
7	--	1.75756	0.806777	8	81.8996	71
8	--	1.821894	1.064553	9	82.96415	72
9	--	2.675317	2.92644	8	85.63947	73
8	--	1.233952	1.356115	7	86.87342	74
7	--	1.471564	0.799157	8	87.67258	75
8	--	1.934927	1.809168	9	89.48175	76
9	--	4.167935	4.205019	8	93.64968	77
8	--	1.22661	2.000036	7	94.87629	78
7	--	1.678596	1.598284	8	96.47457	79
8	--	1.70198	2.446423	7	98.17655	80
7	--	1.684335	2.033415	6	99.86088	81
6	--	0.860011	1.440446	5	100.72089	82
5	--	0.64625	0.871294	4	101.36714	83
4	--	0.899083	0.971545	3	102.26622	84
3	--	1.643116	0.885384	4	103.1516	85
4	--	0.881455	1.228513	3	104.03305	86
3	--	0.959296	1.413992	2	104.99235	87
2	--	1.799736	2.373936	1	106.79209	88
1	--	4.042969	4.532102	0	110.83506	89

test #93
5	--	0.852724	1.395918	4	0.85272	1
4	--	0.917419	0.919602	3	1.77014	2
3	--	1.377439	1.391244	2	3.14758	3
2	--	1.068109	1.130484	1	4.21569	4
1	--	1.894438	1.724755	2	5.94045	5
2	--	2.415285	1.559446	3	7.4999	6
3	--	1.294527	1.188124	4	8.68802	7
4	--	0.863676	1.088281	3	9.5517	8
3	--	1.839848	0.795468	4	10.34717	9
4	--	1.16049	0.677939	5	11.02511	10
5	--	1.361069	0.911568	6	11.93668	11
6	--	1.686177	0.908739	7	12.84542	12
7	--	0.935674	0.841001	8	13.68642	13
8	--	2.378865	1.186862	9	14.87328	14
9	--	2.882525	3.471921	8	17.7558	15
8	--	1.969375	2.368992	7	19.72518	16
7	--	0.908581	1.579287	6	20.63376	17
6	--	1.248617	1.0131	7	21.64686	18
7	--	1.057013	1.179493	6	22.70387	19
6	--	1.283522	0.773179	7	23.47705	20
7	--	1.650901	0.818839	8	24.29589	21
8	--	1.73554	2.266005	7	26.03143	22
7	--	0.760572	1.131248	6	26.792	23
6	--	0.973612	1.539985	5	27.76561	24
5	--	0.884025	0.809405	6	28.57502	25
6	--	1.27487	1.339625	5	29.84989	26
5	--	1.035986	1.015035	6	30.86492	27
6	--	0.777328	0.780407	5	31.64225	28
5	--	1.18499	1.322173	4	32.82724	29
4	--	1.408594	1.677972	3	34.23583	30
3	--	1.06012	0.836189	4	35.07202	31
4	--	1.38017	1.099878	5	36.1719	32
5	--	1.09943	1.689918	4	37.27133	33
4	--	1.679694	1.303268	5	38.5746	34
5	--	1.360711	0.719725	6	39.29432	35
6	--	1.270221	0.875991	7	40.17031	36
7	--	1.984519	1.580609	8	41.75092	37
8	--	1.472892	1.755135	7	43.22381	38
7	--	1.517728	0.95338	8	44.17719	39
8	--	2.017075	1.253481	9	45.43067	40
9	--	1.73035	2.340024	8	47.16102	41
8	--	1.223165	1.060205	9	48.22123	42
9	--	2.816085	2.075097	10	50.29633	43

test #94
5	--	1.039782	0.933459	6	0.93346	1
6	--	1.386493	0.827756	7	1.76122	2
7	--	1.97558	0.818451	8	2.57967	3
8	--	2.046996	1.000632	9	3.5803	4
9	--	2.572929	3.430007	8	6.15323	5
8	--	1.515462	1.162233	9	7.31546	6
9	--	3.803011	3.915759	8	11.11847	7
8	--	2.265629	2.200062	9	13.31853	8
9	--	2.02962	1.730002	10	15.04853	9

test #95
5	--	0.802774	0.898637	4	0.80277	1
4	--	0.694364	1.775455	3	1.49713	2
3	--	1.351678	1.026583	4	2.52371	3
4	--	1.15319	1.085405	5	3.60911	4
5	--	1.542639	0.634096	6	4.24321	5
6	--	1.109618	1.219433	5	5.35283	6
5	--	0.890965	0.742986	6	6.09582	7
6	--	1.353688	0.651009	7	6.74683	8
7	--	1.013874	1.419312	6	7.7607	9
6	--	0.638465	1.575126	5	8.39916	10
5	--	0.917134	1.684841	4	9.31629	11
4	--	1.469656	1.013248	5	10.32954	12
5	--	0.779714	1.135225	4	11.10925	13
4	--	0.725564	0.875589	3	11.83481	14
3	--	0.759823	1.832612	2	12.59463	15
2	--	1.58209	1.412231	3	14.00686	16
3	--	1.698494	0.767777	4	14.77464	17
4	--	1.737746	1.168624	5	15.94326	18
5	--	1.021266	0.636477	6	16.57974	19
6	--	0.961754	1.354471	5	17.54149	20
5	--	0.659716	0.923119	4	18.20121	21
4	--	0.676731	0.822265	3	18.87794	22
3	--	1.033954	0.828209	4	19.70615	23
4	--	1.164333	0.79604	5	20.50219	24
5	--	0.713045	0.80495	4	21.21524	25
4	--	0.816199	0.703351	5	21.91859	26
5	--	1.631545	0.847994	6	22.76658	27
6	--	1.172492	1.143811	7	23.91039	28
7	--	1.093241	1.496884	6	25.00363	29
6	--	0.935618	0.976564	5	25.93925	30
5	--	1.41633	1.413304	6	27.35255	31
6	--	0.675496	1.387786	5	28.02805	32
5	--	1.635159	0.855188	6	28.88324	33
6	--	0.686859	1.027774	5	29.5701	34
5	--	0.90708	0.933794	4	30.47718	35
4	--	1.169675	0.696796	5	31.17398	36
5	--	1.248641	1.173479	6	32.34746	37
6	--	0.906517	0.867268	7	33.21473	38
7	--	1.26309	1.3096	6	34.47782	39
6	--	1.275712	1.440685	5	35.75353	40
5	--	0.75884	1.514869	4	36.51237	41
4	--	1.3734	1.379384	3	37.88577	42
3	--	1.201909	0.779749	4	38.66552	43
4	--	0.951162	1.244868	3	39.61668	44
3	--	1.647774	1.262705	4	40.87938	45
4	--	1.243148	1.054676	5	41.93406	46
5	--	0.938047	1.341974	4	42.87211	47
4	--	1.27733	1.424577	3	44.14944	48
3	--	0.92309	0.931375	2	45.07253	49
2	--	1.418411	1.331678	3	46.40421	50
3	--	1.944546	1.521934	4	47.92614	51
4	--	1.599319	0.671416	5	48.59756	52
5	--	0.954079	1.166722	4	49.55164	53
4	--	0.729593	1.567608	3	50.28123	54
3	--	1.287784	0.836746	4	51.11798	55
4	--	0.686362	1.069599	3	51.80434	56
3	--	0.897553	1.979694	2	52.70189	57
2	--	2.048607	1.707258	3	54.40915	58
3	--	1.947271	1.396426	4	55.80558	59
4	--	1.505908	1.699678	3	57.31149	60
3	--	1.055366	0.872496	4	58.18399	61
4	--	1.244687	0.657126	5	58.84112	62
5	--	1.353025	0.89218	6	59.7333	63
6	--	0.943594	0.722185	7	60.45548	64
7	--	0.803877	1.381666	6	61.25936	65
6	--	1.3247	1.194581	7	62.45394	66
7	--	1.518761	0.778405	8	63.23235	67
8	--	1.146239	2.031832	7	64.37859	68
7	--	1.030495	1.038229	6	65.40908	69
6	--	1.40139	1.052858	7	66.46194	70
7	--	1.129035	1.58717	6	67.59098	71
6	--	0.928817	1.274595	5	68.5198	72
5	--	1.547368	1.063867	6	69.58367	73
6	--	1.488641	1.298737	7	70.88241	74
7	--	0.860424	0.774749	8	71.65716	75
8	--	2.0137	2.045206	7	73.67086	76
7	--	1.377312	1.046651	8	74.71751	77
8	--	1.112491	2.231521	7	75.83	78
7	--	1.767364	1.010358	8	76.84036	79
8	--	2.276989	1.980384	9	78.82074	80
9	--	3.955409	3.88293	10	82.70367	81

test #96
5	--	1.457862	0.690894	6	0.69089	1
6	--	1.349316	1.184959	7	1.87585	2
7	--	1.1643	0.747846	8	2.6237	3
8	--	0.98187	2.033752	7	3.60557	4
7	--	1.426915	1.158804	8	4.76437	5
8	--	2.228476	1.229257	9	5.99363	6
9	--	1.944225	2.475379	8	7.93786	7
8	--	2.153485	1.160234	9	9.09809	8
9	--	3.236127	1.808279	10	10.90637	9

test #97
5	--	1.598447	1.105206	6	1.10521	1
6	--	1.359857	1.326515	7	2.43173	2
7	--	0.800583	1.830986	6	3.23231	3
6	--	0.899944	1.405588	5	4.13225	4
5	--	1.691349	0.736195	6	4.86845	5
6	--	1.285415	1.453637	5	6.15386	6
5	--	1.638616	0.936607	6	7.09047	7
6	--	1.292632	0.970074	7	8.06054	8
7	--	0.949093	1.095931	6	9.00963	9
6	--	1.411923	0.98497	7	9.9946	10
7	--	1.851463	0.954935	8	10.94953	11
8	--	1.5332	2.596227	7	12.48273	12
7	--	1.981856	1.26572	8	13.74845	13
8	--	2.194839	1.741794	9	15.49024	14
9	--	4.096146	2.258962	10	17.7492	15

test #98
5	--	0.926932	0.627031	6	0.62703	1
6	--	0.979817	1.227165	5	1.60685	2
5	--	1.365546	1.170428	6	2.77728	3
6	--	0.991543	1.020703	5	3.76882	4
5	--	1.524693	1.640876	4	5.29351	5
4	--	0.940053	1.092183	3	6.23356	6
3	--	1.506396	0.949057	4	7.18262	7
4	--	1.055229	1.059413	3	8.23785	8
3	--	1.759145	1.369597	4	9.60745	9
4	--	1.510988	1.609112	3	11.11844	10
3	--	1.01992	1.327646	2	12.13836	11
2	--	1.369477	1.316229	3	13.45459	12
3	--	1.419829	1.304315	4	14.7589	13
4	--	1.551958	0.808847	5	15.56775	14
5	--	1.568652	1.324568	6	16.89232	15
6	--	0.934576	0.979937	5	17.8269	16
5	--	0.887932	1.093033	4	18.71483	17
4	--	1.094962	0.690484	5	19.40531	18
5	--	0.914842	1.152986	4	20.32015	19
4	--	0.812053	0.900338	3	21.1322	20
3	--	1.109949	1.215724	2	22.24215	21
2	--	1.363671	1.047219	3	23.28937	22
3	--	0.903757	1.699128	2	24.19313	23
2	--	1.854661	1.891602	1	26.04779	24
1	--	2.79843	2.43787	2	28.48566	25
2	--	2.307809	1.481047	3	29.96671	26
3	--	1.037905	1.508344	2	31.00462	27
2	--	1.308036	1.572997	1	32.31266	28
1	--	4.548265	3.614205	2	35.92687	29
2	--	1.033928	2.443895	1	36.9608	30
1	--	3.56365	2.646156	2	39.60696	31
2	--	1.323236	1.945714	1	40.9302	32
1	--	3.385078	3.370143	2	44.30034	33
2	--	1.566374	2.146217	1	45.86671	34
1	--	2.77723	2.567946	2	48.43466	35
2	--	2.05493	1.518268	3	49.95293	36
3	--	0.738438	1.413492	2	50.69137	37
2	--	1.883791	2.182412	1	52.57516	38
1	--	3.335644	3.487083	0	55.9108	39

test #99
5	--	1.581898	0.953969	6	0.95397	1
6	--	1.448983	1.215226	7	2.1692	2
7	--	1.114815	0.768572	8	2.93777	3
8	--	1.937283	1.222359	9	4.16013	4
9	--	2.90504	2.656207	10	6.81634	5
