start i C()	t_left		t_right 	New i	Total time generation

test #0
3	--	0.811351	0.769798	4	0.7698	1
4	--	1.494798	0.699745	5	1.46954	2
5	--	1.032326	1.529368	4	2.50187	3
4	--	0.641134	0.920319	3	3.143	4
3	--	0.753378	1.478266	2	3.89638	5
2	--	2.220075	2.314425	1	6.11646	6
1	--	4.366461	4.684968	0	10.48292	7

test #1
3	--	1.96623	1.406985	4	1.40698	1
4	--	1.104788	0.910945	5	2.31793	2
5	--	1.615031	0.992611	6	3.31054	3
6	--	1.086158	1.101309	5	4.3967	4
5	--	0.958633	1.149168	4	5.35533	5
4	--	1.024343	0.805844	5	6.16117	6
5	--	1.284405	0.906988	6	7.06816	7
6	--	0.701329	1.206905	5	7.76949	8
5	--	0.750024	0.901105	4	8.51951	9
4	--	1.069542	1.577233	3	9.58905	10
3	--	1.754182	1.80678	2	11.34323	11
2	--	1.280065	2.450546	1	12.6233	12
1	--	2.882866	3.763853	0	15.50617	13

test #2
3	--	1.528764	0.802845	4	0.80285	1
4	--	1.325449	0.743029	5	1.54588	2
5	--	0.806691	1.570042	4	2.35257	3
4	--	1.30786	0.655064	5	3.00763	4
5	--	1.42607	1.083009	6	4.09064	5
6	--	0.77282	1.219298	5	4.86346	6
5	--	0.979033	1.265561	4	5.84249	7
4	--	1.48348	0.9349	5	6.77739	8
5	--	0.808876	0.63943	6	7.41682	9
6	--	1.51534	1.018779	7	8.4356	10
7	--	1.138422	1.188427	6	9.57402	11
6	--	1.761049	1.501136	7	11.07516	12
7	--	1.246252	0.853918	8	11.92908	13
8	--	2.225444	1.312312	9	13.24139	14
9	--	1.998905	2.858924	8	15.24029	15
8	--	1.700586	1.055983	9	16.29627	16
9	--	2.344722	4.109187	8	18.64099	17
8	--	1.824264	1.416323	9	20.05731	18
9	--	1.887972	4.507816	8	21.94528	19
8	--	1.238464	1.918927	7	23.18374	20
7	--	1.004543	1.644975	6	24.18828	21
6	--	1.468562	1.271327	7	25.45961	22
7	--	1.133814	1.011383	8	26.47099	23
8	--	1.009357	1.149169	7	27.48035	24
7	--	2.029134	0.774754	8	28.2551	25
8	--	2.641139	1.808394	9	30.06349	26
9	--	2.295622	2.531215	8	32.35911	27
8	--	2.638563	1.491533	9	33.85064	28
9	--	2.705896	3.690825	8	36.55654	29
8	--	1.970754	1.004498	9	37.56104	30
9	--	3.427206	2.109806	10	39.67085	31

test #3
3	--	1.2575	1.439855	2	1.2575	1
2	--	2.31341	1.607263	3	2.86476	2
3	--	1.532226	0.890042	4	3.7548	3
4	--	0.797828	0.727862	5	4.48266	4
5	--	0.635589	0.799598	4	5.11825	5
4	--	1.030429	1.137635	3	6.14868	6
3	--	0.82824	0.931226	2	6.97692	7
2	--	1.369918	2.098208	1	8.34684	8
1	--	2.30631	2.224909	2	10.57175	9
2	--	1.179901	1.675917	1	11.75165	10
1	--	3.720088	2.681612	2	14.43326	11
2	--	1.709769	1.118755	3	15.55201	12
3	--	1.151993	1.674869	2	16.704	13
2	--	1.737989	1.008664	3	17.71266	14
3	--	0.755485	1.925391	2	18.46814	15
2	--	1.055059	1.631965	1	19.5232	16
1	--	4.022178	3.167419	2	22.69062	17
2	--	1.176971	2.009372	1	23.86759	18
1	--	4.315365	3.363518	2	27.23111	19
2	--	1.427237	1.768333	1	28.65835	20
1	--	1.863647	4.45547	0	30.522	21

test #4
3	--	1.513109	1.653935	2	1.51311	1
2	--	1.083094	1.011276	3	2.52439	2
3	--	1.830958	1.040758	4	3.56515	3
4	--	0.959814	1.63963	3	4.52496	4
3	--	1.022437	1.385934	2	5.5474	5
2	--	1.422332	1.485345	1	6.96973	6
1	--	3.353794	3.479247	0	10.32352	7

test #5
3	--	0.782155	0.841932	2	0.78216	1
2	--	1.38312	2.093394	1	2.16528	2
1	--	3.209203	2.944422	2	5.1097	3
2	--	1.063766	1.560097	1	6.17347	4
1	--	1.932157	2.339883	0	8.10563	5

test #6
3	--	1.120164	0.787241	4	0.78724	1
4	--	1.559722	1.023527	5	1.81077	2
5	--	0.640479	1.065295	4	2.45125	3
4	--	1.406426	1.612109	3	3.85768	4
3	--	1.963792	1.414616	4	5.2723	5
4	--	0.671051	1.037561	3	5.94335	6
3	--	1.561904	1.554896	4	7.49825	7
4	--	1.548841	1.107502	5	8.60575	8
5	--	0.85682	1.419906	4	9.46257	9
4	--	1.563186	1.173164	5	10.63573	10
5	--	0.78201	0.700329	6	11.33606	11
6	--	0.664815	1.308623	5	12.00088	12
5	--	0.678949	1.182112	4	12.67983	13
4	--	1.276505	1.198423	5	13.87825	14
5	--	1.386376	1.07369	6	14.95194	15
6	--	0.909326	0.984187	5	15.86127	16
5	--	1.506403	1.120728	6	16.982	17
6	--	0.809554	1.469885	5	17.79155	18
5	--	1.3107	0.798116	6	18.58967	19
6	--	1.019398	1.415097	5	19.60907	20
5	--	1.470967	0.753841	6	20.36291	21
6	--	1.198226	1.030008	7	21.39292	22
7	--	1.993065	1.024572	8	22.41749	23
8	--	1.903383	1.579042	9	23.99653	24
9	--	2.923507	2.011744	10	26.00827	25

test #7
3	--	0.742947	0.899336	2	0.74295	1
2	--	1.440362	1.899457	1	2.18331	2
1	--	3.319904	2.17069	2	4.354	3
2	--	1.111284	1.948625	1	5.46528	4
1	--	4.390754	1.71635	2	7.18163	5
2	--	1.5505	1.94041	1	8.73213	6
1	--	3.572159	3.316237	2	12.04837	7
2	--	2.227492	1.340499	3	13.38887	8
3	--	1.386674	1.128569	4	14.51744	9
4	--	0.777891	1.055765	3	15.29533	10
3	--	1.750609	1.083121	4	16.37845	11
4	--	1.349507	1.376768	3	17.72796	12
3	--	0.899664	1.511379	2	18.62762	13
2	--	1.181268	2.336765	1	19.80889	14
1	--	1.837867	2.379865	0	21.64676	15

test #8
3	--	1.474043	0.81252	4	0.81252	1
4	--	1.448988	0.974235	5	1.78675	2
5	--	0.645571	1.123054	4	2.43232	3
4	--	1.427867	0.758651	5	3.19097	4
5	--	0.945943	1.423697	4	4.13691	5
4	--	1.301057	0.783875	5	4.92078	6
5	--	1.077769	1.026552	6	5.94733	7
6	--	0.933664	1.723036	5	6.88099	8
5	--	0.670829	1.028451	4	7.55182	9
4	--	1.779896	1.070206	5	8.62203	10
5	--	0.699148	0.72517	4	9.32118	11
4	--	0.987732	1.109734	3	10.30891	12
3	--	1.609152	1.411704	4	11.72061	13
4	--	1.425722	0.943882	5	12.66449	14
5	--	1.100027	0.62096	6	13.28545	15
6	--	1.625185	1.093972	7	14.37942	16
7	--	1.355433	1.220002	8	15.59942	17
8	--	1.417324	1.0553	9	16.65472	18
9	--	2.628493	3.645201	8	19.28321	19
8	--	2.108909	2.286766	7	21.39212	20
7	--	1.752246	1.776051	6	23.14437	21
6	--	0.798333	1.694045	5	23.9427	22
5	--	0.784989	0.872956	4	24.72769	23
4	--	0.966613	1.4838	3	25.6943	24
3	--	1.124853	1.839738	2	26.81915	25
2	--	1.948251	2.067862	1	28.7674	26
1	--	2.544812	2.396789	2	31.16419	27
2	--	2.017061	1.560247	3	32.72444	28
3	--	1.804824	1.416406	4	34.14085	29
4	--	1.682092	0.690165	5	34.83102	30
5	--	1.432064	0.898714	6	35.72973	31
6	--	1.113524	0.645165	7	36.37489	32
7	--	0.820462	1.801925	6	37.19535	33
6	--	0.961073	0.901218	7	38.09657	34
7	--	0.780282	1.622296	6	38.87685	35
6	--	0.914312	0.685667	7	39.56252	36
7	--	0.988746	1.562114	6	40.55127	37
6	--	1.246711	1.355771	5	41.79798	38
5	--	1.123874	0.844007	6	42.64199	39
6	--	1.75325	0.676644	7	43.31863	40
7	--	2.023558	0.843206	8	44.16184	41
8	--	1.089548	1.373836	7	45.25139	42
7	--	1.909254	0.836429	8	46.08782	43
8	--	1.020423	2.025858	7	47.10824	44
7	--	1.193471	1.448789	6	48.30171	45
6	--	0.897494	0.686838	7	48.98855	46
7	--	1.275704	1.028788	8	50.01734	47
8	--	1.797601	1.809804	7	51.81494	48
7	--	1.432857	1.055228	8	52.87017	49
8	--	1.217609	1.583515	7	54.08778	50
7	--	1.634722	1.759011	6	55.7225	51
6	--	1.489063	1.247361	7	56.96986	52
7	--	1.397375	1.166476	8	58.13634	53
8	--	0.965738	1.155543	7	59.10208	54
7	--	1.114676	0.796347	8	59.89843	55
8	--	1.456739	1.270961	9	61.16939	56
9	--	3.89918	2.887599	10	64.05699	57

test #9
3	--	1.237463	1.174216	4	1.17422	1
4	--	0.740051	0.897297	3	1.91427	2
3	--	0.747557	1.934717	2	2.66183	3
2	--	2.642557	1.23746	3	3.89929	4
3	--	1.888364	1.310161	4	5.20945	5
4	--	1.323487	1.687186	3	6.53294	6
3	--	1.533027	1.191967	4	7.72491	7
4	--	0.794956	1.190715	3	8.51987	8
3	--	1.151747	1.671103	2	9.67162	9
2	--	2.318338	1.506639	3	11.17826	10
3	--	0.986832	1.582096	2	12.16509	11
2	--	1.782158	1.935154	1	13.94725	12
1	--	4.737021	2.133004	2	16.08025	13
2	--	1.002536	1.18907	1	17.08279	14
1	--	1.89842	2.638261	0	18.98121	15

test #10
3	--	1.61997	0.933218	4	0.93322	1
4	--	0.848293	1.155881	3	1.78151	2
3	--	0.781505	1.75466	2	2.56302	3
2	--	1.455611	1.901471	1	4.01863	4
1	--	3.487949	4.576066	0	7.50658	5

test #11
3	--	0.737838	2.032449	2	0.73784	1
2	--	1.640622	1.078484	3	1.81632	2
3	--	0.991474	0.907531	4	2.72385	3
4	--	0.720292	1.724508	3	3.44414	4
3	--	1.548333	1.438622	4	4.88276	5
4	--	1.188836	1.230941	3	6.0716	6
3	--	1.73071	1.238557	4	7.31016	7
4	--	0.898004	1.577063	3	8.20816	8
3	--	1.633045	0.901079	4	9.10924	9
4	--	1.308801	1.172554	5	10.28179	10
5	--	1.268019	1.593282	4	11.54981	11
4	--	0.938807	0.707814	5	12.25762	12
5	--	1.166859	0.666402	6	12.92402	13
6	--	1.197278	1.707975	5	14.1213	14
5	--	1.405319	1.192794	6	15.31409	15
6	--	1.134022	1.124158	7	16.43825	16
7	--	0.840372	1.568839	6	17.27862	17
6	--	0.917938	1.153439	5	18.19656	18
5	--	0.72916	0.72287	6	18.91943	19
6	--	0.995279	0.83867	7	19.7581	20
7	--	1.390628	0.784802	8	20.5429	21
8	--	2.241064	1.020519	9	21.56342	22
9	--	2.957531	1.863394	10	23.42681	23

test #12
3	--	1.348378	0.794342	4	0.79434	1
4	--	0.960912	0.801588	5	1.59593	2
5	--	0.671546	1.017178	4	2.26748	3
4	--	0.882299	1.131693	3	3.14978	4
3	--	1.283366	1.379353	2	4.43315	5
2	--	1.353232	2.006465	1	5.78638	6
1	--	3.345731	3.586403	0	9.13211	7

test #13
3	--	2.004616	1.190678	4	1.19068	1
4	--	1.642307	1.662358	3	2.83299	2
3	--	1.784251	1.613078	4	4.44607	3
4	--	1.347002	1.192934	5	5.639	4
5	--	1.158	1.138215	6	6.77721	5
6	--	0.67862	0.987234	5	7.45583	6
5	--	1.314089	1.330238	4	8.76992	7
4	--	1.342064	0.853484	5	9.6234	8
5	--	0.867232	0.835241	6	10.45864	9
6	--	0.694495	1.055482	5	11.15313	10
5	--	1.055826	1.227566	4	12.20896	11
4	--	1.492349	1.07034	5	13.2793	12
5	--	0.674416	1.299155	4	13.95372	13
4	--	1.36223	0.801137	5	14.75486	14
5	--	0.803848	0.806975	4	15.55871	15
4	--	1.09973	1.488067	3	16.65844	16
3	--	1.690001	1.138067	4	17.79651	17
4	--	0.755891	0.838428	3	18.5524	18
3	--	1.035438	1.059022	2	19.58784	19
2	--	2.064455	1.785915	3	21.37375	20
3	--	1.508986	1.649857	2	22.88274	21
2	--	1.129934	1.380304	1	24.01267	22
1	--	4.400261	4.451276	0	28.41293	23

test #14
3	--	0.940096	1.894956	2	0.9401	1
2	--	1.164663	1.222299	1	2.10476	2
1	--	2.223658	4.174236	0	4.32842	3

test #15
3	--	1.331556	1.900509	2	1.33156	1
2	--	1.238421	2.2746	1	2.56998	2
1	--	3.327627	3.693959	0	5.89761	3

test #16
3	--	1.311329	0.925903	4	0.9259	1
4	--	0.637748	0.835221	3	1.56365	2
3	--	1.349212	0.830271	4	2.39392	3
4	--	1.090941	1.069325	5	3.46325	4
5	--	0.964022	1.669349	4	4.42727	5
4	--	1.11463	0.695544	5	5.12281	6
5	--	1.344755	1.705593	4	6.46756	7
4	--	1.655437	0.645277	5	7.11284	8
5	--	0.61498	0.786485	4	7.72782	9
4	--	1.079743	0.729751	5	8.45757	10
5	--	0.868847	1.603329	4	9.32642	11
4	--	0.775124	1.105547	3	10.10154	12
3	--	1.403636	1.596606	2	11.50518	13
2	--	1.689651	1.189469	3	12.69465	14
3	--	0.930953	0.876524	4	13.57117	15
4	--	1.067115	1.665536	3	14.63829	16
3	--	1.639531	1.519267	4	16.15756	17
4	--	1.038167	0.983468	5	17.14103	18
5	--	1.216632	1.536839	4	18.35766	19
4	--	1.73016	1.705118	5	20.06278	20
5	--	1.009827	0.85271	6	20.91549	21
6	--	0.97686	1.035946	5	21.89235	22
5	--	1.361032	0.990455	6	22.8828	23
6	--	1.150979	1.069212	7	23.95201	24
7	--	1.435621	1.727075	6	25.38763	25
6	--	0.961063	0.780829	7	26.16846	26
7	--	0.866944	1.912272	6	27.0354	27
6	--	1.614171	1.054653	7	28.09005	28
7	--	1.773661	1.5449	8	29.63495	29
8	--	1.860112	1.061191	9	30.69614	30
9	--	3.579885	4.51218	8	34.27602	31
8	--	2.060235	2.26669	7	36.33626	32
7	--	1.53119	1.537417	6	37.86745	33
6	--	0.91259	1.458411	5	38.78004	34
5	--	1.385024	1.081658	6	39.8617	35
6	--	1.454601	1.238219	7	41.09992	36
7	--	0.975903	2.007474	6	42.07582	37
6	--	0.849403	0.765085	7	42.84091	38
7	--	0.987806	1.125482	6	43.82872	39
6	--	1.407251	0.643512	7	44.47223	40
7	--	1.409348	1.954472	6	45.88158	41
6	--	1.456721	0.864381	7	46.74596	42
7	--	1.155182	0.861219	8	47.60718	43
8	--	1.407831	1.121013	9	48.72819	44
9	--	2.084824	2.04379	10	50.77198	45

test #17
3	--	1.683055	1.953812	2	1.68305	1
2	--	1.102812	2.308813	1	2.78586	2
1	--	2.029469	2.760473	0	4.81533	3

test #18
3	--	1.324784	1.506471	2	1.32478	1
2	--	2.479004	1.798414	3	3.12319	2
3	--	1.027703	1.347101	2	4.15089	3
2	--	1.444581	1.436599	3	5.58749	4
3	--	0.825207	1.743736	2	6.4127	5
2	--	2.441041	2.19731	3	8.61001	6
3	--	1.884861	0.873976	4	9.48399	7
4	--	1.105592	0.821285	5	10.30528	8
5	--	0.885756	1.709609	4	11.19104	9
4	--	0.66279	1.052108	3	11.85383	10
3	--	0.738069	1.056861	2	12.5919	11
2	--	1.777319	2.613928	1	14.36922	12
1	--	2.696895	3.924102	0	17.06612	13

test #19
3	--	1.840156	0.833219	4	0.83322	1
4	--	1.40028	0.842758	5	1.67598	2
5	--	0.765502	0.758625	6	2.4346	3
6	--	0.828042	0.742025	7	3.17663	4
7	--	1.696246	1.043557	8	4.22019	5
8	--	1.23823	1.8268	7	5.45842	6
7	--	1.315034	1.947851	6	6.77345	7
6	--	1.690803	0.740371	7	7.51382	8
7	--	1.219911	1.062713	8	8.57653	9
8	--	1.332823	2.146583	7	9.90935	10
7	--	1.016024	1.120528	6	10.92537	11
6	--	1.193799	1.289743	5	12.11917	12
5	--	1.024781	0.773946	6	12.89312	13
6	--	1.041352	0.979077	7	13.8722	14
7	--	0.919084	0.740905	8	14.61311	15
8	--	1.935079	1.091057	9	15.70417	16
9	--	1.859825	4.417862	8	17.564	17
8	--	1.675471	1.10588	9	18.66988	18
9	--	3.310478	2.852842	10	21.52272	19

test #20
3	--	1.589108	1.763941	2	1.58911	1
2	--	1.220479	2.138566	1	2.80959	2
1	--	4.545854	3.773365	2	6.58296	3
2	--	2.206364	1.324994	3	7.90795	4
3	--	1.683399	1.150636	4	9.05859	5
4	--	1.011382	1.313741	3	10.06997	6
3	--	1.628825	1.232304	4	11.30227	7
4	--	1.191239	1.116202	5	12.41847	8
5	--	1.413526	1.698945	4	13.832	9
4	--	1.084158	1.372165	3	14.91616	10
3	--	1.056748	0.896104	4	15.81226	11
4	--	0.95912	1.335107	3	16.77138	12
3	--	1.471948	1.493658	2	18.24333	13
2	--	1.70049	1.19454	3	19.43787	14
3	--	0.729657	1.60674	2	20.16753	15
2	--	1.584058	1.447851	3	21.61538	16
3	--	1.392103	0.782037	4	22.39742	17
4	--	1.093993	0.909619	5	23.30704	18
5	--	1.038806	1.004076	6	24.31112	19
6	--	0.74603	1.168808	5	25.05715	20
5	--	1.127291	1.225356	4	26.18444	21
4	--	0.833983	1.440131	3	27.01842	22
3	--	1.750659	1.294211	4	28.31263	23
4	--	0.925191	1.152825	3	29.23782	24
3	--	0.925302	1.91454	2	30.16312	25
2	--	1.954648	1.027985	3	31.1911	26
3	--	0.847056	1.039715	2	32.03816	27
2	--	1.599476	2.141081	1	33.63764	28
1	--	4.239359	2.550695	2	36.18834	29
2	--	1.775337	1.612433	3	37.80077	30
3	--	0.874526	0.764844	4	38.56561	31
4	--	1.602263	0.748075	5	39.31369	32
5	--	0.805059	1.218934	4	40.11875	33
4	--	0.93624	1.065326	3	41.05499	34
3	--	1.002817	1.506767	2	42.05781	35
2	--	1.574104	0.956922	3	43.01473	36
3	--	0.755786	0.764709	2	43.77052	37
2	--	2.061336	1.575686	3	45.34621	38
3	--	1.231511	0.87604	4	46.22225	39
4	--	1.21877	1.481744	3	47.44102	40
3	--	0.791106	1.644756	2	48.23213	41
2	--	1.373889	2.181458	1	49.60602	42
1	--	3.2424	2.861138	2	52.46716	43
2	--	1.840408	2.183599	1	54.30757	44
1	--	2.3849	2.685731	0	56.69247	45

test #21
3	--	1.496094	1.231886	4	1.23189	1
4	--	0.733939	1.41976	3	1.96583	2
3	--	0.886598	1.381288	2	2.85243	3
2	--	0.985693	1.440992	1	3.83812	4
1	--	1.831103	2.753861	0	5.66922	5

test #22
3	--	1.700408	1.291483	4	1.29148	1
4	--	1.646749	0.806152	5	2.09763	2
5	--	1.618163	1.057944	6	3.15557	3
6	--	0.954259	1.224568	5	4.10983	4
5	--	1.506076	1.207589	6	5.31742	5
6	--	1.013257	0.91508	7	6.2325	6
7	--	0.92262	1.374705	6	7.15512	7
6	--	1.129017	1.098429	7	8.25355	8
7	--	1.688675	1.56886	8	9.82241	9
8	--	1.078065	1.526265	7	10.90048	10
7	--	0.828796	1.569988	6	11.72928	11
6	--	0.733848	0.979792	5	12.46313	12
5	--	0.713528	1.259132	4	13.17666	13
4	--	0.682118	0.746885	3	13.85878	14
3	--	1.459111	1.537122	2	15.31789	15
2	--	1.044321	2.250945	1	16.36221	16
1	--	3.029626	2.053594	2	18.4158	17
2	--	1.615505	1.170046	3	19.58585	18
3	--	1.11836	1.437915	2	20.70421	19
2	--	1.234735	1.841955	1	21.93894	20
1	--	2.301546	3.204209	0	24.24049	21

test #23
3	--	1.664175	1.491218	4	1.49122	1
4	--	1.518314	1.58061	3	3.00953	2
3	--	0.893361	0.89149	4	3.90102	3
4	--	1.238583	1.181703	5	5.08272	4
5	--	1.256575	0.80488	6	5.8876	5
6	--	0.94169	0.884277	7	6.77188	6
7	--	1.796739	1.845144	6	8.56862	7
6	--	0.702171	0.682082	7	9.2507	8
7	--	0.952091	1.205555	6	10.20279	9
6	--	0.7321	0.934282	5	10.93489	10
5	--	1.42694	0.907909	6	11.8428	11
6	--	0.674907	1.174232	5	12.51771	12
5	--	1.435856	0.977439	6	13.49515	13
6	--	0.957064	1.67278	5	14.45221	14
5	--	0.684569	1.138716	4	15.13678	15
4	--	0.717361	1.136924	3	15.85414	16
3	--	0.845196	1.064662	2	16.69934	17
2	--	2.562019	1.218986	3	17.91833	18
3	--	1.121182	1.066192	4	18.98452	19
4	--	1.665315	1.60342	5	20.58794	20
5	--	0.79148	1.024477	4	21.37942	21
4	--	1.082931	1.301788	3	22.46235	22
3	--	1.649976	1.653683	2	24.11233	23
2	--	1.047722	0.99612	3	25.10845	24
3	--	0.907564	1.74725	2	26.01601	25
2	--	2.074055	1.367053	3	27.38306	26
3	--	0.940957	1.989606	2	28.32402	27
2	--	2.182162	2.181331	3	30.50535	28
3	--	2.011607	1.077053	4	31.5824	29
4	--	1.145014	1.233518	3	32.72741	30
3	--	1.12693	1.084115	4	33.81152	31
4	--	1.746044	1.185621	5	34.99714	32
5	--	1.483791	0.699084	6	35.69622	33
6	--	0.996994	0.940844	7	36.63706	34
7	--	0.915246	1.279949	6	37.55231	35
6	--	1.526753	1.007811	7	38.56012	36
7	--	1.191326	1.85491	6	39.75145	37
6	--	0.997854	0.867605	7	40.61905	38
7	--	2.020839	0.976864	8	41.59591	39
8	--	1.551024	1.880995	7	43.14693	40
7	--	1.172296	1.332802	6	44.31923	41
6	--	1.097271	0.900845	7	45.22008	42
7	--	0.82124	1.277958	6	46.04132	43
6	--	1.109846	1.02599	7	47.06731	44
7	--	1.495526	1.857191	6	48.56284	45
6	--	1.054576	1.202552	5	49.61742	46
5	--	1.325071	1.199197	6	50.81662	47
6	--	1.047187	0.646114	7	51.46273	48
7	--	1.862939	0.933706	8	52.39644	49
8	--	1.621305	2.549779	7	54.01774	50
7	--	0.769662	1.395551	6	54.7874	51
6	--	1.19704	1.200451	5	55.98444	52
5	--	1.369703	1.436482	4	57.35414	53
4	--	0.878888	1.023886	3	58.23303	54
3	--	1.52981	0.79534	4	59.02837	55
4	--	1.352138	1.328996	5	60.35737	56
5	--	1.091172	1.633867	4	61.44854	57
4	--	1.584541	1.390854	5	62.83939	58
5	--	1.192043	0.766035	6	63.60543	59
6	--	1.376312	0.911992	7	64.51742	60
7	--	1.69759	1.6196	8	66.13702	61
8	--	1.023853	1.626441	7	67.16087	62
7	--	1.29945	1.756953	6	68.46032	63
6	--	1.215537	0.900331	7	69.36065	64
7	--	1.334183	0.842206	8	70.20286	65
8	--	1.534967	2.53472	7	71.73783	66
7	--	1.848458	0.771246	8	72.50908	67
8	--	1.758262	2.494508	7	74.26734	68
7	--	1.576	1.384361	8	75.6517	69
8	--	1.620387	1.878163	7	77.27209	70
7	--	1.999252	1.351493	8	78.62358	71
8	--	1.3556	2.086692	7	79.97918	72
7	--	0.790087	0.879075	6	80.76927	73
6	--	1.114411	0.748337	7	81.51761	74
7	--	1.18853	1.319804	6	82.70614	75
6	--	1.03828	1.420098	5	83.74442	76
5	--	0.730099	0.822197	4	84.47452	77
4	--	0.762303	1.409985	3	85.23682	78
3	--	0.876953	0.855648	4	86.09247	79
4	--	1.035833	0.946124	5	87.03859	80
5	--	0.66219	1.075645	4	87.70078	81
4	--	0.869453	1.404753	3	88.57023	82
3	--	1.739163	1.845812	2	90.30939	83
2	--	2.117643	1.410324	3	91.71971	84
3	--	0.832234	1.22512	2	92.55194	85
2	--	1.599414	1.264179	3	93.81612	86
3	--	1.321304	1.188644	4	95.00476	87
4	--	1.360832	0.772285	5	95.77704	88
5	--	1.085254	0.647285	6	96.42432	89
6	--	0.651502	1.583282	5	97.07582	90
5	--	0.907753	0.916015	4	97.98357	91
4	--	0.684606	1.722692	3	98.66818	92
3	--	0.91023	1.216266	2	99.57841	93
2	--	2.031566	1.816758	3	101.39517	94
3	--	0.851478	0.913952	2	102.24665	95
2	--	1.839851	2.619004	1	104.0865	96
1	--	2.978876	3.885305	0	107.06538	97

test #24
3	--	0.99972	1.432823	2	0.99972	1
2	--	1.04814	1.828227	1	2.04786	2
1	--	2.114257	1.877275	2	3.92514	3
2	--	1.61194	2.523314	1	5.53708	4
1	--	4.326531	2.282052	2	7.81913	5
2	--	1.69062	2.274266	1	9.50975	6
1	--	3.545276	1.986535	2	11.49628	7
2	--	2.295684	1.491775	3	12.98806	8
3	--	0.822765	1.475737	2	13.81082	9
2	--	1.514086	0.966894	3	14.77771	10
3	--	1.620398	0.802139	4	15.57985	11
4	--	1.378759	0.769759	5	16.34961	12
5	--	1.62185	0.843572	6	17.19318	13
6	--	1.469549	0.724388	7	17.91757	14
7	--	1.040635	1.27313	6	18.9582	15
6	--	1.589265	1.331672	7	20.28987	16
7	--	1.259449	1.987695	6	21.54932	17
6	--	1.438231	1.034877	7	22.5842	18
7	--	0.927395	1.954642	6	23.51159	19
6	--	0.999321	0.848425	7	24.36001	20
7	--	1.968643	1.767756	8	26.12777	21
8	--	2.43979	1.555257	9	27.68303	22
9	--	2.19907	3.267196	8	29.8821	23
8	--	2.40848	0.957473	9	30.83957	24
9	--	1.788359	2.860241	8	32.62793	25
8	--	1.417031	2.132876	7	34.04496	26
7	--	1.105082	1.406802	6	35.15004	27
6	--	1.37809	1.469222	5	36.52813	28
5	--	1.025891	1.160403	4	37.55402	29
4	--	1.35996	0.876402	5	38.43042	30
5	--	1.47842	0.975542	6	39.40596	31
6	--	1.411199	0.940737	7	40.3467	32
7	--	0.767088	1.335875	6	41.11379	33
6	--	0.833555	1.50142	5	41.94735	34
5	--	0.816243	1.450881	4	42.76359	35
4	--	0.737006	0.885757	3	43.5006	36
3	--	1.552509	0.968803	4	44.4694	37
4	--	1.697866	1.281232	5	45.75063	38
5	--	1.537105	0.751204	6	46.50183	39
6	--	0.680554	1.40768	5	47.18238	40
5	--	1.5677	0.97028	6	48.15266	41
6	--	0.888816	1.006245	5	49.04148	42
5	--	1.005361	1.341098	4	50.04684	43
4	--	1.046883	1.00158	5	51.04842	44
5	--	0.831126	1.662506	4	51.87955	45
4	--	1.022055	1.507029	3	52.9016	46
3	--	0.732488	1.432808	2	53.63409	47
2	--	1.822376	1.477279	3	55.11137	48
3	--	0.852975	1.257087	2	55.96435	49
2	--	1.177889	1.849546	1	57.14224	50
1	--	3.994059	4.501088	0	61.1363	51

test #25
3	--	1.190875	1.099045	4	1.09905	1
4	--	0.877959	1.633309	3	1.97701	2
3	--	0.744813	1.370605	2	2.72182	3
2	--	1.996333	1.62597	3	4.34779	4
3	--	1.331098	0.96212	4	5.30991	5
4	--	1.583878	1.019518	5	6.32943	6
5	--	0.770031	1.052701	4	7.09946	7
4	--	0.63484	0.742877	3	7.7343	8
3	--	1.596355	1.100636	4	8.83494	9
4	--	1.105438	0.89606	5	9.731	10
5	--	1.11839	0.711447	6	10.44245	11
6	--	1.69367	1.594556	7	12.03701	12
7	--	0.74385	1.353104	6	12.78086	13
6	--	0.988896	0.7423	7	13.52316	14
7	--	1.162559	1.515602	6	14.68572	15
6	--	0.949362	1.419094	5	15.63508	16
5	--	1.503039	0.951416	6	16.5865	17
6	--	0.955338	1.085	5	17.54184	18
5	--	1.301807	1.411901	4	18.84365	19
4	--	0.786121	1.026013	3	19.62977	20
3	--	1.492487	1.950567	2	21.12226	21
2	--	1.810134	2.54832	1	22.93239	22
1	--	2.01659	3.3756	0	24.94898	23

test #26
3	--	1.090414	1.183406	2	1.09041	1
2	--	2.004408	1.421626	3	2.51204	2
3	--	1.741353	1.660158	4	4.1722	3
4	--	0.683911	0.962767	3	4.85611	4
3	--	1.723039	1.761456	2	6.57915	5
2	--	1.456436	2.289862	1	8.03559	6
1	--	2.169867	3.021573	0	10.20546	7

test #27
3	--	1.924624	1.066024	4	1.06602	1
4	--	1.221329	1.063199	5	2.12922	2
5	--	1.688105	0.684787	6	2.81401	3
6	--	1.738457	0.751762	7	3.56577	4
7	--	1.230894	1.485178	6	4.79666	5
6	--	0.80777	0.885402	5	5.60443	6
5	--	1.300758	0.679894	6	6.28432	7
6	--	0.950226	0.691553	7	6.97587	8
7	--	1.861993	1.668703	8	8.64457	9
8	--	1.208975	0.956561	9	9.60113	10
9	--	2.720695	3.507167	8	12.32183	11
8	--	1.896669	1.384233	9	13.70606	12
9	--	2.049547	4.342989	8	15.75561	13
8	--	1.02537	1.215988	7	16.78098	14
7	--	0.908339	1.401586	6	17.68932	15
6	--	1.01919	1.047744	5	18.70851	16
5	--	1.593986	0.905478	6	19.61399	17
6	--	0.679716	1.714761	5	20.29371	18
5	--	0.844009	1.014445	4	21.13772	19
4	--	1.142734	1.660724	3	22.28045	20
3	--	1.064218	1.122006	2	23.34467	21
2	--	1.254423	1.66251	1	24.59909	22
1	--	4.295071	1.912407	2	26.5115	23
2	--	1.690436	1.512614	3	28.02411	24
3	--	2.031826	1.308665	4	29.33277	25
4	--	1.088285	1.240019	3	30.42105	26
3	--	1.633528	1.764895	2	32.05458	27
2	--	1.146712	2.270538	1	33.20129	28
1	--	1.723517	2.702052	0	34.92481	29

test #28
3	--	1.252263	1.268472	2	1.25226	1
2	--	1.291283	1.644241	1	2.54354	2
1	--	2.376096	4.494121	0	4.91964	3

test #29
3	--	0.922678	1.731947	2	0.92268	1
2	--	2.297464	0.972628	3	1.89531	2
3	--	0.75744	1.285807	2	2.65275	3
2	--	2.117816	1.837301	3	4.49005	4
3	--	0.854567	1.437632	2	5.34462	5
2	--	1.222836	2.349298	1	6.56746	6
1	--	1.772236	3.128562	0	8.3397	7

test #30
3	--	0.832345	1.08514	2	0.83235	1
2	--	1.849033	2.121425	1	2.68138	2
1	--	2.846901	1.69936	2	4.38074	3
2	--	1.452962	1.590248	1	5.8337	4
1	--	3.685181	2.736378	2	8.57008	5
2	--	1.442839	1.01149	3	9.58157	6
3	--	1.590549	1.580279	4	11.16185	7
4	--	1.530784	1.2353	5	12.39715	8
5	--	1.289276	0.772185	6	13.16934	9
6	--	1.672888	1.280816	7	14.45016	10
7	--	0.991428	1.019817	6	15.44159	11
6	--	1.529751	1.15115	7	16.59274	12
7	--	1.345895	1.612553	6	17.93864	13
6	--	1.775609	1.217932	7	19.15657	14
7	--	1.876837	2.016613	6	21.03341	15
6	--	1.090545	0.770759	7	21.80417	16
7	--	0.925951	1.30422	6	22.73012	17
6	--	1.557771	1.13373	7	23.86385	18
7	--	1.134811	1.751067	6	24.99866	19
6	--	1.62032	1.002978	7	26.00164	20
7	--	0.975306	1.227014	6	26.97695	21
6	--	1.091062	0.805424	7	27.78237	22
7	--	1.415291	1.486476	6	29.19766	23
6	--	1.592466	1.382576	7	30.58024	24
7	--	1.250703	0.837599	8	31.41784	25
8	--	1.157926	2.173578	7	32.57577	26
7	--	1.249414	0.754364	8	33.33013	27
8	--	2.548316	2.034727	9	35.36486	28
9	--	2.444237	3.424923	8	37.8091	29
8	--	2.309021	1.152688	9	38.96179	30
9	--	4.392546	2.756026	10	41.71782	31

test #31
3	--	1.158405	1.656306	2	1.1584	1
2	--	1.983663	1.278045	3	2.43645	2
3	--	1.516128	1.283312	4	3.71976	3
4	--	1.428554	1.335301	5	5.05506	4
5	--	1.279683	0.953824	6	6.00888	5
6	--	1.064075	1.630705	5	7.07296	6
5	--	1.313424	1.111094	6	8.18405	7
6	--	1.267291	1.087327	7	9.27138	8
7	--	1.548903	1.111947	8	10.38333	9
8	--	1.898947	1.177238	9	11.56057	10
9	--	4.717044	2.74644	10	14.30701	11

test #32
3	--	1.109881	1.290772	2	1.10988	1
2	--	1.370828	2.629704	1	2.48071	2
1	--	1.923738	2.404729	0	4.40445	3

test #33
3	--	1.563943	0.937797	4	0.9378	1
4	--	1.699294	1.59447	5	2.53227	2
5	--	1.443735	0.705785	6	3.23805	3
6	--	0.828807	0.679637	7	3.91769	4
7	--	1.780306	1.182909	8	5.1006	5
8	--	1.387823	1.27009	9	6.37069	6
9	--	1.975045	2.498178	8	8.34573	7
8	--	1.764026	1.604721	9	9.95045	8
9	--	2.563345	2.612214	8	12.51379	9
8	--	1.241957	1.696432	7	13.75575	10
7	--	0.802849	1.740357	6	14.5586	11
6	--	1.720951	1.32169	7	15.88029	12
7	--	0.992484	1.662565	6	16.87277	13
6	--	1.576527	1.080793	7	17.95356	14
7	--	1.583764	1.319645	8	19.2732	15
8	--	1.77008	1.512689	9	20.78589	16
9	--	2.601829	3.169526	8	23.38772	17
8	--	1.697074	1.89484	7	25.08479	18
7	--	1.732002	0.853025	8	25.93782	19
8	--	1.289012	1.811148	7	27.22683	20
7	--	1.813972	1.352644	8	28.57947	21
8	--	1.408055	1.338976	9	29.91845	22
9	--	3.513779	3.599097	8	33.43223	23
8	--	1.761846	1.331364	9	34.76359	24
9	--	3.205106	3.631183	8	37.9687	25
8	--	2.292646	1.829009	9	39.79771	26
9	--	2.234376	2.175244	10	41.97295	27

test #34
3	--	1.611732	0.970347	4	0.97035	1
4	--	0.663046	0.787685	3	1.6334	2
3	--	1.918187	1.537752	4	3.17115	3
4	--	1.359438	1.034972	5	4.20612	4
5	--	0.822628	1.631258	4	5.02875	5
4	--	1.036932	0.99539	5	6.02414	6
5	--	0.978027	0.804152	6	6.82829	7
6	--	1.654892	1.451126	7	8.27942	8
7	--	1.742073	1.987517	6	10.02149	9
6	--	1.673844	1.393993	7	11.41548	10
7	--	1.580085	0.74205	8	12.15753	11
8	--	1.33836	1.726161	7	13.49589	12
7	--	1.986459	1.936548	8	15.43244	13
8	--	1.36239	1.640765	7	16.79483	14
7	--	0.909159	1.614638	6	17.70399	15
6	--	1.701136	0.978595	7	18.68258	16
7	--	2.001712	0.870339	8	19.55292	17
8	--	1.439568	1.137986	9	20.69091	18
9	--	1.757233	3.3493	8	22.44814	19
8	--	2.189804	1.557792	9	24.00593	20
9	--	4.118999	2.238751	10	26.24468	21

test #35
3	--	1.367431	0.950162	4	0.95016	1
4	--	0.975221	1.46441	3	1.92538	2
3	--	1.914481	1.388279	4	3.31366	3
4	--	1.413829	0.70928	5	4.02294	4
5	--	0.834801	0.986271	4	4.85774	5
4	--	0.920547	0.781086	5	5.63883	6
5	--	0.644937	1.089012	4	6.28377	7
4	--	1.709167	1.498741	5	7.78251	8
5	--	1.355264	0.715169	6	8.49768	9
6	--	0.81105	1.263081	5	9.30873	10
5	--	0.864762	0.978776	4	10.17349	11
4	--	0.707498	1.450039	3	10.88099	12
3	--	1.748206	1.781573	2	12.6292	13
2	--	1.229103	2.436473	1	13.8583	14
1	--	2.639873	1.7258	2	15.5841	15
2	--	0.991442	1.929282	1	16.57554	16
1	--	3.333503	2.337666	2	18.91321	17
2	--	1.456012	1.258834	3	20.17204	18
3	--	1.306112	1.40194	2	21.47815	19
2	--	0.998897	2.01457	1	22.47705	20
1	--	2.292457	3.785369	0	24.76951	21

test #36
3	--	1.532052	0.950864	4	0.95086	1
4	--	0.748664	1.152567	3	1.69952	2
3	--	1.136678	0.78926	4	2.48878	3
4	--	1.022107	0.966026	5	3.45481	4
5	--	0.611307	1.165751	4	4.06612	5
4	--	0.876914	1.585866	3	4.94303	6
3	--	1.37771	1.68809	2	6.32074	7
2	--	2.166508	1.058329	3	7.37907	8
3	--	1.366452	0.766235	4	8.1453	9
4	--	1.141217	0.733482	5	8.87878	10
5	--	0.743162	0.676935	6	9.55571	11
6	--	1.242315	1.44438	5	10.79803	12
5	--	1.315541	1.645084	4	12.11357	13
4	--	1.723337	1.446798	5	13.56037	14
5	--	1.412866	1.664321	4	14.97324	15
4	--	0.679747	1.430572	3	15.65299	16
3	--	1.820836	0.978425	4	16.63141	17
4	--	1.240946	0.668438	5	17.29985	18
5	--	0.911344	0.839303	6	18.13915	19
6	--	0.873572	1.082957	5	19.01272	20
5	--	1.075604	1.319689	4	20.08832	21
4	--	1.448532	1.127343	5	21.21566	22
5	--	1.24925	1.32499	4	22.46491	23
4	--	1.7199	1.07267	5	23.53758	24
5	--	1.582735	1.08883	6	24.62641	25
6	--	0.651278	1.709642	5	25.27769	26
5	--	0.677649	1.395242	4	25.95534	27
4	--	0.660153	0.695324	3	26.61549	28
3	--	0.993588	1.014658	2	27.60908	29
2	--	1.836659	1.356236	3	28.96532	30
3	--	1.186424	1.497493	2	30.15174	31
2	--	1.55824	2.587934	1	31.70998	32
1	--	1.853717	3.315691	0	33.5637	33

test #37
3	--	1.583481	1.125353	4	1.12535	1
4	--	0.74883	1.351705	3	1.87418	2
3	--	0.816786	1.173344	2	2.69097	3
2	--	2.025513	1.950311	3	4.64128	4
3	--	0.8838	1.562971	2	5.52508	5
2	--	1.090075	2.266436	1	6.61515	6
1	--	2.603469	2.681864	0	9.21862	7

test #38
3	--	1.327321	1.333836	2	1.32732	1
2	--	1.970007	1.981602	1	3.29733	2
1	--	1.855852	2.121335	0	5.15318	3

test #39
3	--	1.371853	1.518991	2	1.37185	1
2	--	1.001869	1.093373	1	2.37372	2
1	--	3.230811	2.143766	2	4.51749	3
2	--	0.986198	2.457698	1	5.50369	4
1	--	3.761124	3.699816	2	9.20351	5
2	--	1.681596	2.660833	1	10.88511	6
1	--	2.366741	2.107797	2	12.99291	7
2	--	1.952318	1.098774	3	14.09168	8
3	--	1.363176	1.913909	2	15.45486	9
2	--	1.466158	2.221127	1	16.92102	10
1	--	3.821822	3.128689	2	20.04971	11
2	--	1.900321	1.670566	3	21.72028	12
3	--	1.185122	1.446926	2	22.9054	13
2	--	1.670504	1.415541	3	24.32094	14
3	--	1.156281	0.88792	4	25.20886	15
4	--	1.589611	1.085998	5	26.29486	16
5	--	1.024204	0.666902	6	26.96176	17
6	--	1.337277	1.513286	5	28.29904	18
5	--	0.827948	1.139798	4	29.12699	19
4	--	0.691434	0.817257	3	29.81842	20
3	--	1.848453	1.643841	4	31.46226	21
4	--	1.394322	1.3785	5	32.84076	22
5	--	1.396029	1.552135	4	34.23679	23
4	--	0.830637	0.645349	5	34.88214	24
5	--	1.537442	1.439529	6	36.32167	25
6	--	1.189019	1.619685	5	37.51069	26
5	--	0.706307	0.718766	4	38.217	27
4	--	1.091731	1.138414	3	39.30873	28
3	--	1.557669	1.462606	4	40.77134	29
4	--	0.687632	0.925601	3	41.45897	30
3	--	1.033768	1.143228	2	42.49274	31
2	--	1.532389	1.284467	3	43.77721	32
3	--	1.047803	1.098294	2	44.82501	33
2	--	1.073958	1.06767	3	45.89268	34
3	--	1.170247	0.761527	4	46.65421	35
4	--	1.588363	1.568821	5	48.22303	36
5	--	0.871712	1.225176	4	49.09474	37
4	--	1.102391	0.897466	5	49.99221	38
5	--	1.285238	1.442419	4	51.27745	39
4	--	1.764307	0.98491	5	52.26236	40
5	--	1.093319	0.621364	6	52.88372	41
6	--	0.850103	1.083804	5	53.73382	42
5	--	1.3754	1.601831	4	55.10922	43
4	--	1.529119	0.723417	5	55.83264	44
5	--	1.668679	0.669027	6	56.50167	45
6	--	1.312529	1.560033	5	57.8142	46
5	--	1.218921	0.612485	6	58.42668	47
6	--	0.827554	0.762743	7	59.18942	48
7	--	1.044618	1.220796	6	60.23404	49
6	--	0.656273	1.159942	5	60.89031	50
5	--	0.773587	1.040894	4	61.6639	51
4	--	0.960023	0.709034	5	62.37293	52
5	--	1.611261	0.941831	6	63.31476	53
6	--	1.427212	0.852667	7	64.16743	54
7	--	1.151498	1.94797	6	65.31893	55
6	--	1.621784	1.58937	7	66.9083	56
7	--	1.939896	1.074002	8	67.9823	57
8	--	1.502045	1.930405	7	69.48435	58
7	--	1.309172	1.298441	8	70.78279	59
8	--	1.713058	1.41297	9	72.19576	60
9	--	2.975668	2.40585	10	74.60161	61

test #40
3	--	1.118003	0.89157	4	0.89157	1
4	--	1.481135	1.193227	5	2.0848	2
5	--	0.803149	0.750459	6	2.83526	3
6	--	0.89156	1.622407	5	3.72682	4
5	--	1.096224	1.143872	4	4.82304	5
4	--	1.300031	0.8713	5	5.69434	6
5	--	0.653505	1.299808	4	6.34785	7
4	--	0.750993	1.388932	3	7.09884	8
3	--	1.478876	0.907695	4	8.00654	9
4	--	1.260647	0.667088	5	8.67363	10
5	--	0.910996	1.109329	4	9.58463	11
4	--	0.661432	0.737116	3	10.24606	12
3	--	1.165229	1.445814	2	11.41129	13
2	--	2.549313	1.173899	3	12.58519	14
3	--	1.695166	0.836938	4	13.42213	15
4	--	0.995768	0.783582	5	14.20571	16
5	--	0.819557	0.899964	4	15.02527	17
4	--	1.277033	1.305676	3	16.3023	18
3	--	1.501925	1.211774	4	17.51407	19
4	--	1.534855	1.0224	5	18.53647	20
5	--	1.610946	1.035154	6	19.57162	21
6	--	1.2135	0.647831	7	20.21945	22
7	--	1.434795	0.997501	8	21.21695	23
8	--	2.551171	1.75324	9	22.97019	24
9	--	3.251102	2.798333	10	25.76852	25

test #41
3	--	0.918152	1.711462	2	0.91815	1
2	--	1.89598	0.964924	3	1.88307	2
3	--	1.404605	0.729424	4	2.61249	3
4	--	0.890004	1.171376	3	3.50249	4
3	--	1.112252	1.047215	4	4.54971	5
4	--	0.830097	0.919647	3	5.37981	6
3	--	0.769313	1.248514	2	6.14912	7
2	--	1.174753	1.812319	1	7.32387	8
1	--	2.131367	3.323806	0	9.45524	9

test #42
3	--	1.117141	1.270555	2	1.11714	1
2	--	0.971929	2.593491	1	2.08907	2
1	--	2.998288	3.283671	0	5.08736	3

test #43
3	--	1.869818	1.935773	2	1.86982	1
2	--	1.36406	1.51519	1	3.23388	2
1	--	2.702307	3.505348	0	5.93619	3

test #44
3	--	1.135461	0.781545	4	0.78155	1
4	--	1.745942	0.648474	5	1.43002	2
5	--	1.570721	1.179794	6	2.60981	3
6	--	0.826154	1.303968	5	3.43596	4
5	--	1.305982	0.933502	6	4.36946	5
6	--	0.760105	1.68524	5	5.12957	6
5	--	1.059746	0.755285	6	5.88485	7
6	--	0.652805	0.975194	5	6.53765	8
5	--	0.822171	1.667814	4	7.35982	9
4	--	1.093638	1.081008	5	8.44083	10
5	--	0.780459	1.205006	4	9.22129	11
4	--	1.067459	1.161974	3	10.28875	12
3	--	2.001204	1.680449	4	11.9692	13
4	--	1.323606	0.820555	5	12.78976	14
5	--	1.37818	1.07141	6	13.86117	15
6	--	1.079424	1.303934	5	14.94059	16
5	--	1.149009	1.494714	4	16.0896	17
4	--	0.860288	0.734947	5	16.82455	18
5	--	1.577154	1.196995	6	18.02155	19
6	--	1.761848	1.171732	7	19.19328	20
7	--	0.901747	1.822995	6	20.09503	21
6	--	1.341011	0.810216	7	20.90525	22
7	--	1.760056	1.305435	8	22.21068	23
8	--	1.337544	1.758803	7	23.54822	24
7	--	1.082551	1.336624	6	24.63077	25
6	--	0.975648	0.657079	7	25.28785	26
7	--	1.495652	1.359127	8	26.64698	27
8	--	2.21644	1.84546	9	28.49244	28
9	--	2.33956	3.958876	8	30.832	29
8	--	1.534113	2.488018	7	32.36611	30
7	--	0.792707	1.723556	6	33.15882	31
6	--	1.059216	1.057415	7	34.21623	32
7	--	1.215609	0.830013	8	35.04624	33
8	--	1.777127	1.105337	9	36.15158	34
9	--	2.485446	3.480525	8	38.63703	35
8	--	1.657034	1.976655	7	40.29406	36
7	--	1.25583	1.590274	6	41.54989	37
6	--	1.46353	1.49461	5	43.01342	38
5	--	1.583918	1.529802	6	44.54322	39
6	--	0.895195	1.476886	5	45.43841	40
5	--	1.40006	1.593613	4	46.83847	41
4	--	0.635486	0.807361	3	47.47396	42
3	--	1.152782	0.800642	4	48.2746	43
4	--	1.312164	0.91476	5	49.18936	44
5	--	1.674303	0.923532	6	50.11289	45
6	--	1.650286	1.438708	7	51.5516	46
7	--	1.655622	1.811985	6	53.20722	47
6	--	0.797846	0.652121	7	53.85934	48
7	--	1.074074	1.808079	6	54.93341	49
6	--	0.909488	0.843153	7	55.77656	50
7	--	1.962117	1.012866	8	56.78943	51
8	--	2.303065	1.4989	9	58.28833	52
9	--	3.117846	4.509816	8	61.40618	53
8	--	2.336358	1.200433	9	62.60661	54
9	--	3.884362	2.153275	10	64.75988	55

test #45
3	--	1.446081	1.386779	4	1.38678	1
4	--	0.911338	0.726948	5	2.11373	2
5	--	0.928932	0.760642	6	2.87437	3
6	--	1.354399	1.130285	7	4.00465	4
7	--	1.125499	1.738607	6	5.13015	5
6	--	1.730762	1.421993	7	6.55214	6
7	--	0.751255	1.513274	6	7.3034	7
6	--	1.004542	1.300049	5	8.30794	8
5	--	0.733344	1.275659	4	9.04128	9
4	--	0.649038	0.726489	3	9.69032	10
3	--	1.191613	1.031476	4	10.7218	11
4	--	1.239482	1.227051	5	11.94885	12
5	--	0.617636	1.638117	4	12.56649	13
4	--	0.853116	1.406187	3	13.41961	14
3	--	0.906543	0.871375	4	14.29099	15
4	--	0.791376	1.605423	3	15.08237	16
3	--	0.769655	1.789287	2	15.85202	17
2	--	1.702838	1.542272	3	17.39429	18
3	--	1.024754	1.238377	2	18.41904	19
2	--	2.08536	1.336747	3	19.75579	20
3	--	1.101605	1.911125	2	20.85739	21
2	--	1.669294	2.204001	1	22.52668	22
1	--	3.938245	1.969211	2	24.49589	23
2	--	1.13967	1.561193	1	25.63556	24
1	--	2.262477	2.345947	0	27.89804	25

test #46
3	--	1.125275	1.156541	2	1.12528	1
2	--	0.970179	2.46192	1	2.09546	2
1	--	2.556446	1.774264	2	3.86972	3
2	--	1.630115	1.231458	3	5.10118	4
3	--	0.824802	1.821425	2	5.92598	5
2	--	1.200896	2.578432	1	7.12688	6
1	--	2.125229	2.178217	0	9.25211	7

test #47
3	--	1.239873	1.123396	4	1.1234	1
4	--	1.526317	1.092767	5	2.21617	2
5	--	0.941059	1.254366	4	3.15723	3
4	--	1.267871	1.034755	5	4.19199	4
5	--	0.765251	0.812434	4	4.95724	5
4	--	1.22834	1.031195	5	5.98844	6
5	--	1.467249	0.843621	6	6.83206	7
6	--	1.109306	0.673706	7	7.50577	8
7	--	1.434807	1.589025	6	8.94058	9
6	--	1.657502	1.09593	7	10.03651	10
7	--	0.924004	1.320693	6	10.96051	11
6	--	1.295877	1.334288	5	12.25639	12
5	--	1.514402	0.949271	6	13.20566	13
6	--	0.977553	0.906892	7	14.11255	14
7	--	1.804376	2.013117	6	15.91693	15
6	--	0.979406	1.77084	5	16.89634	16
5	--	1.415383	0.67124	6	17.56758	17
6	--	1.564223	0.729627	7	18.29721	18
7	--	1.499461	1.669285	6	19.79667	19
6	--	0.829345	1.637618	5	20.62601	20
5	--	1.023245	1.564714	4	21.64925	21
4	--	1.047975	1.526809	3	22.69723	22
3	--	1.690001	1.850888	2	24.38723	23
2	--	1.701834	1.227826	3	25.61506	24
3	--	1.896829	1.443848	4	27.05891	25
4	--	0.999322	1.212944	3	28.05823	26
3	--	1.758486	0.80714	4	28.86537	27
4	--	1.625149	1.14394	5	30.00931	28
5	--	1.033018	1.389056	4	31.04233	29
4	--	1.520156	1.714588	3	32.56249	30
3	--	1.438691	0.962593	4	33.52508	31
4	--	0.945438	1.151602	3	34.47052	32
3	--	0.87456	1.118127	2	35.34508	33
2	--	1.871271	1.016537	3	36.36162	34
3	--	1.027672	1.429288	2	37.38929	35
2	--	1.322916	2.409285	1	38.71221	36
1	--	2.336952	2.523248	0	41.04916	37

test #48
3	--	1.09221	0.873657	4	0.87366	1
4	--	0.726768	1.05932	3	1.60043	2
3	--	1.916643	0.860444	4	2.46087	3
4	--	0.997516	0.823439	5	3.28431	4
5	--	0.789921	0.744685	6	4.029	5
6	--	1.005073	1.674647	5	5.03407	6
5	--	1.533819	0.712197	6	5.74627	7
6	--	1.112486	0.719742	7	6.46601	8
7	--	1.492961	2.034499	6	7.95897	9
6	--	1.561897	1.081427	7	9.0404	10
7	--	1.267487	1.635762	6	10.30789	11
6	--	1.32046	0.914039	7	11.22193	12
7	--	1.305216	0.845525	8	12.06745	13
8	--	2.149041	1.001034	9	13.06848	14
9	--	2.071623	3.170168	8	15.1401	15
8	--	1.325464	1.476243	7	16.46556	16
7	--	1.76374	0.803375	8	17.26893	17
8	--	1.68198	1.534436	9	18.80337	18
9	--	3.083277	2.474846	10	21.27822	19

test #49
3	--	1.67499	1.07281	4	1.07281	1
4	--	0.936882	0.792817	5	1.86563	2
5	--	1.510562	0.734131	6	2.59976	3
6	--	1.018935	1.174608	5	3.61869	4
5	--	0.984308	0.847847	6	4.46654	5
6	--	0.970356	1.203685	5	5.4369	6
5	--	1.255407	0.921538	6	6.35844	7
6	--	1.104213	0.951667	7	7.31011	8
7	--	0.866341	1.773497	6	8.17645	9
6	--	0.805028	0.888425	5	8.98148	10
5	--	1.144913	1.077137	6	10.05862	11
6	--	1.50645	0.669405	7	10.72803	12
7	--	1.978876	1.158978	8	11.88701	13
8	--	2.545773	1.481176	9	13.36819	14
9	--	2.510994	4.60766	8	15.87918	15
8	--	1.687489	2.510326	7	17.56667	16
7	--	1.233552	1.75874	6	18.80022	17
6	--	1.268084	1.499559	5	20.0683	18
5	--	0.971294	1.687864	4	21.03959	19
4	--	1.442773	1.402621	5	22.44221	20
5	--	1.305138	0.943349	6	23.38556	21
6	--	1.347445	1.418405	5	24.73301	22
5	--	1.568146	0.805478	6	25.53849	23
6	--	1.022998	1.239467	5	26.56149	24
5	--	0.643309	0.881139	4	27.2048	25
4	--	0.698133	0.76037	3	27.90293	26
3	--	1.768376	1.58644	4	29.48937	27
4	--	0.665734	0.793936	3	30.1551	28
3	--	1.2027	1.414835	2	31.3578	29
2	--	2.229046	1.948944	3	33.30674	30
3	--	1.507415	1.40157	4	34.70831	31
4	--	1.404935	1.143738	5	35.85205	32
5	--	0.850194	0.698835	6	36.55088	33
6	--	0.995517	0.962316	7	37.5132	34
7	--	1.774467	0.762502	8	38.2757	35
8	--	1.676028	2.670531	7	39.95173	36
7	--	2.022318	1.254666	8	41.2064	37
8	--	1.290609	1.513488	7	42.49701	38
7	--	1.347884	1.742763	6	43.84489	39
6	--	1.192083	0.970611	7	44.8155	40
7	--	1.130949	0.774328	8	45.58983	41
8	--	1.655376	1.673595	7	47.24521	42
7	--	0.89779	0.776461	8	48.02167	43
8	--	2.141807	1.833029	9	49.8547	44
9	--	3.806432	3.312436	10	53.16714	45

test #50
3	--	0.832564	1.873247	2	0.83256	1
2	--	1.959152	0.99504	3	1.8276	2
3	--	1.063732	0.756906	4	2.58451	3
4	--	1.224496	1.510473	3	3.80901	4
3	--	1.707217	0.75069	4	4.5597	5
4	--	0.810219	1.116939	3	5.36992	6
3	--	1.82325	1.604577	4	6.9745	7
4	--	1.060386	1.652903	3	8.03489	8
3	--	1.830071	1.348725	4	9.38361	9
4	--	1.468453	1.205288	5	10.5889	10
5	--	1.017271	0.992865	6	11.58176	11
6	--	1.422806	0.667179	7	12.24894	12
7	--	1.057411	1.823985	6	13.30635	13
6	--	0.897302	0.72543	7	14.03178	14
7	--	1.610524	1.213769	8	15.24555	15
8	--	2.083735	1.413596	9	16.65915	16
9	--	3.577566	3.886403	8	20.23672	17
8	--	1.75503	2.394916	7	21.99175	18
7	--	0.739747	1.234278	6	22.7315	19
6	--	1.346961	0.774811	7	23.50631	20
7	--	0.952689	0.922537	8	24.42885	21
8	--	2.190443	1.756635	9	26.18548	22
9	--	2.356546	2.584812	8	28.54203	23
8	--	1.03784	1.158906	7	29.57987	24
7	--	1.853545	1.354491	8	30.93436	25
8	--	1.55995	2.105048	7	32.49431	26
7	--	1.019202	0.891763	8	33.38607	27
8	--	2.245091	2.602968	7	35.63116	28
7	--	1.872613	1.230004	8	36.86116	29
8	--	0.977577	1.186874	7	37.83874	30
7	--	1.70513	2.018625	6	39.54387	31
6	--	1.002693	1.555573	5	40.54656	32
5	--	0.719982	1.178646	4	41.26654	33
4	--	0.784641	0.69191	5	41.95845	34
5	--	1.063825	0.718332	6	42.67678	35
6	--	1.382515	0.798036	7	43.47482	36
7	--	1.976016	1.325807	8	44.80063	37
8	--	1.401928	2.34736	7	46.20256	38
7	--	0.989627	1.820114	6	47.19219	39
6	--	1.576093	0.809273	7	48.00146	40
7	--	0.905136	1.705929	6	48.9066	41
6	--	0.821746	1.680883	5	49.72835	42
5	--	0.840566	1.451468	4	50.56892	43
4	--	1.748829	1.094642	5	51.66356	44
5	--	0.62518	0.944046	4	52.28874	45
4	--	1.503681	1.458151	5	53.74689	46
5	--	1.446604	1.384889	6	55.13178	47
6	--	1.699946	1.766708	5	56.83173	48
5	--	0.909854	0.61068	6	57.44241	49
6	--	1.314037	0.814881	7	58.25729	50
7	--	1.595218	1.227544	8	59.48483	51
8	--	1.914	2.194006	7	61.39883	52
7	--	1.121189	0.971031	8	62.36986	53
8	--	1.330085	2.261881	7	63.69994	54
7	--	1.389669	1.177714	8	64.87765	55
8	--	1.246931	1.012146	9	65.8898	56
9	--	3.519656	3.593511	8	69.40946	57
8	--	1.265186	1.713414	7	70.67465	58
7	--	1.563711	0.922022	8	71.59667	59
8	--	2.5907	1.163061	9	72.75973	60
9	--	4.255285	3.798301	10	76.55803	61

test #51
3	--	0.929848	1.32669	2	0.92985	1
2	--	2.327609	2.023323	3	2.95317	2
3	--	1.929996	1.322767	4	4.27594	3
4	--	1.164981	1.385805	3	5.44092	4
3	--	0.763219	0.930792	2	6.20414	5
2	--	1.829367	1.64155	3	7.84569	6
3	--	1.934566	0.9202	4	8.76589	7
4	--	0.918301	1.594668	3	9.68419	8
3	--	1.703692	1.230611	4	10.9148	9
4	--	1.586385	0.927813	5	11.84261	10
5	--	0.866556	0.982882	4	12.70917	11
4	--	1.644836	1.322103	5	14.03127	12
5	--	1.639691	1.416557	6	15.44783	13
6	--	1.686558	0.846979	7	16.29481	14
7	--	1.422246	0.79529	8	17.0901	15
8	--	1.27706	1.020679	9	18.11078	16
9	--	3.296202	4.715755	8	21.40698	17
8	--	0.95709	1.237041	7	22.36407	18
7	--	1.768555	1.312593	8	23.67666	19
8	--	0.963689	1.708011	7	24.64035	20
7	--	0.882143	0.840302	8	25.48065	21
8	--	1.449616	1.822501	7	26.93027	22
7	--	1.787238	1.272924	8	28.20319	23
8	--	1.183955	2.268691	7	29.38715	24
7	--	1.093762	1.234871	6	30.48091	25
6	--	0.77813	0.928886	5	31.25904	26
5	--	1.667149	0.961671	6	32.22071	27
6	--	1.138152	1.01311	7	33.23382	28
7	--	1.249628	1.522577	6	34.48345	29
6	--	1.182265	1.154058	7	35.63751	30
7	--	0.828171	1.399036	6	36.46568	31
6	--	1.68171	0.957852	7	37.42353	32
7	--	1.267406	0.918709	8	38.34224	33
8	--	2.587039	1.811576	9	40.15382	34
9	--	3.832033	2.693792	10	42.84761	35

test #52
3	--	0.93295	1.191441	2	0.93295	1
2	--	2.455253	2.138382	3	3.07133	2
3	--	1.078053	1.654356	2	4.14938	3
2	--	1.218796	1.41322	1	5.36818	4
1	--	2.673021	2.619655	2	7.98783	5
2	--	1.6615	2.373487	1	9.64933	6
1	--	3.674441	3.659814	2	13.30914	7
2	--	1.765723	1.534918	3	14.84406	8
3	--	1.755992	1.935368	2	16.60005	9
2	--	1.676073	1.303653	3	17.9037	10
3	--	1.098318	1.238606	2	19.00202	11
2	--	1.388016	1.986073	1	20.39004	12
1	--	1.954661	3.249025	0	22.3447	13

test #53
3	--	1.000143	1.854715	2	1.00014	1
2	--	1.073157	1.737112	1	2.0733	2
1	--	4.05815	3.844514	2	5.91781	3
2	--	1.035196	2.106119	1	6.95301	4
1	--	3.41456	3.62762	0	10.36757	5

test #54
3	--	1.574739	1.964539	2	1.57474	1
2	--	2.064541	1.681022	3	3.25576	2
3	--	1.966886	0.885557	4	4.14132	3
4	--	1.084685	1.232323	3	5.226	4
3	--	1.01014	1.361066	2	6.23614	5
2	--	1.53601	1.040957	3	7.2771	6
3	--	2.016109	1.570562	4	8.84766	7
4	--	1.074588	1.303966	3	9.92225	8
3	--	1.469347	1.001657	4	10.92391	9
4	--	1.329968	0.696675	5	11.62059	10
5	--	1.265777	1.676852	4	12.88637	11
4	--	0.877911	1.074646	3	13.76428	12
3	--	1.405518	1.372161	4	15.13644	13
4	--	1.139601	1.388141	3	16.27604	14
3	--	0.814341	1.246696	2	17.09038	15
2	--	1.084533	1.085365	1	18.17491	16
1	--	2.035144	4.134937	0	20.21005	17

test #55
3	--	1.248449	1.695707	2	1.24845	1
2	--	1.577148	2.373541	1	2.8256	2
1	--	4.254447	2.888156	2	5.71376	3
2	--	1.440053	2.251943	1	7.15381	4
1	--	2.71706	3.12512	0	9.87087	5

test #56
3	--	1.469037	0.768448	4	0.76845	1
4	--	0.875499	1.108462	3	1.64395	2
3	--	1.496853	1.890902	2	3.1408	3
2	--	1.716261	2.630431	1	4.85706	4
1	--	3.096748	3.863367	0	7.95381	5

test #57
3	--	1.330699	1.888326	2	1.3307	1
2	--	1.807027	2.011159	1	3.13773	2
1	--	2.042322	3.123851	0	5.18005	3

test #58
3	--	1.360301	1.138297	4	1.1383	1
4	--	1.384864	0.814146	5	1.95245	2
5	--	0.722906	1.305591	4	2.67536	3
4	--	0.95134	1.170132	3	3.6267	4
3	--	1.398258	1.704301	2	5.02496	5
2	--	2.568212	1.037056	3	6.06202	6
3	--	1.212516	1.612762	2	7.27454	7
2	--	2.325709	1.200581	3	8.47512	8
3	--	1.451032	1.96514	2	9.92615	9
2	--	1.463973	1.63251	1	11.39012	10
1	--	3.649614	2.076475	2	13.46659	11
2	--	2.435689	2.362532	3	15.82912	12
3	--	1.718295	1.222804	4	17.05192	13
4	--	1.387784	1.25943	5	18.31135	14
5	--	1.078559	0.989943	6	19.30129	15
6	--	1.332225	1.305834	7	20.60712	16
7	--	0.930634	1.143507	6	21.53775	17
6	--	0.729267	1.233514	5	22.26702	18
5	--	1.193488	1.419058	4	23.46051	19
4	--	1.715502	1.217856	5	24.67837	20
5	--	1.134075	0.741417	6	25.41979	21
6	--	0.793375	0.655367	7	26.07516	22
7	--	1.751627	1.746103	8	27.82126	23
8	--	1.449683	2.21918	7	29.27094	24
7	--	1.474993	0.741182	8	30.01212	25
8	--	2.033286	1.481305	9	31.49343	26
9	--	2.100509	1.78349	10	33.27692	27

test #59
3	--	1.755471	1.121586	4	1.12159	1
4	--	1.672579	0.939953	5	2.06154	2
5	--	1.168119	1.252802	4	3.22966	3
4	--	1.289098	1.055739	5	4.2854	4
5	--	1.074327	1.356748	4	5.35973	5
4	--	1.588587	1.411697	5	6.77143	6
5	--	1.17731	0.695293	6	7.46672	7
6	--	0.949864	1.760288	5	8.41658	8
5	--	0.854127	0.858291	4	9.27071	9
4	--	0.887129	0.944045	3	10.15784	10
3	--	1.444337	0.921125	4	11.07896	11
4	--	0.77843	1.4665	3	11.85739	12
3	--	1.144201	0.86875	4	12.72614	13
4	--	0.884259	0.913419	3	13.6104	14
3	--	1.186185	1.459591	2	14.79659	15
2	--	1.851515	2.329674	1	16.64811	16
1	--	4.564285	2.339202	2	18.98731	17
2	--	1.570617	1.666826	1	20.55793	18
1	--	3.144863	2.642914	2	23.20084	19
2	--	1.936766	1.621716	3	24.82256	20
3	--	0.899467	1.871617	2	25.72203	21
2	--	1.112559	1.58798	1	26.83459	22
1	--	3.596842	2.817849	2	29.65244	23
2	--	2.13996	2.431998	1	31.7924	24
1	--	4.28741	2.489991	2	34.28239	25
2	--	2.146563	1.294696	3	35.57709	26
3	--	1.16288	1.896179	2	36.73997	27
2	--	1.025141	1.920515	1	37.76511	28
1	--	3.686724	4.600071	0	41.45183	29

test #60
3	--	1.599708	1.529785	4	1.52978	1
4	--	0.931758	1.323921	3	2.46154	2
3	--	1.971755	0.864954	4	3.32649	3
4	--	1.046527	1.543988	3	4.37302	4
3	--	1.422334	1.348151	4	5.72117	5
4	--	0.701056	1.052414	3	6.42223	6
3	--	1.064253	1.56146	2	7.48648	7
2	--	2.028184	1.583456	3	9.06994	8
3	--	1.921683	1.601699	4	10.67164	9
4	--	0.650346	1.267068	3	11.32199	10
3	--	0.769817	2.026227	2	12.09181	11
2	--	1.302802	1.496553	1	13.39461	12
1	--	4.533541	4.468233	2	17.86284	13
2	--	1.079614	1.437622	1	18.94245	14
1	--	2.670355	2.641647	2	21.5841	15
2	--	1.757559	2.041068	1	23.34166	16
1	--	1.725663	4.710759	0	25.06732	17

test #61
3	--	1.318144	1.274271	4	1.27427	1
4	--	0.852412	1.326221	3	2.12668	2
3	--	0.890251	1.218067	2	3.01693	3
2	--	1.097412	1.639063	1	4.11434	4
1	--	2.546036	2.397145	2	6.51149	5
2	--	1.104247	1.407555	1	7.61574	6
1	--	4.367513	3.294049	2	10.90979	7
2	--	2.170668	1.858956	3	12.76875	8
3	--	1.527236	1.053765	4	13.82252	9
4	--	1.159379	0.715763	5	14.53828	10
5	--	0.927629	1.311684	4	15.46591	11
4	--	0.91324	1.131302	3	16.37915	12
3	--	0.940996	1.159736	2	17.32015	13
2	--	1.214218	1.384259	1	18.53437	14
1	--	3.363411	4.267954	0	21.89778	15

test #62
3	--	1.504818	1.442352	4	1.44235	1
4	--	0.706933	1.061137	3	2.14928	2
3	--	0.760059	0.855145	2	2.90934	3
2	--	1.936903	1.475707	3	4.38505	4
3	--	0.968194	1.804799	2	5.35324	5
2	--	1.101096	1.148467	1	6.45434	6
1	--	2.17793	3.422721	0	8.63227	7

test #63
3	--	0.875355	1.394506	2	0.87535	1
2	--	1.686753	2.059445	1	2.5621	2
1	--	3.572415	4.33823	0	6.13451	3

test #64
3	--	1.005037	0.957014	4	0.95701	1
4	--	1.34365	0.920673	5	1.87768	2
5	--	1.667713	1.378199	6	3.25588	3
6	--	1.677729	0.776592	7	4.03247	4
7	--	1.223996	1.774793	6	5.25647	5
6	--	1.659692	0.906632	7	6.1631	6
7	--	1.572046	1.519064	8	7.68216	7
8	--	1.041182	2.115243	7	8.72334	8
7	--	1.0916	1.502908	6	9.81494	9
6	--	1.323467	0.660805	7	10.47574	10
7	--	0.936124	1.030503	6	11.41186	11
6	--	1.542279	1.72346	5	12.95414	12
5	--	1.128339	1.379517	4	14.08248	13
4	--	1.779429	1.676201	5	15.75868	14
5	--	0.799748	1.703135	4	16.55843	15
4	--	1.344022	1.533598	3	17.90245	16
3	--	1.222656	1.381785	2	19.12511	17
2	--	1.930371	0.958066	3	20.08318	18
3	--	1.417486	1.10075	4	21.18393	19
4	--	1.060458	0.73761	5	21.92154	20
5	--	0.951608	0.837597	6	22.75914	21
6	--	0.703838	1.72441	5	23.46298	22
5	--	0.805052	0.915847	4	24.26803	23
4	--	0.682943	0.84088	3	24.95097	24
3	--	1.416032	0.781717	4	25.73269	25
4	--	1.106581	0.720151	5	26.45284	26
5	--	1.514406	0.726419	6	27.17926	27
6	--	1.615483	1.028494	7	28.20775	28
7	--	1.128121	1.181743	6	29.33587	29
6	--	1.68197	1.027885	7	30.36375	30
7	--	0.877577	1.553865	6	31.24133	31
6	--	1.419393	1.169864	7	32.41119	32
7	--	0.899771	0.804848	8	33.21604	33
8	--	2.547163	2.352109	9	35.56815	34
9	--	2.062866	3.171195	8	37.63102	35
8	--	1.209777	2.064847	7	38.8408	36
7	--	1.149689	0.728474	8	39.56927	37
8	--	2.073035	1.376977	9	40.94625	38
9	--	4.22011	2.765	10	43.71125	39

test #65
3	--	1.571877	1.248704	4	1.2487	1
4	--	1.320598	1.027584	5	2.27628	2
5	--	0.896468	0.710406	6	2.98669	3
6	--	0.912701	0.956918	5	3.89939	4
5	--	1.372503	0.767516	6	4.66691	5
6	--	1.397291	1.36122	7	6.02813	6
7	--	1.022931	1.401492	6	7.05106	7
6	--	0.669393	1.554667	5	7.72045	8
5	--	0.883727	0.903833	4	8.60418	9
4	--	1.752593	0.990777	5	9.59496	10
5	--	0.756352	0.827333	4	10.35131	11
4	--	0.973022	1.132899	3	11.32433	12
3	--	1.649403	0.909265	4	12.23359	13
4	--	1.346388	1.090164	5	13.32375	14
5	--	0.731916	1.197602	4	14.05567	15
4	--	0.865164	0.874777	3	14.92083	16
3	--	1.061975	1.900239	2	15.9828	17
2	--	1.854364	1.473944	3	17.45674	18
3	--	1.766018	0.952079	4	18.40882	19
4	--	1.362197	0.719658	5	19.12848	20
5	--	1.199071	1.596106	4	20.32755	21
4	--	0.897776	1.050848	3	21.22533	22
3	--	1.008771	1.353235	2	22.2341	23
2	--	2.237875	1.889563	3	24.12366	24
3	--	1.219888	1.436288	2	25.34355	25
2	--	1.567925	1.044847	3	26.3884	26
3	--	1.033878	1.239447	2	27.42228	27
2	--	1.140187	2.564018	1	28.56247	28
1	--	1.919593	2.2375	0	30.48206	29

test #66
3	--	1.623665	1.830458	2	1.62366	1
2	--	1.225934	1.668741	1	2.84959	2
1	--	2.170492	3.14863	0	5.02008	3

test #67
3	--	1.522529	1.547214	2	1.52253	1
2	--	1.17744	1.093088	3	2.61562	2
3	--	1.749305	0.856841	4	3.47246	3
4	--	0.742247	0.860805	3	4.21471	4
3	--	0.831426	0.824172	4	5.03888	5
4	--	1.097429	1.575845	3	6.13631	6
3	--	1.459006	1.794172	2	7.59532	7
2	--	1.383365	2.602424	1	8.97868	8
1	--	2.338172	3.533765	0	11.31685	9

test #68
3	--	1.65909	0.789794	4	0.78979	1
4	--	0.826728	1.430596	3	1.61652	2
3	--	0.824605	1.706552	2	2.44113	3
2	--	2.229543	1.885372	3	4.3265	4
3	--	1.301213	1.940483	2	5.62771	5
2	--	1.703914	1.576478	3	7.20419	6
3	--	1.655133	0.977641	4	8.18183	7
4	--	0.880336	0.938496	3	9.06217	8
3	--	2.028115	1.759939	4	10.82211	9
4	--	1.555003	1.465252	5	12.28736	10
5	--	0.635614	1.062438	4	12.92297	11
4	--	1.689206	1.462785	5	14.38576	12
5	--	0.830809	1.37167	4	15.21657	13
4	--	1.620972	1.620217	5	16.83679	14
5	--	0.992566	1.040682	4	17.82936	15
4	--	0.782696	1.069815	3	18.61206	16
3	--	0.869067	1.358793	2	19.48113	17
2	--	2.196222	1.339606	3	20.82074	18
3	--	0.828292	0.810335	4	21.63108	19
4	--	1.144943	1.265569	3	22.77602	20
3	--	1.593849	1.346898	4	24.12292	21
4	--	1.073381	1.299545	3	25.1963	22
3	--	1.679536	1.630579	4	26.82688	23
4	--	1.042946	0.677715	5	27.50459	24
5	--	0.961443	0.651395	6	28.15598	25
6	--	0.775541	0.845065	5	28.93152	26
5	--	1.073689	1.555397	4	30.00521	27
4	--	1.567325	0.729649	5	30.73486	28
5	--	1.500727	1.127128	6	31.86199	29
6	--	1.478001	1.306048	7	33.16804	30
7	--	1.096271	0.807802	8	33.97584	31
8	--	2.412507	1.173002	9	35.14884	32
9	--	1.718682	3.894819	8	36.86752	33
8	--	1.645505	1.483292	9	38.35081	34
9	--	3.801289	2.08918	10	40.43999	35

test #69
3	--	0.864851	1.165148	2	0.86485	1
2	--	0.961045	1.126514	1	1.8259	2
1	--	3.512735	3.85573	0	5.33864	3

test #70
3	--	2.012511	0.806784	4	0.80678	1
4	--	1.204605	1.53714	3	2.01138	2
3	--	1.474431	1.968361	2	3.48581	3
2	--	2.24365	2.072789	3	5.5586	4
3	--	0.744576	0.836112	2	6.30318	5
2	--	1.873048	1.258672	3	7.56185	6
3	--	1.51735	0.961383	4	8.52323	7
4	--	0.853982	0.912767	3	9.37721	8
3	--	1.11579	1.0487	4	10.42591	9
4	--	0.944959	0.877998	5	11.30391	10
5	--	1.003983	0.692365	6	11.99628	11
6	--	1.634939	0.667471	7	12.66375	12
7	--	1.241453	1.468423	6	13.9052	13
6	--	1.473194	0.746437	7	14.65164	14
7	--	0.771267	1.002723	6	15.42291	15
6	--	1.467644	0.709636	7	16.13255	16
7	--	0.876144	0.808128	8	16.94068	17
8	--	1.265597	2.1125	7	18.20628	18
7	--	1.901404	1.121714	8	19.32799	19
8	--	2.47732	1.657954	9	20.98594	20
9	--	3.399937	2.185704	10	23.17164	21

test #71
3	--	1.973158	1.106949	4	1.10695	1
4	--	0.965628	1.64754	3	2.07258	2
3	--	0.776684	1.877472	2	2.84926	3
2	--	1.603764	2.012513	1	4.45302	4
1	--	2.278696	2.902513	0	6.73172	5

test #72
3	--	0.840619	1.800979	2	0.84062	1
2	--	1.369602	1.570038	1	2.21022	2
1	--	2.591751	2.685592	0	4.80197	3

test #73
3	--	1.162209	1.073118	4	1.07312	1
4	--	1.136679	1.065663	5	2.13878	2
5	--	0.931116	1.392195	4	3.0699	3
4	--	1.062802	1.117524	3	4.1327	4
3	--	1.274419	1.842264	2	5.40712	5
2	--	1.476752	1.57064	1	6.88387	6
1	--	4.722444	1.956249	2	8.84012	7
2	--	1.361492	2.304272	1	10.20161	8
1	--	3.287722	1.75661	2	11.95822	9
2	--	2.608198	2.074655	3	14.03287	10
3	--	1.83066	1.221002	4	15.25387	11
4	--	0.875707	0.974546	3	16.12958	12
3	--	1.126227	1.830903	2	17.25581	13
2	--	1.002087	2.117675	1	18.2579	14
1	--	2.158387	2.765232	0	20.41629	15

test #74
3	--	1.387975	1.926586	2	1.38797	1
2	--	1.955597	2.277177	1	3.34357	2
1	--	3.39656	2.925573	2	6.26914	3
2	--	1.430031	1.647119	1	7.69917	4
1	--	4.470114	3.698712	2	11.39788	5
2	--	1.451414	2.122824	1	12.84929	6
1	--	2.677126	3.702088	0	15.52642	7

test #75
3	--	1.041637	1.440392	2	1.04164	1
2	--	2.230065	1.035874	3	2.07751	2
3	--	0.733569	1.136514	2	2.81108	3
2	--	1.423627	1.955387	1	4.23471	4
1	--	3.659402	1.769471	2	6.00418	5
2	--	2.344575	1.11701	3	7.12119	6
3	--	1.29979	2.021256	2	8.42098	7
2	--	1.908613	1.706184	3	10.12716	8
3	--	0.827798	1.333667	2	10.95496	9
2	--	1.051463	2.079588	1	12.00642	10
1	--	3.01969	2.787051	2	14.79347	11
2	--	1.28766	2.587325	1	16.08113	12
1	--	3.946404	2.882259	2	18.96339	13
2	--	1.069825	1.251411	1	20.03322	14
1	--	3.308402	2.760339	2	22.79356	15
2	--	2.011645	1.848674	3	24.64223	16
3	--	1.523923	1.762868	2	26.16615	17
2	--	2.491033	1.199933	3	27.36608	18
3	--	1.751762	1.596125	4	28.96221	19
4	--	0.856929	1.012176	3	29.81914	20
3	--	0.812257	1.188689	2	30.6314	21
2	--	1.365408	2.374888	1	31.99681	22
1	--	3.985935	1.961778	2	33.95859	23
2	--	1.00248	1.034033	1	34.96107	24
1	--	2.060122	3.950479	0	37.02119	25

test #76
3	--	1.506912	1.071515	4	1.07151	1
4	--	1.465341	1.369676	5	2.44119	2
5	--	1.182798	0.615977	6	3.05717	3
6	--	0.90772	0.77744	7	3.83461	4
7	--	0.940856	1.878899	6	4.77547	5
6	--	1.569532	0.724906	7	5.50038	6
7	--	1.219812	0.933252	8	6.43363	7
8	--	1.889389	1.728766	9	8.1624	8
9	--	2.39713	2.0391	10	10.2015	9

test #77
3	--	1.759898	0.886473	4	0.88647	1
4	--	1.171733	0.894135	5	1.78061	2
5	--	0.786579	1.352472	4	2.56719	3
4	--	1.451561	1.025322	5	3.59251	4
5	--	0.768731	1.155582	4	4.36124	5
4	--	1.400876	1.536741	3	5.76212	6
3	--	0.768067	1.224394	2	6.53019	7
2	--	2.617995	1.187908	3	7.7181	8
3	--	0.996715	0.757626	4	8.47573	9
4	--	0.904	0.865115	5	9.34084	10
5	--	0.829956	0.791677	6	10.13252	11
6	--	0.649448	0.884139	5	10.78197	12
5	--	1.065231	1.12851	4	11.8472	13
4	--	1.19274	1.421272	3	13.03994	14
3	--	1.607179	1.871212	2	14.64712	15
2	--	2.512406	1.328242	3	15.97536	16
3	--	0.802155	1.650786	2	16.77751	17
2	--	2.426178	1.55592	3	18.33343	18
3	--	1.81296	0.993551	4	19.32698	19
4	--	1.304627	0.761173	5	20.08815	20
5	--	0.723223	1.570584	4	20.81137	21
4	--	0.797315	1.300769	3	21.60868	22
3	--	1.612969	0.764551	4	22.37323	23
4	--	1.432161	0.786774	5	23.16	24
5	--	1.191485	1.255173	4	24.35148	25
4	--	1.679923	1.026965	5	25.37844	26
5	--	0.653021	0.903946	4	26.03146	27
4	--	1.069151	0.815459	5	26.84692	28
5	--	1.180086	1.364713	4	28.02701	29
4	--	0.689801	0.954277	3	28.71681	30
3	--	1.26714	1.618248	2	29.98395	31
2	--	1.021248	1.253541	1	31.0052	32
1	--	1.876222	2.233727	0	32.88142	33

test #78
3	--	1.308913	0.974625	4	0.97462	1
4	--	1.277287	1.625269	3	2.25191	2
3	--	1.704462	1.541197	4	3.79311	3
4	--	1.540534	1.315004	5	5.10811	4
5	--	1.186384	1.418787	4	6.29449	5
4	--	1.658424	0.913578	5	7.20807	6
5	--	1.314497	0.795696	6	8.00377	7
6	--	1.230286	1.063138	7	9.06691	8
7	--	1.657173	1.795824	6	10.72408	9
6	--	0.827246	1.694783	5	11.55133	10
5	--	1.319302	0.685455	6	12.23679	11
6	--	1.460849	0.652324	7	12.88911	12
7	--	0.866687	0.98643	6	13.7558	13
6	--	1.132573	0.958068	7	14.71387	14
7	--	0.801651	1.292851	6	15.51552	15
6	--	0.973209	1.05247	5	16.48873	16
5	--	1.222006	0.954579	6	17.44331	17
6	--	1.343847	1.24978	7	18.69309	18
7	--	1.280086	1.357707	6	19.97318	19
6	--	1.114465	0.700332	7	20.67351	20
7	--	0.88001	0.936622	6	21.55352	21
6	--	1.226284	1.188809	7	22.74233	22
7	--	1.541192	1.813449	6	24.28352	23
6	--	1.159946	1.306245	5	25.44347	24
5	--	1.580686	1.694595	4	27.02416	25
4	--	0.751767	0.746138	5	27.7703	26
5	--	1.414134	1.691646	4	29.18443	27
4	--	1.154026	1.279542	3	30.33846	28
3	--	0.970338	1.982507	2	31.3088	29
2	--	0.978412	1.791667	1	32.28721	30
1	--	2.774326	2.446117	2	34.73333	31
2	--	2.468386	1.208637	3	35.94197	32
3	--	1.323879	1.640193	2	37.26585	33
2	--	1.650636	1.692251	1	38.91649	34
1	--	2.743968	1.899032	2	40.81552	35
2	--	2.236616	2.428511	1	43.05214	36
1	--	3.502743	4.173903	0	46.55488	37

test #79
3	--	1.325786	0.910053	4	0.91005	1
4	--	1.365884	1.536664	3	2.27593	2
3	--	1.182004	1.583858	2	3.45793	3
2	--	1.435537	1.510087	1	4.89347	4
1	--	2.146885	2.820753	0	7.04036	5

test #80
3	--	1.188139	1.044782	4	1.04478	1
4	--	1.370148	0.856415	5	1.9012	2
5	--	1.158337	0.709623	6	2.61082	3
6	--	1.237272	0.693254	7	3.30407	4
7	--	0.756488	1.523418	6	4.06056	5
6	--	1.504431	1.48293	7	5.54349	6
7	--	1.313739	1.92292	6	6.85723	7
6	--	1.257848	0.857545	7	7.71478	8
7	--	1.676658	1.46092	8	9.1757	9
8	--	1.608073	2.086802	7	10.78377	10
7	--	1.890273	1.612812	8	12.39658	11
8	--	1.536689	1.498814	9	13.89539	12
9	--	2.372404	3.374903	8	16.26779	13
8	--	1.196124	1.674744	7	17.46391	14
7	--	0.939206	1.71453	6	18.40312	15
6	--	1.38004	0.9355	7	19.33862	16
7	--	1.149044	1.296484	6	20.48766	17
6	--	0.990535	0.948565	7	21.43622	18
7	--	1.312378	1.535804	6	22.7486	19
6	--	1.219216	1.695678	5	23.96782	20
5	--	0.614376	1.249653	4	24.5822	21
4	--	1.275212	0.982747	5	25.56495	22
5	--	0.798919	1.672211	4	26.36387	23
4	--	0.847819	0.921663	3	27.21169	24
3	--	1.111543	1.224911	2	28.32323	25
2	--	2.633399	1.781206	3	30.10444	26
3	--	1.155234	1.22216	2	31.25967	27
2	--	2.393504	1.063011	3	32.32268	28
3	--	0.861009	1.734225	2	33.18369	29
2	--	0.962843	0.979927	1	34.14653	30
1	--	1.907135	2.532278	0	36.05367	31

test #81
3	--	1.412428	1.923448	2	1.41243	1
2	--	0.956543	1.936441	1	2.36897	2
1	--	2.10205	2.305767	0	4.47102	3

test #82
3	--	1.101955	0.870153	4	0.87015	1
4	--	1.552164	0.755488	5	1.62564	2
5	--	1.675686	0.685762	6	2.3114	3
6	--	1.060739	1.239491	5	3.37214	4
5	--	0.836746	0.73051	6	4.10265	5
6	--	1.473167	1.641442	5	5.57582	6
5	--	1.620345	0.851608	6	6.42743	7
6	--	0.995238	1.008821	5	7.42267	8
5	--	1.545518	1.436196	6	8.85887	9
6	--	1.042867	1.37032	5	9.90174	10
5	--	0.853	1.466048	4	10.75474	11
4	--	0.748793	1.63437	3	11.50353	12
3	--	1.519287	1.375172	4	12.8787	13
4	--	0.876046	0.823492	5	13.70219	14
5	--	1.444966	0.829394	6	14.53158	15
6	--	1.497052	1.000523	7	15.5321	16
7	--	1.830159	1.188466	8	16.72057	17
8	--	1.534233	2.144381	7	18.2548	18
7	--	1.596929	1.092561	8	19.34736	19
8	--	1.246006	1.5629	7	20.59337	20
7	--	0.83285	1.508842	6	21.42622	21
6	--	0.926019	1.072644	5	22.35224	22
5	--	0.787976	1.049638	4	23.14022	23
4	--	0.657892	0.755392	3	23.79811	24
3	--	1.670303	1.769347	2	25.46841	25
2	--	1.239302	2.017905	1	26.70771	26
1	--	2.664953	2.086686	2	28.7944	27
2	--	1.67964	1.264314	3	30.05871	28
3	--	2.028112	1.296949	4	31.35566	29
4	--	1.730841	1.275251	5	32.63091	30
5	--	0.835771	0.869376	4	33.46668	31
4	--	0.690527	1.269731	3	34.15721	32
3	--	0.824701	0.975319	2	34.98191	33
2	--	1.75394	1.693454	3	36.67536	34
3	--	0.748218	1.694987	2	37.42358	35
2	--	1.461598	1.053502	3	38.47708	36
3	--	1.290254	1.413407	2	39.76733	37
2	--	1.365498	1.358403	3	41.12573	38
3	--	1.389935	1.891829	2	42.51566	39
2	--	1.737224	2.281254	1	44.25288	40
1	--	2.728303	2.511848	2	46.76473	41
2	--	1.151155	1.4106	1	47.91588	42
1	--	1.763302	1.883368	0	49.67918	43

test #83
3	--	1.184621	1.258154	2	1.18462	1
2	--	1.232005	1.421658	1	2.41663	2
1	--	3.481615	3.838187	0	5.89825	3

test #84
3	--	1.58881	1.429123	4	1.42912	1
4	--	0.655398	1.476936	3	2.08452	2
3	--	1.486463	1.448901	4	3.53342	3
4	--	1.510346	0.938616	5	4.47204	4
5	--	1.514842	0.977871	6	5.44991	5
6	--	0.713346	0.92851	5	6.16326	6
5	--	0.960539	1.101388	4	7.1238	7
4	--	0.853634	1.574716	3	7.97743	8
3	--	0.932445	1.784954	2	8.90987	9
2	--	2.028399	1.423774	3	10.33364	10
3	--	1.431286	1.287742	4	11.62138	11
4	--	1.374701	0.763758	5	12.38514	12
5	--	1.510713	0.722974	6	13.10811	13
6	--	1.514747	0.660891	7	13.769	14
7	--	1.686031	1.521564	8	15.29056	15
8	--	1.254672	2.580247	7	16.54523	16
7	--	0.923564	1.115394	6	17.46879	17
6	--	0.792847	0.970516	5	18.26164	18
5	--	0.684933	0.832992	4	18.94657	19
4	--	1.226843	0.967141	5	19.91371	20
5	--	1.158864	1.190338	4	21.07257	21
4	--	0.920535	1.392279	3	21.9931	22
3	--	0.827896	1.469339	2	22.821	23
2	--	2.011008	2.077153	1	24.83201	24
1	--	2.46778	3.384344	0	27.29979	25

test #85
3	--	1.469191	1.406736	4	1.40674	1
4	--	1.486648	1.698954	3	2.89339	2
3	--	0.896219	1.017235	2	3.78961	3
2	--	1.185593	2.426819	1	4.9752	4
1	--	2.409339	2.382039	2	7.35724	5
2	--	1.418234	1.05771	3	8.41495	6
3	--	1.92286	1.193596	4	9.60855	7
4	--	0.926514	1.748902	3	10.53506	8
3	--	1.588862	1.755806	2	12.12392	9
2	--	1.873403	1.017106	3	13.14103	10
3	--	1.940051	1.178665	4	14.3197	11
4	--	0.667699	1.73255	3	14.9874	12
3	--	1.109832	0.937483	4	15.92488	13
4	--	1.27345	0.676737	5	16.60162	14
5	--	1.002359	0.857852	6	17.45947	15
6	--	1.278794	0.805002	7	18.26447	16
7	--	1.067682	1.873073	6	19.33215	17
6	--	1.607669	0.747011	7	20.07916	18
7	--	1.07833	0.777347	8	20.85651	19
8	--	1.309249	2.172955	7	22.16576	20
7	--	1.981442	1.708701	8	23.87446	21
8	--	1.866897	1.741676	9	25.61614	22
9	--	1.921802	2.101625	8	27.53794	23
8	--	2.32869	1.905296	9	29.44324	24
9	--	3.344259	2.178155	10	31.62139	25

test #86
3	--	0.778697	1.16768	2	0.7787	1
2	--	1.209803	2.11395	1	1.9885	2
1	--	3.794792	3.044301	2	5.0328	3
2	--	1.963795	1.812426	3	6.84523	4
3	--	1.586787	0.971398	4	7.81663	5
4	--	1.581809	1.35643	5	9.17306	6
5	--	0.616915	1.611839	4	9.78997	7
4	--	0.990074	1.375893	3	10.78004	8
3	--	1.376113	1.543076	2	12.15615	9
2	--	1.217127	1.295762	1	13.37328	10
1	--	1.767626	4.082644	0	15.14091	11

test #87
3	--	0.763401	1.4337	2	0.7634	1
2	--	1.808658	1.282051	3	2.04545	2
3	--	1.88437	1.934822	2	3.92982	3
2	--	1.525804	1.398399	3	5.32822	4
3	--	0.754552	0.784651	2	6.08277	5
2	--	1.111726	2.518826	1	7.1945	6
1	--	4.156559	3.351519	2	10.54602	7
2	--	1.8491	2.224824	1	12.39512	8
1	--	2.002556	1.797155	2	14.19228	9
2	--	2.388071	1.289811	3	15.48209	10
3	--	1.363567	0.799288	4	16.28138	11
4	--	1.712939	0.986885	5	17.26827	12
5	--	1.242946	0.66807	6	17.93634	13
6	--	1.738701	0.865918	7	18.80226	14
7	--	1.320971	1.470721	6	20.12323	15
6	--	1.41042	1.660294	5	21.53365	16
5	--	1.025531	1.550143	4	22.55918	17
4	--	0.891202	0.960457	3	23.45038	18
3	--	1.430037	1.388282	4	24.83866	19
4	--	1.173403	0.964558	5	25.80322	20
5	--	1.659438	0.765667	6	26.56889	21
6	--	1.058965	1.233626	5	27.62785	22
5	--	1.453179	0.839884	6	28.46773	23
6	--	0.761551	0.852059	5	29.22928	24
5	--	0.823345	1.132873	4	30.05262	25
4	--	0.847637	1.266745	3	30.90026	26
3	--	1.175115	1.733707	2	32.07537	27
2	--	2.449886	2.439449	3	34.51482	28
3	--	1.568156	1.484981	4	35.9998	29
4	--	0.894495	0.834299	5	36.8341	30
5	--	1.283227	1.407868	4	38.11733	31
4	--	0.718197	1.289549	3	38.83553	32
3	--	1.019866	1.808775	2	39.8554	33
2	--	1.136541	1.068806	3	40.92421	34
3	--	0.982126	1.565207	2	41.90634	35
2	--	1.180259	2.120657	1	43.0866	36
1	--	1.987741	2.173276	0	45.07434	37

test #88
3	--	1.081636	1.33757	2	1.08164	1
2	--	1.848864	1.492675	3	2.57431	2
3	--	1.363762	1.119637	4	3.69395	3
4	--	0.731198	0.951946	3	4.42515	4
3	--	1.184536	1.433403	2	5.60969	5
2	--	1.964326	1.832203	3	7.44189	6
3	--	1.390341	1.678856	2	8.83223	7
2	--	2.521557	1.546738	3	10.37897	8
3	--	1.647126	0.879719	4	11.25869	9
4	--	1.050736	1.345544	3	12.30943	10
3	--	1.698572	1.117594	4	13.42702	11
4	--	1.495183	1.520335	3	14.9222	12
3	--	1.191593	1.157441	4	16.07964	13
4	--	1.304745	1.329986	3	17.38439	14
3	--	1.179179	1.124806	4	18.5092	15
4	--	1.069229	1.543358	3	19.57843	16
3	--	1.226901	1.646063	2	20.80533	17
2	--	1.182823	1.011926	3	21.81726	18
3	--	1.349939	1.432769	2	23.1672	19
2	--	1.301839	1.842921	1	24.46904	20
1	--	3.624756	1.773983	2	26.24302	21
2	--	1.570885	1.540952	3	27.78397	22
3	--	0.96343	1.8086	2	28.7474	23
2	--	2.452007	2.613403	1	31.19941	24
1	--	2.994783	3.860838	0	34.19419	25

test #89
3	--	0.88141	1.546753	2	0.88141	1
2	--	2.52323	1.36782	3	2.24923	2
3	--	1.109567	1.91392	2	3.3588	3
2	--	2.618718	1.932382	3	5.29118	4
3	--	0.774783	1.591008	2	6.06596	5
2	--	1.911619	1.241398	3	7.30736	6
3	--	1.179642	1.113035	4	8.42039	7
4	--	0.953184	0.978685	3	9.37357	8
3	--	1.067836	1.293788	2	10.44141	9
2	--	1.383591	1.278547	3	11.71996	10
3	--	1.700259	0.938729	4	12.65869	11
4	--	1.262696	0.654477	5	13.31317	12
5	--	1.489874	1.286086	6	14.59926	13
6	--	0.865541	1.458371	5	15.4648	14
5	--	0.832496	1.029713	4	16.2973	15
4	--	0.651305	1.125433	3	16.94861	16
3	--	1.277733	0.959021	4	17.90763	17
4	--	1.479604	1.430778	5	19.33841	18
5	--	1.009066	1.124164	4	20.34748	19
4	--	1.386907	0.665787	5	21.01327	20
5	--	1.25303	1.446288	4	22.2663	21
4	--	0.878868	1.592669	3	23.14517	22
3	--	1.662308	1.214038	4	24.35921	23
4	--	1.337602	0.799134	5	25.15834	24
5	--	1.407116	0.933084	6	26.09142	25
6	--	1.431204	0.657231	7	26.74865	26
7	--	1.325176	0.842081	8	27.59073	27
8	--	1.813144	1.381227	9	28.97196	28
9	--	2.158267	4.172493	8	31.13023	29
8	--	1.723013	1.727197	7	32.85324	30
7	--	1.884333	1.189527	8	34.04277	31
8	--	1.608601	1.197911	9	35.24068	32
9	--	2.103243	3.51698	8	37.34392	33
8	--	1.025123	1.488796	7	38.36904	34
7	--	1.808609	1.273091	8	39.64213	35
8	--	1.817718	1.039501	9	40.68163	36
9	--	3.096221	2.124534	10	42.80616	37

test #90
3	--	1.423258	1.915123	2	1.42326	1
2	--	1.707333	1.050213	3	2.47347	2
3	--	0.813538	1.236907	2	3.28701	3
2	--	1.57788	1.495187	3	4.7822	4
3	--	1.540962	1.174086	4	5.95629	5
4	--	0.897079	1.450211	3	6.85337	6
3	--	1.05259	1.422443	2	7.90596	7
2	--	1.536442	1.062559	3	8.96852	8
3	--	1.261287	0.999988	4	9.96851	9
4	--	0.903301	0.668651	5	10.63716	10
5	--	1.001758	1.321195	4	11.63892	11
4	--	1.768836	0.877789	5	12.51671	12
5	--	0.931493	1.108772	4	13.4482	13
4	--	0.926825	0.636091	5	14.08429	14
5	--	0.764247	0.858527	4	14.84854	15
4	--	1.146692	1.727546	3	15.99523	16
3	--	1.86456	1.113243	4	17.10847	17
4	--	0.980725	1.213476	3	18.08919	18
3	--	1.690309	1.150447	4	19.23964	19
4	--	1.590798	1.613187	3	20.83044	20
3	--	1.011544	0.895443	4	21.72588	21
4	--	0.714257	0.87321	3	22.44014	22
3	--	1.295198	0.991794	4	23.43193	23
4	--	1.063774	1.524967	3	24.4957	24
3	--	1.372283	0.774641	4	25.27034	25
4	--	1.095567	1.129608	3	26.36591	26
3	--	1.387352	1.392505	2	27.75326	27
2	--	1.938307	1.794514	3	29.54777	28
3	--	1.806083	1.830683	2	31.35385	29
2	--	1.212614	2.028444	1	32.56646	30
1	--	3.262453	2.67995	2	35.24641	31
2	--	1.455811	1.449124	3	36.69553	32
3	--	1.358501	0.98801	4	37.68354	33
4	--	1.107502	1.293737	3	38.79104	34
3	--	0.875609	1.409295	2	39.66665	35
2	--	2.096376	1.418653	3	41.0853	36
3	--	0.779494	1.375866	2	41.86479	37
2	--	2.272783	1.493714	3	43.3585	38
3	--	1.592088	1.832712	2	44.95059	39
2	--	1.801572	1.562348	3	46.51294	40
3	--	1.149742	1.48216	2	47.66268	41
2	--	1.6477	1.993248	1	49.31038	42
1	--	3.020754	3.519712	0	52.33113	43

test #91
3	--	1.223479	1.353512	2	1.22348	1
2	--	1.379895	1.48733	1	2.60338	2
1	--	3.779675	2.362083	2	4.96546	3
2	--	1.593586	1.509564	3	6.47502	4
3	--	0.817892	1.701344	2	7.29291	5
2	--	1.627784	1.513269	3	8.80618	6
3	--	1.363692	0.804303	4	9.61048	7
4	--	1.154795	0.827977	5	10.43846	8
5	--	0.861933	0.823443	6	11.2619	9
6	--	1.261152	1.052076	7	12.31398	10
7	--	1.627054	1.245099	8	13.55908	11
8	--	1.439582	1.740549	7	14.99866	12
7	--	1.24505	1.104814	8	16.10347	13
8	--	1.648679	2.008892	7	17.75215	14
7	--	0.728501	1.566014	6	18.48065	15
6	--	1.487229	1.180067	7	19.66072	16
7	--	1.199618	1.155199	8	20.81592	17
8	--	2.204307	1.034424	9	21.85034	18
9	--	3.401407	2.404399	10	24.25474	19

test #92
3	--	0.769236	1.356096	2	0.76924	1
2	--	1.640237	1.559945	3	2.32918	2
3	--	1.430549	1.038586	4	3.36777	3
4	--	1.453798	1.346791	5	4.71456	4
5	--	1.354232	1.585964	4	6.06879	5
4	--	1.516198	1.380497	5	7.44929	6
5	--	0.625107	1.202012	4	8.0744	7
4	--	1.758313	1.278125	5	9.35252	8
5	--	0.723961	0.978288	4	10.07648	9
4	--	1.159273	0.808908	5	10.88539	10
5	--	1.12721	0.638528	6	11.52392	11
6	--	1.444313	0.959118	7	12.48304	12
7	--	1.34655	0.974746	8	13.45779	13
8	--	1.631902	2.449349	7	15.08969	14
7	--	2.033859	0.730478	8	15.82017	15
8	--	2.42675	1.605479	9	17.42565	16
9	--	3.278468	2.313918	10	19.73957	17

test #93
3	--	0.922334	1.067991	2	0.92233	1
2	--	1.71501	1.983238	1	2.63734	2
1	--	2.032393	3.887922	0	4.66973	3

test #94
3	--	1.682869	1.438294	4	1.43829	1
4	--	1.120771	0.942282	5	2.38057	2
5	--	1.420665	1.233253	6	3.61382	3
6	--	0.867167	0.729709	7	4.34353	4
7	--	0.97755	0.952956	8	5.29649	5
8	--	1.997502	1.244552	9	6.54104	6
9	--	2.456607	2.66619	8	8.99765	7
8	--	1.155573	1.617542	7	10.15322	8
7	--	1.126927	1.257551	6	11.28015	9
6	--	1.397585	1.351808	7	12.63196	10
7	--	1.276663	1.127546	8	13.75951	11
8	--	2.318125	1.714335	9	15.47384	12
9	--	1.778061	3.860354	8	17.2519	13
8	--	1.621614	1.660444	7	18.87351	14
7	--	1.385549	1.545962	6	20.25906	15
6	--	1.092366	1.110007	5	21.35143	16
5	--	1.434031	1.482641	4	22.78546	17
4	--	1.242015	0.772682	5	23.55814	18
5	--	1.588357	1.066073	6	24.62421	19
6	--	0.727065	0.835381	5	25.35127	20
5	--	1.363529	1.149634	6	26.5009	21
6	--	1.324445	0.881008	7	27.38191	22
7	--	0.873494	0.804999	8	28.18691	23
8	--	2.374189	1.637183	9	29.82409	24
9	--	2.329283	2.609367	8	32.15337	25
8	--	2.40441	1.467003	9	33.62037	26
9	--	2.039168	1.819451	10	35.43982	27

test #95
3	--	1.042495	0.773015	4	0.77302	1
4	--	1.351541	1.522502	3	2.12456	2
3	--	1.042871	1.377161	2	3.16743	3
2	--	1.871992	1.376322	3	4.54375	4
3	--	1.002344	1.035755	2	5.54609	5
2	--	1.461702	1.757685	1	7.00779	6
1	--	2.716999	2.914773	0	9.72479	7

test #96
3	--	0.796042	0.789803	4	0.7898	1
4	--	0.983577	0.899467	5	1.68927	2
5	--	0.740665	0.753662	4	2.42994	3
4	--	1.518903	0.771356	5	3.2013	4
5	--	1.086151	0.672375	6	3.87367	5
6	--	0.700266	0.717117	5	4.57394	6
5	--	0.754594	0.679002	6	5.25294	7
6	--	1.008853	0.982448	7	6.23539	8
7	--	0.874171	1.135644	6	7.10956	9
6	--	1.700329	1.313772	7	8.42333	10
7	--	1.25266	0.965702	8	9.38903	11
8	--	1.110494	2.247385	7	10.49952	12
7	--	1.074414	1.934474	6	11.57393	13
6	--	0.856108	0.980853	5	12.43004	14
5	--	0.982384	0.848833	6	13.27887	15
6	--	1.29964	1.351289	5	14.57851	16
5	--	1.304446	1.587603	4	15.88296	17
4	--	1.226686	1.402799	3	17.10965	18
3	--	1.150389	1.537353	2	18.26004	19
2	--	1.551211	1.258083	3	19.51812	20
3	--	1.099216	1.803065	2	20.61734	21
2	--	2.135853	1.241229	3	21.85857	22
3	--	0.991232	1.312861	2	22.8498	23
2	--	1.918073	1.632903	3	24.4827	24
3	--	1.707397	1.946397	2	26.1901	25
2	--	1.278458	2.27844	1	27.46856	26
1	--	4.449718	4.332391	2	31.80095	27
2	--	1.647718	2.580793	1	33.44867	28
1	--	4.044627	2.176956	2	35.62563	29
2	--	2.073678	1.38872	3	37.01435	30
3	--	0.921166	0.858105	4	37.87246	31
4	--	1.216708	1.121574	5	38.99403	32
5	--	1.138635	0.686955	6	39.68098	33
6	--	0.86832	1.148806	5	40.5493	34
5	--	0.705527	0.971254	4	41.25483	35
4	--	0.759842	1.59034	3	42.01467	36
3	--	1.065242	0.879043	4	42.89371	37
4	--	1.560831	1.579905	3	44.45454	38
3	--	1.695637	0.750005	4	45.20455	39
4	--	1.303953	1.400365	3	46.5085	40
3	--	1.35813	0.883882	4	47.39238	41
4	--	1.352627	1.506973	3	48.74501	42
3	--	1.557532	0.780967	4	49.52598	43
4	--	1.207642	0.760996	5	50.28698	44
5	--	1.698744	1.081102	6	51.36808	45
6	--	0.897221	1.42646	5	52.2653	46
5	--	1.366274	1.155888	6	53.42119	47
6	--	1.060042	0.881724	7	54.30291	48
7	--	1.013106	1.907895	6	55.31602	49
6	--	0.726111	1.636397	5	56.04213	50
5	--	1.478276	1.62819	4	57.52041	51
4	--	1.09971	0.709744	5	58.23015	52
5	--	1.006345	1.060136	4	59.2365	53
4	--	1.714903	0.914197	5	60.1507	54
5	--	0.78043	0.99143	4	60.93113	55
4	--	1.310198	0.716245	5	61.64738	56
5	--	1.327536	0.737077	6	62.38446	57
6	--	1.322747	1.215425	7	63.59988	58
7	--	1.984905	1.365495	8	64.96537	59
8	--	2.080729	2.526054	7	67.0461	60
7	--	1.675268	0.77891	8	67.82501	61
8	--	1.135208	2.288744	7	68.96022	62
7	--	1.697737	1.572415	8	70.53263	63
8	--	2.056308	2.122519	7	72.58894	64
7	--	1.588188	1.781477	6	74.17713	65
6	--	0.638726	1.722528	5	74.81586	66
5	--	1.380504	1.626005	4	76.19636	67
4	--	1.708388	0.733003	5	76.92936	68
5	--	1.607277	0.687084	6	77.61644	69
6	--	0.657127	1.226513	5	78.27357	70
5	--	0.91595	1.234442	4	79.18952	71
4	--	0.691695	1.316431	3	79.88121	72
3	--	1.940694	0.901618	4	80.78283	73
4	--	1.000493	0.753806	5	81.53664	74
5	--	1.020635	1.10603	4	82.55727	75
4	--	1.684307	0.769157	5	83.32643	76
5	--	1.229329	1.643821	4	84.55576	77
4	--	1.680141	1.197177	5	85.75294	78
5	--	0.782954	1.095845	4	86.53589	79
4	--	1.072686	0.876625	5	87.41251	80
5	--	0.925498	1.124038	4	88.33801	81
4	--	1.117545	0.67759	5	89.0156	82
5	--	1.29429	1.026535	6	90.04213	83
6	--	1.714981	0.654121	7	90.69625	84
7	--	1.037909	1.094253	6	91.73416	85
6	--	1.28239	0.706543	7	92.4407	86
7	--	1.367149	1.131183	8	93.57188	87
8	--	1.184168	1.386442	7	94.75605	88
7	--	1.061941	1.493559	6	95.81799	89
6	--	0.849157	1.172985	5	96.66715	90
5	--	1.197259	0.833398	6	97.50055	91
6	--	1.326931	0.692781	7	98.19333	92
7	--	0.974992	1.391018	6	99.16832	93
6	--	0.876665	0.72358	7	99.8919	94
7	--	1.679256	1.034871	8	100.92677	95
8	--	2.44901	1.332649	9	102.25942	96
9	--	2.422521	2.27909	10	104.53851	97

test #97
3	--	0.872945	1.186518	2	0.87294	1
2	--	1.951411	1.159414	3	2.03235	2
3	--	1.879631	0.838006	4	2.87036	3
4	--	1.006603	0.72249	5	3.59285	4
5	--	1.312756	0.81538	6	4.40823	5
6	--	1.184537	0.879512	7	5.28774	6
7	--	1.994917	1.333182	8	6.62092	7
8	--	2.573291	1.121737	9	7.74266	8
9	--	2.6471	3.624499	8	10.38976	9
8	--	1.626305	1.835278	7	12.01606	10
7	--	1.738163	1.229528	8	13.24559	11
8	--	1.486218	2.30938	7	14.73181	12
7	--	0.985954	1.69335	6	15.71776	13
6	--	0.902702	1.15986	5	16.62046	14
5	--	1.511911	0.617516	6	17.23798	15
6	--	1.572169	0.958402	7	18.19638	16
7	--	1.745422	1.806379	6	19.9418	17
6	--	0.700722	0.908271	5	20.64252	18
5	--	0.726898	0.876968	4	21.36942	19
4	--	0.785377	1.423293	3	22.1548	20
3	--	1.73749	1.217513	4	23.37231	21
4	--	0.99744	1.11238	3	24.36975	22
3	--	1.131541	1.611463	2	25.50129	23
2	--	2.470484	2.329449	3	27.83074	24
3	--	1.359522	1.802063	2	29.19026	25
2	--	2.470216	1.510561	3	30.70082	26
3	--	1.412337	0.759639	4	31.46046	27
4	--	1.430556	1.765634	3	32.89102	28
3	--	1.138051	0.860896	4	33.75192	29
4	--	1.653844	0.818402	5	34.57032	30
5	--	0.661668	1.01906	4	35.23199	31
4	--	1.2589	1.639155	3	36.49089	32
3	--	1.083206	0.762809	4	37.2537	33
4	--	0.838205	1.252235	3	38.0919	34
3	--	1.368116	0.841543	4	38.93344	35
4	--	1.114554	1.292265	3	40.04799	36
3	--	1.163829	0.839973	4	40.88796	37
4	--	0.852538	1.721807	3	41.7405	38
3	--	1.157962	1.544129	2	42.89846	39
2	--	1.056683	1.799524	1	43.95514	40
1	--	2.551733	1.73782	2	45.69296	41
2	--	1.234181	1.404544	1	46.92714	42
1	--	4.097319	2.097021	2	49.02416	43
2	--	2.072348	2.091881	1	51.09651	44
1	--	3.260815	2.717339	2	53.81385	45
2	--	2.190613	1.786845	3	55.6007	46
3	--	0.866552	1.75833	2	56.46725	47
2	--	2.463418	1.592682	3	58.05993	48
3	--	1.222229	0.758439	4	58.81837	49
4	--	1.21895	1.717719	3	60.03732	50
3	--	1.717093	1.067781	4	61.1051	51
4	--	1.095902	1.553883	3	62.201	52
3	--	1.375962	1.453351	2	63.57696	53
2	--	1.499699	2.595706	1	65.07666	54
1	--	3.559133	2.353162	2	67.42982	55
2	--	1.641499	1.147935	3	68.57775	56
3	--	1.00073	0.856167	4	69.43392	57
4	--	1.087061	0.773243	5	70.20716	58
5	--	1.010216	0.996917	6	71.20408	59
6	--	1.710059	1.581183	7	72.78526	60
7	--	1.145096	1.753564	6	73.93036	61
6	--	0.760778	1.679263	5	74.69114	62
5	--	0.905677	1.041082	4	75.59682	63
4	--	0.754479	0.729242	5	76.32606	64
5	--	0.62556	1.327843	4	76.95162	65
4	--	1.552174	1.088538	5	78.04016	66
5	--	0.889426	0.612919	6	78.65308	67
6	--	1.017354	0.788582	7	79.44166	68
7	--	0.993559	1.87111	6	80.43522	69
6	--	1.405112	0.8051	7	81.24032	70
7	--	0.910924	1.431066	6	82.15124	71
6	--	0.80928	1.165254	5	82.96052	72
5	--	1.253464	1.343146	4	84.21398	73
4	--	0.999105	1.032034	3	85.21309	74
3	--	1.11735	1.39652	2	86.33044	75
2	--	1.624078	0.961811	3	87.29225	76
3	--	1.94025	1.676761	4	88.96901	77
4	--	1.490013	1.738711	3	90.45902	78
3	--	1.559324	1.316151	4	91.77517	79
4	--	1.091017	0.827182	5	92.60235	80
5	--	1.553728	0.780172	6	93.38252	81
6	--	0.903925	0.728657	7	94.11118	82
7	--	0.731236	1.084696	6	94.84242	83
6	--	1.291562	0.697582	7	95.54	84
7	--	1.977282	1.200244	8	96.74024	85
8	--	1.666941	1.073184	9	97.81342	86
9	--	3.3757	4.587255	8	101.18912	87
8	--	1.273805	2.199188	7	102.46293	88
7	--	1.904423	0.878545	8	103.34148	89
8	--	2.205019	1.078736	9	104.42022	90
9	--	1.969233	1.793645	10	106.21386	91

test #98
3	--	1.49514	1.503179	2	1.49514	1
2	--	1.259052	2.135898	1	2.75419	2
1	--	2.864912	1.853773	2	4.60796	3
2	--	1.266999	1.867688	1	5.87496	4
1	--	4.135971	3.784822	2	9.65978	5
2	--	1.27351	1.250245	3	10.91003	6
3	--	1.052741	1.941844	2	11.96277	7
2	--	0.975052	1.145873	1	12.93782	8
1	--	2.041086	1.75593	2	14.69375	9
2	--	1.441222	2.333745	1	16.13497	10
1	--	2.143305	3.960681	0	18.27827	11

test #99
3	--	0.926718	0.821688	4	0.82169	1
4	--	0.772823	1.332102	3	1.59451	2
3	--	0.890873	1.248504	2	2.48538	3
2	--	1.562926	2.091573	1	4.04831	4
1	--	3.591479	3.277922	2	7.32623	5
2	--	1.479403	0.970352	3	8.29658	6
3	--	0.783332	0.748825	4	9.0454	7
4	--	1.014621	0.873589	5	9.91899	8
5	--	1.342031	0.950784	6	10.86977	9
6	--	1.652652	0.956892	7	11.82666	10
7	--	1.541071	1.576775	6	13.36773	11
6	--	1.28111	1.139545	7	14.50728	12
7	--	1.050067	0.817969	8	15.32525	13
8	--	1.035071	1.138187	7	16.36032	14
7	--	1.487727	1.113369	8	17.47369	15
8	--	1.924479	1.580332	9	19.05402	16
9	--	2.639105	2.203651	10	21.25767	17
