start i C()	t_left		t_right 	New i	Total time generation

test #0
4	--	1.735242	1.525895	5	1.5259	1
5	--	0.764042	1.25156	4	2.28994	2
4	--	0.840308	1.135029	3	3.13025	3
3	--	1.168041	1.739738	2	4.29829	4
2	--	1.63777	2.533535	1	5.93606	5
1	--	1.881777	2.474722	0	7.81784	6

test #1
4	--	1.614959	0.690214	5	0.69021	1
5	--	1.099029	0.690828	6	1.38104	2
6	--	1.194022	1.26745	5	2.57506	3
5	--	0.643816	0.818999	4	3.21888	4
4	--	0.963509	1.046451	3	4.18239	5
3	--	1.535141	1.322131	4	5.50452	6
4	--	1.141745	1.358507	3	6.64627	7
3	--	1.571378	0.894179	4	7.54045	8
4	--	1.400414	1.669141	3	8.94086	9
3	--	1.38332	1.155998	4	10.09686	10
4	--	1.286048	1.203358	5	11.30022	11
5	--	1.531793	1.522621	6	12.82284	12
6	--	0.662467	0.861103	5	13.48531	13
5	--	0.738224	0.981056	4	14.22353	14
4	--	1.54782	0.717384	5	14.94091	15
5	--	1.265194	0.737339	6	15.67825	16
6	--	0.972455	0.920532	7	16.59878	17
7	--	1.721895	1.378829	8	17.97761	18
8	--	1.785747	1.719768	9	19.69738	19
9	--	3.225023	4.623938	8	22.9224	20
8	--	1.409861	2.569886	7	24.33226	21
7	--	1.585032	1.749835	6	25.91729	22
6	--	0.92495	0.912589	7	26.82988	23
7	--	0.938862	0.849681	8	27.67956	24
8	--	1.141343	1.751654	7	28.8209	25
7	--	1.729791	0.762044	8	29.58294	26
8	--	2.078198	2.058968	9	31.64191	27
9	--	4.508647	3.663738	10	35.30565	28

test #2
4	--	1.77622	1.169549	5	1.16955	1
5	--	1.45089	1.45317	4	2.62044	2
4	--	1.253173	1.327658	3	3.87361	3
3	--	0.766091	1.422499	2	4.6397	4
2	--	0.97141	1.787107	1	5.61111	5
1	--	3.218212	3.674891	0	8.82932	6

test #3
4	--	1.196253	0.777983	5	0.77798	1
5	--	0.714147	1.201311	4	1.49213	2
4	--	1.715665	0.698747	5	2.19088	3
5	--	0.807374	1.327601	4	2.99825	4
4	--	1.232653	1.375208	3	4.2309	5
3	--	1.734453	1.142695	4	5.3736	6
4	--	1.624395	1.579455	5	6.95306	7
5	--	1.421526	0.646328	6	7.59939	8
6	--	1.627097	1.517042	7	9.11643	9
7	--	1.767325	1.809158	6	10.88376	10
6	--	1.000708	0.650267	7	11.53403	11
7	--	1.825424	0.933099	8	12.46713	12
8	--	2.041958	1.646161	9	14.11329	13
9	--	2.120507	2.142014	8	16.2338	14
8	--	2.336186	2.427947	7	18.56999	15
7	--	0.947089	1.034626	6	19.51708	16
6	--	1.340601	0.82599	7	20.34307	17
7	--	1.0272	1.56382	6	21.37027	18
6	--	1.26829	1.10374	7	22.47401	19
7	--	1.094211	1.155201	6	23.56822	20
6	--	0.790409	0.792552	5	24.35863	21
5	--	0.880744	1.322554	4	25.23937	22
4	--	0.753011	0.889949	3	25.99238	23
3	--	0.927548	0.843478	4	26.83586	24
4	--	1.563273	1.668548	3	28.39913	25
3	--	0.73509	1.543963	2	29.13422	26
2	--	1.104167	2.129065	1	30.23839	27
1	--	2.421162	3.631039	0	32.65955	28

test #4
4	--	1.022694	1.429341	3	1.02269	1
3	--	0.926218	1.778595	2	1.94891	2
2	--	1.691006	1.536611	3	3.48552	3
3	--	1.75174	1.412363	4	4.89788	4
4	--	1.190812	1.193604	3	6.08869	5
3	--	1.841725	1.158889	4	7.24758	6
4	--	0.938337	0.691266	5	7.93885	7
5	--	0.711099	1.050137	4	8.64995	8
4	--	1.01481	0.898289	5	9.54824	9
5	--	0.787831	1.21332	4	10.33607	10
4	--	1.246067	1.238544	5	11.57461	11
5	--	0.794181	1.475902	4	12.36879	12
4	--	1.482735	0.987797	5	13.35659	13
5	--	1.260844	0.705961	6	14.06255	14
6	--	0.74276	0.752891	5	14.80531	15
5	--	1.233602	0.950256	6	15.75557	16
6	--	1.107337	1.017311	7	16.77288	17
7	--	1.038408	1.748751	6	17.81129	18
6	--	0.970547	0.843165	7	18.65446	19
7	--	1.066061	0.836749	8	19.49121	20
8	--	1.411771	1.853912	7	20.90298	21
7	--	1.800563	1.497463	8	22.40044	22
8	--	1.769773	2.008024	7	24.17021	23
7	--	1.17515	1.197096	6	25.34536	24
6	--	1.408429	1.124029	7	26.46939	25
7	--	0.782916	2.005479	6	27.25231	26
6	--	1.084357	0.828932	7	28.08124	27
7	--	1.764372	1.547344	8	29.62858	28
8	--	1.853517	1.778384	9	31.40696	29
9	--	3.395566	3.785314	8	34.80253	30
8	--	1.352747	1.302343	9	36.10487	31
9	--	4.664911	1.834175	10	37.93905	32

test #5
4	--	1.104221	1.363993	3	1.10422	1
3	--	1.044577	1.371903	2	2.1488	2
2	--	1.99901	1.338018	3	3.48682	3
3	--	1.089069	0.929663	4	4.41648	4
4	--	0.850045	1.431264	3	5.26653	5
3	--	1.709204	1.369988	4	6.63652	6
4	--	1.519311	1.590515	3	8.15583	7
3	--	1.50534	0.880022	4	9.03585	8
4	--	1.107049	0.758495	5	9.79435	9
5	--	0.693909	0.826374	4	10.48826	10
4	--	1.700804	0.806029	5	11.29429	11
5	--	0.73205	1.049913	4	12.02634	12
4	--	0.656262	1.041968	3	12.6826	13
3	--	1.527093	0.986301	4	13.6689	14
4	--	1.581044	1.657817	3	15.24994	15
3	--	1.363163	1.730313	2	16.6131	16
2	--	1.69998	1.993411	1	18.31308	17
1	--	3.386278	2.81082	2	21.1239	18
2	--	1.84206	1.201598	3	22.3255	19
3	--	0.840874	1.455102	2	23.16637	20
2	--	1.294928	1.565386	1	24.4613	21
1	--	3.18135	2.751612	2	27.21291	22
2	--	1.744268	2.167208	1	28.95718	23
1	--	4.052717	2.487918	2	31.4451	24
2	--	1.515834	1.389929	3	32.83503	25
3	--	1.526616	1.136914	4	33.97194	26
4	--	0.88471	1.454526	3	34.85665	27
3	--	1.697069	1.782476	2	36.55372	28
2	--	1.410749	2.46421	1	37.96447	29
1	--	1.911978	3.32839	0	39.87645	30

test #6
4	--	0.714034	0.642444	5	0.64244	1
5	--	0.854793	1.585683	4	1.49723	2
4	--	0.724308	0.813034	3	2.22154	3
3	--	1.378657	1.169185	4	3.39072	4
4	--	1.200563	0.699535	5	4.09026	5
5	--	1.192595	1.06464	6	5.1549	6
6	--	0.725077	1.022955	5	5.87998	7
5	--	1.151056	1.565195	4	7.03104	8
4	--	0.85286	1.461138	3	7.8839	9
3	--	1.614519	0.768264	4	8.65216	10
4	--	0.780241	1.410085	3	9.4324	11
3	--	1.191847	1.237655	2	10.62425	12
2	--	2.501789	1.776328	3	12.40058	13
3	--	1.854905	1.068382	4	13.46896	14
4	--	1.163342	0.773097	5	14.24206	15
5	--	0.780892	1.250837	4	15.02295	16
4	--	1.207332	1.563664	3	16.23028	17
3	--	1.228287	1.281359	2	17.45857	18
2	--	2.233382	1.505746	3	18.96432	19
3	--	1.54748	0.813374	4	19.77769	20
4	--	1.220624	0.648181	5	20.42587	21
5	--	1.51556	0.699531	6	21.1254	22
6	--	0.796332	1.642625	5	21.92173	23
5	--	0.964332	0.632647	6	22.55438	24
6	--	0.848943	0.807015	7	23.3614	25
7	--	0.926144	1.788879	6	24.28754	26
6	--	0.793905	0.850951	5	25.08144	27
5	--	1.375512	1.585398	4	26.45695	28
4	--	1.297541	0.783473	5	27.24042	29
5	--	1.542577	0.786074	6	28.02649	30
6	--	1.638447	1.745522	5	29.66494	31
5	--	1.635367	1.370549	6	31.03549	32
6	--	1.630623	1.072014	7	32.1075	33
7	--	1.089552	0.957326	8	33.06483	34
8	--	1.86264	2.276885	7	34.92747	35
7	--	1.053359	0.857976	8	35.78545	36
8	--	1.018729	1.425375	7	36.80418	37
7	--	1.260453	0.865328	8	37.66951	38
8	--	1.758771	2.450276	7	39.42828	39
7	--	1.362511	1.445695	6	40.79079	40
6	--	0.768996	1.0875	5	41.55979	41
5	--	1.443533	1.531156	4	43.00332	42
4	--	1.307034	1.397826	3	44.31035	43
3	--	0.873496	1.915424	2	45.18385	44
2	--	1.514147	1.822515	1	46.698	45
1	--	2.189949	4.496671	0	48.88795	46

test #7
4	--	1.022501	1.289326	3	1.0225	1
3	--	1.347953	0.855528	4	1.87803	2
4	--	0.976304	1.225701	3	2.85433	3
3	--	1.882534	1.13835	4	3.99268	4
4	--	1.009345	0.829317	5	4.822	5
5	--	0.702333	0.716687	4	5.52433	6
4	--	1.076177	0.898253	5	6.42258	7
5	--	0.75872	1.37991	4	7.1813	8
4	--	0.803039	0.857352	3	7.98434	9
3	--	0.842085	1.962807	2	8.82642	10
2	--	1.395789	1.580029	1	10.22221	11
1	--	4.415759	2.623399	2	12.84561	12
2	--	2.546287	2.181393	3	15.027	13
3	--	1.007826	1.050256	2	16.03483	14
2	--	1.74386	1.373666	3	17.4085	15
3	--	1.582262	1.998304	2	18.99076	16
2	--	1.703302	1.282209	3	20.27297	17
3	--	1.08511	1.451638	2	21.35808	18
2	--	1.36735	1.418112	1	22.72543	19
1	--	4.188508	4.426647	0	26.91394	20

test #8
4	--	1.56315	0.872334	5	0.87233	1
5	--	0.907271	0.852971	6	1.7253	2
6	--	0.645406	0.663047	5	2.37071	3
5	--	1.144932	1.394642	4	3.51564	4
4	--	1.3886	1.322117	5	4.83776	5
5	--	1.456424	1.234029	6	6.07179	6
6	--	1.346056	0.76661	7	6.8384	7
7	--	1.617199	1.245458	8	8.08386	8
8	--	1.333947	1.066584	9	9.15044	9
9	--	1.960123	4.480933	8	11.11056	10
8	--	2.596171	1.026068	9	12.13663	11
9	--	3.360319	2.402977	10	14.53961	12

test #9
4	--	0.834531	1.675975	3	0.83453	1
3	--	1.259672	1.478307	2	2.0942	2
2	--	2.164139	1.77252	3	3.86672	3
3	--	0.958111	2.03465	2	4.82483	4
2	--	1.561281	2.467766	1	6.38611	5
1	--	3.694741	3.400509	2	9.78662	6
2	--	1.004447	1.731163	1	10.79107	7
1	--	4.118545	2.490723	2	13.28179	8
2	--	1.127833	0.970302	3	14.25209	9
3	--	1.283654	1.156667	4	15.40876	10
4	--	1.160032	1.233975	3	16.56879	11
3	--	1.051649	1.957447	2	17.62044	12
2	--	2.014889	2.204198	1	19.63533	13
1	--	3.413153	2.193913	2	21.82924	14
2	--	2.387929	1.146867	3	22.97611	15
3	--	0.845747	1.874337	2	23.82186	16
2	--	1.708966	1.619252	3	25.44111	17
3	--	2.019113	1.393642	4	26.83475	18
4	--	0.903817	1.013307	3	27.73857	19
3	--	1.750644	1.269015	4	29.00759	20
4	--	1.169494	0.734387	5	29.74198	21
5	--	0.949532	1.271039	4	30.69151	22
4	--	0.686523	1.44222	3	31.37803	23
3	--	1.142918	1.179489	2	32.52095	24
2	--	1.407155	1.471792	1	33.9281	25
1	--	2.329191	3.732905	0	36.25729	26

test #10
4	--	1.314391	1.415041	3	1.31439	1
3	--	1.538115	0.842187	4	2.15658	2
4	--	0.973574	1.122049	3	3.13015	3
3	--	1.295837	1.915579	2	4.42599	4
2	--	2.151338	1.278551	3	5.70454	5
3	--	1.118789	1.263309	2	6.82333	6
2	--	2.481133	0.989359	3	7.81269	7
3	--	1.829062	1.572748	4	9.38544	8
4	--	0.824297	0.722613	5	10.10805	9
5	--	0.764161	0.963701	4	10.87221	10
4	--	1.220671	0.748964	5	11.62117	11
5	--	1.075256	0.831195	6	12.45237	12
6	--	1.024734	0.75533	7	13.2077	13
7	--	1.28938	1.257611	8	14.46531	14
8	--	1.012629	1.598511	7	15.47794	15
7	--	0.838901	1.798134	6	16.31684	16
6	--	0.697501	0.920471	5	17.01434	17
5	--	0.867701	1.466069	4	17.88204	18
4	--	1.648408	1.762315	3	19.53045	19
3	--	0.728595	0.989987	2	20.25904	20
2	--	2.383773	2.007944	3	22.26698	21
3	--	1.504409	1.612779	2	23.77139	22
2	--	2.504947	1.388494	3	25.15988	23
3	--	1.400107	1.579482	2	26.55999	24
2	--	1.290705	1.101418	3	27.66141	25
3	--	1.074981	1.199551	2	28.73639	26
2	--	1.004617	1.705049	1	29.74101	27
1	--	2.975679	2.750917	2	32.49193	28
2	--	2.231011	1.76821	3	34.26014	29
3	--	1.402429	0.814427	4	35.07457	30
4	--	0.729999	1.638043	3	35.80457	31
3	--	1.340898	0.809676	4	36.61425	32
4	--	1.116721	0.869058	5	37.48331	33
5	--	1.208075	1.039439	6	38.52275	34
6	--	1.25669	0.893327	7	39.41608	35
7	--	0.965272	1.448164	6	40.38135	36
6	--	1.528217	0.778156	7	41.15951	37
7	--	1.29037	0.860473	8	42.01998	38
8	--	2.447016	1.140658	9	43.16064	39
9	--	2.016999	1.903011	10	45.06365	40

test #11
4	--	0.920191	0.701646	5	0.70165	1
5	--	1.421373	1.681128	4	2.12302	2
4	--	1.162199	1.295989	3	3.28522	3
3	--	1.301137	0.780599	4	4.06582	4
4	--	1.37044	0.830849	5	4.89667	5
5	--	1.469645	0.917966	6	5.81464	6
6	--	0.700886	1.452341	5	6.51553	7
5	--	1.521507	1.518428	6	8.03396	8
6	--	1.009	0.831409	7	8.86537	9
7	--	1.237881	1.817564	6	10.10325	10
6	--	1.020622	0.894198	7	10.99745	11
7	--	1.431374	1.471978	6	12.42882	12
6	--	0.792952	0.795421	5	13.22177	13
5	--	1.609719	0.859946	6	14.08172	14
6	--	0.675192	0.724766	5	14.75691	15
5	--	1.0289	1.123464	4	15.78581	16
4	--	0.728397	1.042629	3	16.51421	17
3	--	0.74392	1.2086	2	17.25813	18
2	--	1.249388	1.622608	1	18.50752	19
1	--	4.299385	2.263024	2	20.77054	20
2	--	1.742669	1.673789	3	22.44433	21
3	--	0.794944	0.89493	2	23.23927	22
2	--	2.067779	1.601451	3	24.84072	23
3	--	0.915853	1.727004	2	25.75657	24
2	--	1.952027	1.822077	3	27.57865	25
3	--	1.240148	0.996951	4	28.5756	26
4	--	1.577347	1.178331	5	29.75393	27
5	--	1.096278	1.439473	4	30.85021	28
4	--	1.036234	1.724063	3	31.88644	29
3	--	1.26369	0.818634	4	32.70507	30
4	--	0.736456	0.856667	3	33.44153	31
3	--	1.373915	0.944899	4	34.38643	32
4	--	1.502504	1.130992	5	35.51742	33
5	--	0.868176	0.824596	6	36.34202	34
6	--	1.650192	0.74724	7	37.08926	35
7	--	0.892416	0.909575	6	37.98168	36
6	--	1.553984	1.62986	5	39.53566	37
5	--	1.440044	1.595686	4	40.9757	38
4	--	0.808523	0.972125	3	41.78422	39
3	--	0.895595	1.224774	2	42.67982	40
2	--	1.561307	2.18623	1	44.24113	41
1	--	2.211428	1.87416	2	46.11529	42
2	--	1.567368	1.434547	3	47.54984	43
3	--	0.767998	0.738784	4	48.28862	44
4	--	1.7559	0.697203	5	48.98582	45
5	--	0.657117	0.93251	4	49.64294	46
4	--	1.046849	0.636636	5	50.27958	47
5	--	0.662005	0.714391	4	50.94158	48
4	--	0.949921	0.841641	5	51.78322	49
5	--	0.960682	1.5228	4	52.7439	50
4	--	0.778292	1.490196	3	53.52219	51
3	--	0.93074	0.935137	2	54.45293	52
2	--	2.530769	1.138962	3	55.59189	53
3	--	1.686528	1.043456	4	56.63535	54
4	--	1.286064	1.268934	5	57.90428	55
5	--	1.369451	1.667053	4	59.27373	56
4	--	0.996221	0.746355	5	60.02008	57
5	--	0.820242	1.027345	4	60.84032	58
4	--	1.025769	1.396565	3	61.86609	59
3	--	1.395575	1.043893	4	62.90998	60
4	--	1.229848	1.255656	3	64.13983	61
3	--	0.955762	1.244263	2	65.09559	62
2	--	2.444273	1.667638	3	66.76323	63
3	--	0.800315	1.021261	2	67.56354	64
2	--	1.300734	2.102881	1	68.86427	65
1	--	4.113195	1.908144	2	70.77241	66
2	--	1.095157	2.413415	1	71.86757	67
1	--	4.038811	3.418067	2	75.28564	68
2	--	1.889266	1.555266	3	76.84091	69
3	--	0.881281	1.552234	2	77.72219	70
2	--	1.645066	1.672513	1	79.36726	71
1	--	3.280784	1.74503	2	81.11229	72
2	--	1.669903	1.628521	3	82.74081	73
3	--	1.351119	1.301564	4	84.04237	74
4	--	1.121474	1.67436	3	85.16384	75
3	--	0.956338	1.296513	2	86.12018	76
2	--	1.620057	1.33168	3	87.45186	77
3	--	0.736669	1.461669	2	88.18853	78
2	--	1.525247	1.604633	1	89.71378	79
1	--	2.705924	3.710338	0	92.4197	80

test #12
4	--	1.604194	0.725114	5	0.72511	1
5	--	0.767566	0.770399	4	1.49268	2
4	--	1.041112	1.514171	3	2.53379	3
3	--	1.510392	1.135059	4	3.66885	4
4	--	0.762584	1.379325	3	4.43143	5
3	--	1.366767	1.528392	2	5.7982	6
2	--	2.080884	1.893408	3	7.69161	7
3	--	0.956993	1.26946	2	8.6486	8
2	--	1.934637	2.418836	1	10.58324	9
1	--	2.345433	1.774112	2	12.35735	10
2	--	1.427713	1.976363	1	13.78506	11
1	--	1.842734	2.970428	0	15.62779	12

test #13
4	--	1.351748	0.685664	5	0.68566	1
5	--	0.617773	1.137021	4	1.30343	2
4	--	0.948196	1.493227	3	2.25163	3
3	--	0.987716	1.20332	2	3.23935	4
2	--	2.642228	1.191078	3	4.43043	5
3	--	1.285662	0.845038	4	5.27547	6
4	--	1.077733	1.58701	3	6.3532	7
3	--	1.730918	1.737391	2	8.08412	8
2	--	1.821538	1.309798	3	9.39392	9
3	--	0.778052	0.845523	2	10.17197	10
2	--	2.186756	1.637807	3	11.80978	11
3	--	1.122962	0.887075	4	12.69685	12
4	--	0.982353	1.095209	3	13.6792	13
3	--	0.841857	1.491083	2	14.52106	14
2	--	1.924127	0.983506	3	15.50457	15
3	--	0.986235	0.890929	4	16.3955	16
4	--	1.237114	1.435119	3	17.63261	17
3	--	1.580198	1.75968	2	19.21281	18
2	--	1.068241	1.640445	1	20.28105	19
1	--	4.313748	2.785981	2	23.06703	20
2	--	1.352952	2.287898	1	24.41998	21
1	--	2.04132	2.163424	0	26.4613	22

test #14
4	--	0.820121	0.651837	5	0.65184	1
5	--	0.908385	1.237237	4	1.56022	2
4	--	0.940477	1.099202	3	2.5007	3
3	--	1.200667	1.105901	4	3.6066	4
4	--	1.370192	1.225458	5	4.83206	5
5	--	1.454705	1.124734	6	5.95679	6
6	--	0.9474	1.72754	5	6.90419	7
5	--	1.638716	0.664992	6	7.56918	8
6	--	0.742844	1.100094	5	8.31202	9
5	--	1.597395	1.570051	6	9.88207	10
6	--	0.681085	0.938838	5	10.56316	11
5	--	1.269651	0.947635	6	11.5108	12
6	--	0.904261	1.043827	5	12.41506	13
5	--	1.619691	0.835727	6	13.25079	14
6	--	0.711707	1.75385	5	13.9625	15
5	--	0.850856	0.976509	4	14.81336	16
4	--	0.693617	1.099131	3	15.50698	17
3	--	1.416501	1.676193	2	16.92348	18
2	--	1.216957	1.968449	1	18.14044	19
1	--	2.517275	2.42191	2	20.56235	20
2	--	2.566916	2.242915	3	22.80526	21
3	--	1.386251	1.358752	4	24.16401	22
4	--	0.916006	1.247607	3	25.08002	23
3	--	2.005879	1.16884	4	26.24886	24
4	--	0.840703	1.403551	3	27.08956	25
3	--	1.611831	1.323288	4	28.41285	26
4	--	1.755918	1.171737	5	29.58459	27
5	--	0.953833	0.77263	6	30.35722	28
6	--	1.227904	1.403307	5	31.58512	29
5	--	1.41415	0.612253	6	32.19737	30
6	--	1.246319	1.550289	5	33.44369	31
5	--	1.419814	1.545863	4	34.8635	32
4	--	1.412758	0.981003	5	35.8445	33
5	--	0.789022	1.477215	4	36.63352	34
4	--	0.967169	1.673066	3	37.60069	35
3	--	1.308181	1.546334	2	38.90887	36
2	--	1.613818	2.047295	1	40.52269	37
1	--	4.319287	4.249874	2	44.77256	38
2	--	1.200034	1.423482	1	45.97259	39
1	--	4.50826	4.244163	2	50.21675	40
2	--	2.629922	1.28971	3	51.50646	41
3	--	0.807867	0.782495	4	52.28896	42
4	--	1.2638	1.076944	5	53.3659	43
5	--	0.980958	1.109592	4	54.34686	44
4	--	1.240973	1.052565	5	55.39942	45
5	--	0.78513	0.648635	6	56.04805	46
6	--	0.961139	0.790234	7	56.83828	47
7	--	1.524815	0.815651	8	57.65393	48
8	--	2.407076	1.412252	9	59.06618	49
9	--	2.430201	2.290801	10	61.35698	50

test #15
4	--	1.371636	0.928386	5	0.92839	1
5	--	0.691229	1.06945	4	1.61962	2
4	--	1.404119	1.357883	5	2.9775	3
5	--	0.705563	0.716843	4	3.68306	4
4	--	1.240952	1.367446	3	4.92401	5
3	--	0.803448	1.784831	2	5.72746	6
2	--	2.604985	2.212914	3	7.94037	7
3	--	1.105648	1.328359	2	9.04602	8
2	--	1.048012	2.380235	1	10.09403	9
1	--	1.773098	2.925717	0	11.86713	10

test #16
4	--	1.050144	1.246314	3	1.05014	1
3	--	0.881929	1.595599	2	1.93207	2
2	--	1.564502	1.852481	1	3.49657	3
1	--	2.869641	3.856018	0	6.36621	4

test #17
4	--	1.324111	0.936166	5	0.93617	1
5	--	0.746022	0.929066	4	1.68219	2
4	--	1.287467	0.90582	5	2.58801	3
5	--	0.879116	0.77966	6	3.36767	4
6	--	0.733407	1.165202	5	4.10108	5
5	--	1.47408	1.007206	6	5.10829	6
6	--	1.263696	1.152299	7	6.26059	7
7	--	1.531771	1.272943	8	7.53353	8
8	--	2.121389	1.772079	9	9.30561	9
9	--	2.789612	4.707306	8	12.09522	10
8	--	1.437646	0.990919	9	13.08614	11
9	--	2.408258	2.317808	10	15.40395	12

test #18
4	--	1.653122	1.201356	5	1.20136	1
5	--	1.20542	0.742154	6	1.94351	2
6	--	0.82265	1.135939	5	2.76616	3
5	--	1.217739	1.064344	6	3.8305	4
6	--	0.783321	0.875527	5	4.61382	5
5	--	0.769523	1.46515	4	5.38334	6
4	--	1.048977	0.853584	5	6.23692	7
5	--	1.416659	1.026728	6	7.26365	8
6	--	1.209912	0.845941	7	8.10959	9
7	--	1.201338	1.025899	8	9.13549	10
8	--	2.040446	1.268207	9	10.4037	11
9	--	2.914628	3.656789	8	13.31833	12
8	--	2.318586	2.351411	7	15.63692	13
7	--	1.922828	1.878871	8	17.51579	14
8	--	1.884555	1.492668	9	19.00846	15
9	--	3.110052	3.894088	8	22.11851	16
8	--	1.039232	1.790977	7	23.15774	17
7	--	1.599909	0.96966	8	24.1274	18
8	--	1.492335	1.206858	9	25.33426	19
9	--	4.040747	4.501715	8	29.37501	20
8	--	1.025889	2.300732	7	30.4009	21
7	--	1.279749	1.983249	6	31.68065	22
6	--	1.138909	0.787994	7	32.46864	23
7	--	1.263949	1.122897	8	33.59154	24
8	--	1.253889	1.175923	9	34.76746	25
9	--	2.245531	2.538697	8	37.01299	26
8	--	1.324596	1.117585	9	38.13058	27
9	--	2.571848	4.287652	8	40.70243	28
8	--	2.091837	2.588388	7	42.79427	29
7	--	1.125611	1.537438	6	43.91988	30
6	--	0.894437	1.054377	5	44.81432	31
5	--	1.199665	1.254508	4	46.01398	32
4	--	0.91654	0.977401	3	46.93052	33
3	--	1.585768	0.728277	4	47.6588	34
4	--	1.506891	1.549505	3	49.16569	35
3	--	1.561358	1.596027	2	50.72705	36
2	--	2.362902	1.741085	3	52.46813	37
3	--	1.100696	1.154442	2	53.56883	38
2	--	2.6083	1.817332	3	55.38616	39
3	--	1.684344	0.872184	4	56.25834	40
4	--	0.697861	1.042267	3	56.9562	41
3	--	1.728873	0.854753	4	57.81095	42
4	--	0.728084	0.713869	5	58.52482	43
5	--	1.163104	1.177511	4	59.68792	44
4	--	0.804326	1.726713	3	60.49225	45
3	--	1.293541	1.314483	2	61.78579	46
2	--	1.897769	2.011608	1	63.68356	47
1	--	3.78425	3.028177	2	66.71174	48
2	--	2.304075	1.36597	3	68.07771	49
3	--	1.249319	1.348727	2	69.32703	50
2	--	2.498225	2.471948	3	71.79898	51
3	--	0.767955	1.206762	2	72.56694	52
2	--	1.554318	1.999591	1	74.12126	53
1	--	1.887891	2.399198	0	76.00915	54

test #19
4	--	1.226999	0.821316	5	0.82132	1
5	--	1.2781	1.406417	4	2.09942	2
4	--	1.344793	0.929257	5	3.02868	3
5	--	0.726805	0.893361	4	3.75549	4
4	--	0.683	1.692865	3	4.43849	5
3	--	1.617462	1.128605	4	5.5671	6
4	--	1.394507	1.623072	3	6.96161	7
3	--	1.565843	0.817159	4	7.77877	8
4	--	1.345433	1.710548	3	9.1242	9
3	--	0.994962	1.695915	2	10.11916	10
2	--	1.205863	1.435529	1	11.32502	11
1	--	2.66147	3.850481	0	13.98649	12

test #20
4	--	1.296585	0.666634	5	0.66663	1
5	--	0.96519	0.855558	6	1.52219	2
6	--	1.167869	1.422422	5	2.69006	3
5	--	0.687035	0.64627	6	3.33633	4
6	--	1.287767	0.636302	7	3.97263	5
7	--	1.013259	1.139238	6	4.98589	6
6	--	1.18567	1.467149	5	6.17156	7
5	--	1.246533	1.248543	4	7.41809	8
4	--	0.712236	0.75582	3	8.13033	9
3	--	0.76212	1.924844	2	8.89245	10
2	--	1.203235	2.344969	1	10.09569	11
1	--	3.425107	2.395907	2	12.4916	12
2	--	2.032812	1.725884	3	14.21748	13
3	--	0.989895	1.331785	2	15.20737	14
2	--	2.166355	1.789277	3	16.99665	15
3	--	1.144332	2.025353	2	18.14098	16
2	--	2.549259	1.483577	3	19.62456	17
3	--	1.541675	0.845989	4	20.47055	18
4	--	1.138719	1.189459	3	21.60927	19
3	--	1.038032	1.534232	2	22.6473	20
2	--	1.581527	1.024861	3	23.67216	21
3	--	1.500929	1.217905	4	24.89007	22
4	--	0.757502	0.920815	3	25.64757	23
3	--	1.086894	1.494061	2	26.73446	24
2	--	1.632941	1.933519	1	28.3674	25
1	--	2.984711	4.063235	0	31.35211	26

test #21
4	--	1.010247	1.498264	3	1.01025	1
3	--	1.116357	1.682992	2	2.12661	2
2	--	2.133088	0.970763	3	3.09737	3
3	--	1.868715	1.407762	4	4.50513	4
4	--	1.28319	0.639473	5	5.1446	5
5	--	0.931012	1.270337	4	6.07561	6
4	--	1.163255	1.30344	3	7.23886	7
3	--	1.651311	1.888995	2	8.89017	8
2	--	1.506722	1.069128	3	9.9593	9
3	--	1.595862	0.802389	4	10.76169	10
4	--	1.215831	1.368707	3	11.97752	11
3	--	1.974346	0.832191	4	12.80971	12
4	--	0.636399	1.560042	3	13.44611	13
3	--	1.371697	1.455121	2	14.81781	14
2	--	1.481233	1.732815	1	16.29904	15
1	--	4.466257	3.187174	2	19.48621	16
2	--	1.480077	2.563752	1	20.96629	17
1	--	3.399805	1.723094	2	22.68938	18
2	--	1.824901	2.277097	1	24.51428	19
1	--	2.645549	3.267426	0	27.15983	20

test #22
4	--	1.098005	0.684165	5	0.68417	1
5	--	0.810808	1.169563	4	1.49498	2
4	--	1.299267	0.906787	5	2.40177	3
5	--	0.810217	1.319646	4	3.21199	4
4	--	1.492069	1.551146	3	4.70406	5
3	--	1.276888	0.950614	4	5.65467	6
4	--	1.486763	1.071326	5	6.726	7
5	--	1.247714	1.653886	4	7.97371	8
4	--	1.433217	0.741326	5	8.71504	9
5	--	1.556152	0.80479	6	9.51983	10
6	--	1.145119	0.959806	7	10.47964	11
7	--	1.36216	1.157664	8	11.6373	12
8	--	1.980161	1.156462	9	12.79376	13
9	--	2.153157	4.56313	8	14.94692	14
8	--	2.371303	2.354386	9	17.30131	15
9	--	4.710553	4.360514	10	21.66182	16

test #23
4	--	1.395697	1.387652	5	1.38765	1
5	--	0.925741	1.358302	4	2.31339	2
4	--	0.746504	1.018082	3	3.05989	3
3	--	1.252944	1.010524	4	4.07041	4
4	--	0.89716	0.654313	5	4.72472	5
5	--	0.828161	0.680778	6	5.4055	6
6	--	0.860379	1.058299	5	6.26588	7
5	--	1.549056	1.660407	4	7.81494	8
4	--	1.007704	0.67195	5	8.48689	9
5	--	1.149884	1.577226	4	9.63677	10
4	--	0.962324	0.857992	5	10.49476	11
5	--	1.689039	1.477899	6	11.97266	12
6	--	1.661305	1.166026	7	13.13869	13
7	--	1.80419	1.994411	6	14.94288	14
6	--	0.998842	1.479578	5	15.94172	15
5	--	1.305344	1.235959	6	17.17768	16
6	--	1.334639	0.826277	7	18.00396	17
7	--	1.915427	1.887047	8	19.89101	18
8	--	1.296727	1.300113	7	21.18774	19
7	--	0.877105	0.820891	8	22.00863	20
8	--	1.357992	1.153996	9	23.16263	21
9	--	1.750583	2.847192	8	24.91321	22
8	--	2.601236	2.618046	7	27.51445	23
7	--	0.982566	1.013041	6	28.49702	24
6	--	1.330897	1.293067	7	29.79009	25
7	--	1.872093	1.520984	8	31.31107	26
8	--	1.917998	1.143487	9	32.45456	27
9	--	3.372458	4.472785	8	35.82702	28
8	--	1.202112	2.514752	7	37.02913	29
7	--	1.687171	1.084474	8	38.1136	30
8	--	1.463064	2.660911	7	39.57666	31
7	--	1.818487	1.698567	8	41.27523	32
8	--	1.33651	2.629536	7	42.61174	33
7	--	1.397941	1.124275	8	43.73601	34
8	--	1.60306	2.633985	7	45.33907	35
7	--	1.163268	1.145493	8	46.48456	36
8	--	1.651437	1.649413	9	48.13397	37
9	--	3.388033	3.563177	8	51.522	38
8	--	2.290027	1.202441	9	52.72444	39
9	--	2.65578	2.607603	10	55.33204	40

test #24
4	--	1.559707	1.615525	3	1.55971	1
3	--	1.787536	1.171261	4	2.73097	2
4	--	1.704158	1.524757	5	4.25573	3
5	--	1.489636	0.877108	6	5.13284	4
6	--	1.168411	0.752754	7	5.88559	5
7	--	1.488928	1.985456	6	7.37452	6
6	--	1.381429	0.637328	7	8.01185	7
7	--	1.175781	1.162327	8	9.17418	8
8	--	1.251903	1.646896	7	10.42608	9
7	--	1.990573	1.823891	8	12.24997	10
8	--	1.354127	1.645131	7	13.6041	11
7	--	1.412561	0.855643	8	14.45974	12
8	--	1.981178	2.102955	7	16.44092	13
7	--	0.820796	1.431952	6	17.26172	14
6	--	0.87167	1.303261	5	18.13339	15
5	--	1.596528	1.51681	6	19.6502	16
6	--	1.005669	1.438846	5	20.65587	17
5	--	0.773547	1.611855	4	21.42942	18
4	--	1.271277	1.647507	3	22.7007	19
3	--	1.192608	1.286241	2	23.89331	20
2	--	1.070631	1.883516	1	24.96394	21
1	--	3.374469	3.052679	2	28.01662	22
2	--	1.530412	1.288171	3	29.30479	23
3	--	1.426554	1.044441	4	30.34923	24
4	--	1.464821	0.904129	5	31.25336	25
5	--	1.601095	1.558232	6	32.81159	26
6	--	1.144046	1.201113	5	33.95564	27
5	--	1.182626	1.391871	4	35.13827	28
4	--	1.199872	0.891345	5	36.02962	29
5	--	1.07147	1.037981	6	37.0676	30
6	--	1.032442	1.618932	5	38.10004	31
5	--	1.598235	1.165022	6	39.26506	32
6	--	0.975015	0.768922	7	40.03398	33
7	--	2.016109	1.779653	8	41.81363	34
8	--	2.013953	2.492002	7	43.82758	35
7	--	0.936212	1.611461	6	44.76379	36
6	--	0.706043	1.673806	5	45.46983	37
5	--	0.763732	0.966657	4	46.23356	38
4	--	1.423394	0.897235	5	47.1308	39
5	--	1.025	1.016102	6	48.1469	40
6	--	1.658245	1.398748	7	49.54565	41
7	--	1.322343	0.954889	8	50.50054	42
8	--	1.298188	1.39813	7	51.79873	43
7	--	1.609585	1.525448	8	53.32418	44
8	--	2.311611	1.476905	9	54.80108	45
9	--	3.358721	3.48074	8	58.1598	46
8	--	1.974515	2.491242	7	60.13432	47
7	--	1.982237	1.699806	8	61.83413	48
8	--	1.120946	1.628535	7	62.95508	49
7	--	2.008252	1.89381	8	64.84889	50
8	--	2.192339	1.519562	9	66.36845	51
9	--	3.761696	3.451686	10	69.82014	52

test #25
4	--	0.799304	0.643517	5	0.64352	1
5	--	1.452982	1.582059	4	2.0965	2
4	--	1.592678	1.151366	5	3.24787	3
5	--	0.843609	1.387929	4	4.09148	4
4	--	0.674318	1.580627	3	4.7658	5
3	--	1.307324	1.443371	2	6.07312	6
2	--	1.696388	1.898186	1	7.76951	7
1	--	2.333949	3.453935	0	10.10346	8

test #26
4	--	0.759541	1.350179	3	0.75954	1
3	--	1.838748	1.874246	2	2.59829	2
2	--	1.516105	1.147741	3	3.74603	3
3	--	1.678162	1.120654	4	4.86668	4
4	--	0.701586	0.755905	3	5.56827	5
3	--	1.697093	0.73369	4	6.30196	6
4	--	0.834229	0.694652	5	6.99661	7
5	--	1.284483	1.219029	6	8.21564	8
6	--	1.418273	1.427442	5	9.63391	9
5	--	0.940717	0.945071	4	10.57463	10
4	--	1.002233	0.792994	5	11.36762	11
5	--	1.212371	1.164287	6	12.53191	12
6	--	1.706087	0.916776	7	13.44869	13
7	--	1.821773	0.997118	8	14.44581	14
8	--	1.065711	2.575638	7	15.51152	15
7	--	0.873492	1.098332	6	16.38501	16
6	--	0.877434	0.798919	7	17.18393	17
7	--	1.432549	1.013123	8	18.19705	18
8	--	2.22829	1.033079	9	19.23013	19
9	--	4.251981	2.040368	10	21.2705	20

test #27
4	--	1.486477	0.700244	5	0.70024	1
5	--	1.41875	1.211988	6	1.91223	2
6	--	0.767891	0.684101	7	2.59633	3
7	--	1.58011	0.982127	8	3.57846	4
8	--	1.252837	1.981545	7	4.8313	5
7	--	1.688268	1.233999	8	6.0653	6
8	--	1.898311	1.132528	9	7.19783	7
9	--	3.57334	2.961173	10	10.159	8

test #28
4	--	1.235409	0.829731	5	0.82973	1
5	--	1.117963	0.689503	6	1.51923	2
6	--	1.332244	0.825289	7	2.34452	3
7	--	2.025618	1.04171	8	3.38623	4
8	--	1.399654	1.71177	7	4.78588	5
7	--	1.75705	0.898113	8	5.68399	6
8	--	1.50933	1.704619	7	7.19332	7
7	--	1.696541	1.321507	8	8.51483	8
8	--	1.823979	1.47463	9	9.98946	9
9	--	4.312909	4.017801	10	14.00726	10

test #29
4	--	1.471201	1.234759	5	1.23476	1
5	--	1.061243	0.810153	6	2.04491	2
6	--	1.488481	0.650589	7	2.6955	3
7	--	0.983712	1.771653	6	3.67921	4
6	--	0.760608	0.930057	5	4.43982	5
5	--	1.589887	0.992878	6	5.4327	6
6	--	1.165234	0.97364	7	6.40634	7
7	--	1.306479	2.033181	6	7.71282	8
6	--	1.700501	0.681216	7	8.39404	9
7	--	1.168618	0.862628	8	9.25667	10
8	--	1.305994	1.406338	7	10.56266	11
7	--	1.81907	1.081431	8	11.64409	12
8	--	1.361945	1.252745	9	12.89683	13
9	--	1.799191	4.675336	8	14.69602	14
8	--	2.152195	2.313532	7	16.84821	15
7	--	0.841498	0.894672	6	17.68971	16
6	--	0.878591	1.758504	5	18.5683	17
5	--	1.555455	0.873561	6	19.44186	18
6	--	1.489613	1.154727	7	20.59659	19
7	--	0.907977	1.182911	6	21.50457	20
6	--	1.775439	1.067127	7	22.5717	21
7	--	0.825527	0.998411	6	23.39723	22
6	--	0.955677	1.21177	5	24.35291	23
5	--	1.445621	1.483365	4	25.79853	24
4	--	1.698141	1.561337	5	27.35987	25
5	--	0.707473	1.598281	4	28.06734	26
4	--	1.073138	1.376607	3	29.14048	27
3	--	1.218923	1.924404	2	30.3594	28
2	--	1.285726	1.737199	1	31.64513	29
1	--	3.387978	2.390375	2	34.03551	30
2	--	1.549506	1.452885	3	35.48839	31
3	--	1.508798	1.55435	2	36.99719	32
2	--	2.537311	1.649894	3	38.64708	33
3	--	0.770269	1.111977	2	39.41735	34
2	--	1.945825	1.467563	3	40.88491	35
3	--	0.987904	1.48054	2	41.87281	36
2	--	2.637762	1.329796	3	43.20261	37
3	--	1.826976	1.058283	4	44.26089	38
4	--	0.817329	0.943023	3	45.07822	39
3	--	1.520931	1.651791	2	46.59915	40
2	--	2.577187	1.02009	3	47.61924	41
3	--	1.645212	1.076022	4	48.69526	42
4	--	0.702314	0.73699	3	49.39757	43
3	--	1.086987	1.51246	2	50.48456	44
2	--	2.482842	1.946382	3	52.43094	45
3	--	0.786912	1.039849	2	53.21785	46
2	--	2.664816	2.037086	3	55.25494	47
3	--	1.328125	1.515383	2	56.58306	48
2	--	1.539666	1.679621	1	58.12273	49
1	--	3.270005	2.290954	2	60.41368	50
2	--	1.261977	2.160771	1	61.67566	51
1	--	4.466307	2.196667	2	63.87233	52
2	--	1.417939	1.307781	3	65.18011	53
3	--	1.218316	1.121042	4	66.30115	54
4	--	1.155993	0.64251	5	66.94366	55
5	--	1.151857	0.929127	6	67.87279	56
6	--	1.436201	1.172444	7	69.04523	57
7	--	0.801295	1.446194	6	69.84652	58
6	--	1.388344	1.321944	7	71.16846	59
7	--	1.566787	1.09985	8	72.26831	60
8	--	1.980152	2.393668	7	74.24846	61
7	--	0.814632	1.257328	6	75.06309	62
6	--	0.99954	1.256791	5	76.06263	63
5	--	0.68109	1.495844	4	76.74372	64
4	--	0.960271	0.743597	5	77.48732	65
5	--	1.240224	1.599688	4	78.72754	66
4	--	1.033603	1.207514	3	79.76114	67
3	--	1.800719	1.105698	4	80.86684	68
4	--	1.33	0.887142	5	81.75398	69
5	--	1.360901	1.312728	6	83.06671	70
6	--	1.587619	0.760286	7	83.827	71
7	--	1.257929	1.766123	6	85.08493	72
6	--	0.747951	1.02226	5	85.83288	73
5	--	1.152302	1.036238	6	86.86912	74
6	--	1.627133	0.979312	7	87.84843	75
7	--	1.559584	1.228604	8	89.07703	76
8	--	2.60563	1.067033	9	90.14406	77
9	--	3.063627	3.081161	8	93.20769	78
8	--	2.608083	1.705372	9	94.91306	79
9	--	2.026081	2.062166	8	96.93914	80
8	--	2.369218	1.680467	9	98.61961	81
9	--	1.717132	2.719729	8	100.33674	82
8	--	1.2937	1.398386	7	101.63044	83
7	--	1.14631	1.322558	6	102.77675	84
6	--	0.803927	1.480369	5	103.58068	85
5	--	0.845437	0.758306	6	104.33899	86
6	--	1.404971	1.437569	5	105.74396	87
5	--	1.016284	1.626465	4	106.76024	88
4	--	1.440322	1.223022	5	107.98326	89
5	--	1.199067	1.375986	4	109.18233	90
4	--	1.489959	1.302878	5	110.48521	91
5	--	1.667752	0.926936	6	111.41215	92
6	--	0.684402	0.800147	5	112.09655	93
5	--	1.571657	1.654918	4	113.66821	94
4	--	0.742561	1.704785	3	114.41077	95
3	--	1.595912	0.97632	4	115.38709	96
4	--	0.754218	1.433699	3	116.14131	97
3	--	1.717218	1.96418	2	117.85853	98
2	--	1.103559	1.424524	1	118.96209	99
1	--	1.973276	3.110355	0	120.93537	100

test #30
4	--	1.321367	1.590567	3	1.32137	1
3	--	1.086699	0.762577	4	2.08395	2
4	--	1.352027	1.008777	5	3.09273	3
5	--	1.62788	0.687182	6	3.77991	4
6	--	1.146912	1.079763	7	4.85967	5
7	--	1.426766	1.682118	6	6.28644	6
6	--	1.579625	0.708912	7	6.99535	7
7	--	1.524058	1.915775	6	8.51941	8
6	--	1.17289	0.947209	7	9.46662	9
7	--	1.815307	1.060242	8	10.52686	10
8	--	2.24665	1.164756	9	11.69162	11
9	--	4.03746	4.211411	8	15.72908	12
8	--	1.815925	1.881072	7	17.54501	13
7	--	1.350463	1.260494	8	18.8055	14
8	--	1.852635	2.074463	7	20.65814	15
7	--	1.167343	1.325495	6	21.82548	16
6	--	1.70687	1.230328	7	23.05581	17
7	--	1.093589	1.842885	6	24.1494	18
6	--	1.62681	0.989572	7	25.13897	19
7	--	1.046634	1.596538	6	26.1856	20
6	--	1.094928	1.399684	5	27.28053	21
5	--	0.659726	0.860527	4	27.94026	22
4	--	0.646425	1.316619	3	28.58669	23
3	--	1.297293	0.966237	4	29.55293	24
4	--	0.812046	0.900835	3	30.36498	25
3	--	1.547101	1.243836	4	31.60882	26
4	--	0.868852	1.108363	3	32.47767	27
3	--	1.569583	1.06626	4	33.54393	28
4	--	0.776539	0.672031	5	34.21596	29
5	--	0.636298	1.001867	4	34.85226	30
4	--	1.494434	0.725911	5	35.57817	31
5	--	0.778086	0.67827	6	36.25644	32
6	--	1.692086	1.345411	7	37.60185	33
7	--	1.169255	1.919312	6	38.7711	34
6	--	0.765705	1.351328	5	39.5368	35
5	--	0.784338	0.824067	4	40.32114	36
4	--	1.764675	1.012154	5	41.33329	37
5	--	0.923911	1.620098	4	42.2572	38
4	--	0.883246	0.70153	5	42.95873	39
5	--	1.070003	0.650497	6	43.60923	40
6	--	0.858669	0.658343	7	44.26757	41
7	--	1.203935	1.929636	6	45.4715	42
6	--	0.928093	1.600468	5	46.39959	43
5	--	1.437467	1.425254	6	47.82484	44
6	--	1.016085	1.187878	5	48.84092	45
5	--	0.823219	0.735659	6	49.57658	46
6	--	0.840182	1.381326	5	50.41676	47
5	--	0.676418	1.05665	4	51.09318	48
4	--	1.38251	1.52813	3	52.47569	49
3	--	1.890171	0.744386	4	53.22008	50
4	--	1.757742	0.870167	5	54.09025	51
5	--	1.667478	1.146675	6	55.23693	52
6	--	1.213872	1.189446	7	56.42638	53
7	--	1.791988	1.046815	8	57.4732	54
8	--	1.83401	0.974364	9	58.44756	55
9	--	3.169028	2.660525	10	61.10808	56

test #31
4	--	1.427307	0.926678	5	0.92668	1
5	--	1.58545	1.017982	6	1.94466	2
6	--	1.476607	0.785496	7	2.73016	3
7	--	1.77159	1.461431	8	4.19159	4
8	--	1.372414	1.481451	7	5.564	5
7	--	0.913759	1.115734	6	6.47776	6
6	--	0.765633	0.943497	5	7.24339	7
5	--	0.847521	1.199225	4	8.09091	8
4	--	0.691236	0.697538	3	8.78215	9
3	--	1.272377	0.741502	4	9.52365	10
4	--	1.201638	1.442627	3	10.72529	11
3	--	2.034433	1.456124	4	12.18141	12
4	--	1.063937	1.555356	3	13.24535	13
3	--	1.022849	1.946596	2	14.2682	14
2	--	2.222305	0.969328	3	15.23753	15
3	--	0.881149	1.71858	2	16.11868	16
2	--	1.001985	1.499536	1	17.12066	17
1	--	2.651458	1.820077	2	18.94074	18
2	--	1.667298	1.822078	1	20.60804	19
1	--	3.699543	3.299412	2	23.90745	20
2	--	1.162471	2.486299	1	25.06992	21
1	--	2.576768	2.56858	2	27.6385	22
2	--	1.125288	1.937654	1	28.76379	23
1	--	3.655529	1.812123	2	30.57591	24
2	--	1.813619	2.328426	1	32.38953	25
1	--	2.092716	3.400665	0	34.48225	26

test #32
4	--	0.7092	1.000109	3	0.7092	1
3	--	0.94382	0.831709	4	1.54091	2
4	--	1.123604	0.762177	5	2.30309	3
5	--	1.040983	1.191584	4	3.34407	4
4	--	1.373198	0.916292	5	4.26036	5
5	--	0.777544	1.06276	4	5.0379	6
4	--	1.130556	1.130306	5	6.16821	7
5	--	0.953056	0.784018	6	6.95223	8
6	--	1.373289	1.344295	7	8.29653	9
7	--	0.980098	1.576931	6	9.27663	10
6	--	1.393415	0.643762	7	9.92039	11
7	--	1.670214	1.622132	8	11.54252	12
8	--	1.077575	1.802859	7	12.62009	13
7	--	1.358388	0.8475	8	13.46759	14
8	--	1.048954	1.469811	7	14.51654	15
7	--	0.829916	1.62936	6	15.34646	16
6	--	1.251584	1.2503	7	16.59676	17
7	--	1.663519	0.832604	8	17.42936	18
8	--	1.575539	1.910704	7	19.0049	19
7	--	0.960681	0.86627	8	19.87117	20
8	--	1.457171	1.963087	7	21.32834	21
7	--	1.773671	1.30327	8	22.63161	22
8	--	2.218829	1.360737	9	23.99235	23
9	--	2.072017	2.467948	8	26.06437	24
8	--	1.108036	2.446457	7	27.17241	25
7	--	1.167322	1.854681	6	28.33973	26
6	--	1.187997	0.855075	7	29.19481	27
7	--	2.010321	1.668946	8	30.86376	28
8	--	1.190552	1.725785	7	32.05431	29
7	--	1.432392	1.490762	6	33.4867	30
6	--	1.464062	1.447449	7	34.93415	31
7	--	1.466773	0.993801	8	35.92795	32
8	--	2.06747	2.12243	7	37.99542	33
7	--	1.00052	1.108607	6	38.99594	34
6	--	1.216752	1.196938	7	40.19288	35
7	--	0.9433	1.177422	6	41.13618	36
6	--	0.886274	0.871766	7	42.00795	37
7	--	1.386389	0.966459	8	42.97441	38
8	--	1.135461	2.312939	7	44.10987	39
7	--	0.800696	1.68257	6	44.91057	40
6	--	1.043222	0.724056	7	45.63463	41
7	--	1.802247	0.897283	8	46.53191	42
8	--	1.153472	1.486329	7	47.68538	43
7	--	1.750269	1.68189	8	49.36727	44
8	--	1.587419	1.799727	7	50.95469	45
7	--	1.141453	1.325307	6	52.09614	46
6	--	1.245471	0.908603	7	53.00474	47
7	--	0.829255	1.362344	6	53.83399	48
6	--	1.336435	1.323372	7	55.15736	49
7	--	1.057707	1.437812	6	56.21507	50
6	--	1.199401	1.633489	5	57.41447	51
5	--	0.991582	1.28916	4	58.40605	52
4	--	0.886606	0.777347	5	59.1834	53
5	--	0.662663	0.85753	4	59.84606	54
4	--	1.772301	0.706725	5	60.55279	55
5	--	1.16744	1.333248	4	61.72023	56
4	--	0.698353	1.435689	3	62.41858	57
3	--	0.815828	2.011723	2	63.23441	58
2	--	2.042655	1.587336	3	64.82175	59
3	--	1.023151	1.107107	2	65.8449	60
2	--	1.875482	1.440778	3	67.28568	61
3	--	1.146409	0.912461	4	68.19814	62
4	--	1.349125	0.952881	5	69.15102	63
5	--	1.017102	1.550375	4	70.16812	64
4	--	1.03959	0.764368	5	70.93249	65
5	--	0.795046	0.679929	6	71.61242	66
6	--	0.836156	0.855213	5	72.44858	67
5	--	1.317443	1.095563	6	73.54414	68
6	--	1.16931	0.834362	7	74.3785	69
7	--	1.654623	1.203612	8	75.58211	70
8	--	1.963239	1.608859	9	77.19097	71
9	--	1.732534	2.134672	8	78.9235	72
8	--	2.346839	1.500714	9	80.42421	73
9	--	2.362253	2.792853	8	82.78646	74
8	--	1.823733	1.173364	9	83.95982	75
9	--	3.418953	2.695325	10	86.65514	76

test #33
4	--	1.043622	1.21231	3	1.04362	1
3	--	1.19285	1.241277	2	2.23647	2
2	--	2.027037	1.80977	3	4.04624	3
3	--	1.616684	1.479405	4	5.52565	4
4	--	0.882312	0.93933	3	6.40796	5
3	--	1.966832	1.001924	4	7.40988	6
4	--	1.605071	1.289012	5	8.69889	7
5	--	1.456522	0.826442	6	9.52533	8
6	--	1.630693	1.274118	7	10.79945	9
7	--	1.033014	1.881481	6	11.83246	10
6	--	1.644503	0.912219	7	12.74468	11
7	--	1.666263	0.813665	8	13.55834	12
8	--	2.017348	2.1108	7	15.57569	13
7	--	1.063808	1.97369	6	16.6395	14
6	--	1.269248	0.925673	7	17.56517	15
7	--	1.597357	1.61992	6	19.16253	16
6	--	0.957654	0.860804	7	20.02333	17
7	--	0.895483	1.139432	6	20.91881	18
6	--	1.286428	0.768658	7	21.68747	19
7	--	1.251276	1.807791	6	22.93875	20
6	--	1.099711	1.127449	5	24.03846	21
5	--	1.315139	0.816333	6	24.85479	22
6	--	1.296094	0.853281	7	25.70807	23
7	--	1.30579	1.030049	8	26.73812	24
8	--	2.131469	0.978596	9	27.71672	25
9	--	4.488117	2.659329	10	30.37605	26

test #34
4	--	1.48687	1.040005	5	1.04001	1
5	--	1.066662	0.804338	6	1.84435	2
6	--	1.451976	0.800206	7	2.64456	3
7	--	1.265525	1.855698	6	3.91009	4
6	--	0.959471	0.692875	7	4.60297	5
7	--	1.180477	0.94025	8	5.54322	6
8	--	2.508775	1.325386	9	6.86861	7
9	--	2.310253	4.341651	8	9.17886	8
8	--	1.409225	1.036662	9	10.21552	9
9	--	3.415687	3.713099	8	13.63121	10
8	--	1.257085	1.553409	7	14.8883	11
7	--	0.905571	1.899744	6	15.79387	12
6	--	1.218104	1.234786	5	17.01197	13
5	--	0.946328	0.908573	6	17.92054	14
6	--	1.731959	0.886297	7	18.80684	15
7	--	1.401852	0.859513	8	19.66635	16
8	--	1.29186	2.21063	7	20.95821	17
7	--	0.789099	2.016779	6	21.74731	18
6	--	0.900756	1.45082	5	22.64807	19
5	--	1.273221	1.349599	4	23.92129	20
4	--	1.143234	1.604199	3	25.06452	21
3	--	2.025212	0.935618	4	26.00014	22
4	--	1.739747	1.372022	5	27.37216	23
5	--	1.20838	1.575637	4	28.58054	24
4	--	0.722552	1.412097	3	29.30309	25
3	--	1.238695	1.801122	2	30.54179	26
2	--	1.896956	1.731132	3	32.27292	27
3	--	1.140573	1.311282	2	33.41349	28
2	--	2.203435	1.213199	3	34.62669	29
3	--	0.874608	0.771687	4	35.39838	30
4	--	1.017225	1.474331	3	36.41561	31
3	--	1.339589	0.877073	4	37.29268	32
4	--	0.667819	0.733452	3	37.9605	33
3	--	0.921835	1.017005	2	38.88233	34
2	--	1.764567	1.879208	1	40.6469	35
1	--	3.571211	4.490139	0	44.21811	36

test #35
4	--	1.143434	0.754431	5	0.75443	1
5	--	0.974301	0.982706	4	1.72873	2
4	--	0.750604	1.00601	3	2.47933	3
3	--	0.761938	1.146262	2	3.24127	4
2	--	1.246463	1.390997	1	4.48773	5
1	--	3.812501	4.141371	0	8.30023	6

test #36
4	--	1.010835	1.119844	3	1.01083	1
3	--	1.611217	0.862585	4	1.87342	2
4	--	0.788351	0.923266	3	2.66177	3
3	--	1.990655	1.752504	4	4.41427	4
4	--	1.628946	1.207179	5	5.62145	5
5	--	1.137801	1.28222	4	6.75925	6
4	--	0.897432	1.381995	3	7.65668	7
3	--	1.234308	1.158778	4	8.81546	8
4	--	0.720723	0.727068	3	9.53618	9
3	--	1.261885	1.581393	2	10.79806	10
2	--	1.033733	1.418135	1	11.83179	11
1	--	2.936234	4.711569	0	14.76802	12

test #37
4	--	1.019808	1.228062	3	1.01981	1
3	--	1.555268	1.173537	4	2.19335	2
4	--	0.834158	1.594682	3	3.02751	3
3	--	0.757698	1.826262	2	3.78521	4
2	--	1.94824	2.634789	1	5.73345	5
1	--	2.07951	2.37593	0	7.81296	6

test #38
4	--	1.436397	1.035268	5	1.03527	1
5	--	1.470149	0.673501	6	1.70877	2
6	--	1.143049	1.507217	5	2.85182	3
5	--	1.688353	0.670855	6	3.52267	4
6	--	0.923298	1.251619	5	4.44597	5
5	--	1.487198	0.724559	6	5.17053	6
6	--	0.936238	1.745288	5	6.10677	7
5	--	1.176177	0.77313	6	6.8799	8
6	--	1.390206	1.40095	5	8.27011	9
5	--	0.65506	1.504775	4	8.92517	10
4	--	0.665619	0.773811	3	9.59079	11
3	--	0.776577	1.129902	2	10.36737	12
2	--	1.947528	1.635443	3	12.00281	13
3	--	0.760314	1.572889	2	12.76312	14
2	--	2.585013	1.978738	3	14.74186	15
3	--	1.343654	1.951797	2	16.08551	16
2	--	1.523504	2.114345	1	17.60901	17
1	--	4.592059	4.219254	2	21.82826	18
2	--	0.959726	1.11221	1	22.78799	19
1	--	4.245347	2.585922	2	25.37391	20
2	--	2.390533	2.663906	1	27.76444	21
1	--	3.905146	3.472107	2	31.23655	22
2	--	2.182132	1.464041	3	32.70059	23
3	--	0.982334	1.833217	2	33.68292	24
2	--	1.452009	1.042411	3	34.72533	25
3	--	1.898925	0.835593	4	35.56092	26
4	--	1.574121	1.687573	3	37.13504	27
3	--	1.768224	1.433094	4	38.56813	28
4	--	0.977441	1.462411	3	39.54557	29
3	--	1.273435	1.85546	2	40.81901	30
2	--	2.111708	2.218976	1	42.93072	31
1	--	1.852049	4.548648	0	44.78277	32

test #39
4	--	1.3404	0.902426	5	0.90243	1
5	--	1.117962	1.347471	4	2.02039	2
4	--	1.093395	0.634941	5	2.65533	3
5	--	1.048629	0.925685	6	3.58101	4
6	--	0.642919	1.646991	5	4.22393	5
5	--	0.648076	0.799474	4	4.87201	6
4	--	1.656724	1.099959	5	5.97197	7
5	--	1.112626	1.237051	4	7.0846	8
4	--	1.491478	1.196811	5	8.28141	9
5	--	1.629456	1.356222	6	9.63763	10
6	--	0.816451	1.299677	5	10.45408	11
5	--	1.620906	1.199464	6	11.65354	12
6	--	1.159862	1.373356	5	12.8134	13
5	--	0.953872	0.794975	6	13.60837	14
6	--	1.034854	1.571578	5	14.64322	15
5	--	1.577648	1.122566	6	15.76579	16
6	--	1.542115	0.705337	7	16.47113	17
7	--	0.775256	1.031006	6	17.24639	18
6	--	0.889478	1.040773	5	18.13587	19
5	--	1.173383	0.810206	6	18.94608	20
6	--	0.729072	1.224719	5	19.67515	21
5	--	0.860683	1.485981	4	20.53583	22
4	--	1.119179	1.44387	3	21.65501	23
3	--	0.786728	1.273613	2	22.44174	24
2	--	2.112735	1.988332	3	24.43007	25
3	--	1.154303	1.949908	2	25.58437	26
2	--	2.0142	2.603016	1	27.59857	27
1	--	3.429249	2.386978	2	29.98555	28
2	--	0.991991	1.505163	1	30.97754	29
1	--	3.372587	2.795541	2	33.77308	30
2	--	0.986913	1.312986	1	34.75999	31
1	--	3.821693	2.165237	2	36.92523	32
2	--	1.517271	1.350775	3	38.27601	33
3	--	0.745743	1.393166	2	39.02175	34
2	--	1.152815	1.384589	1	40.17456	35
1	--	3.592835	2.892157	2	43.06672	36
2	--	1.596541	1.020161	3	44.08688	37
3	--	0.86487	1.050388	2	44.95175	38
2	--	2.458115	2.284317	3	47.23607	39
3	--	1.862472	1.017728	4	48.2538	40
4	--	0.667956	1.059867	3	48.92176	41
3	--	1.417082	0.886425	4	49.80819	42
4	--	1.716791	1.010944	5	50.81913	43
5	--	0.999702	0.651608	6	51.47074	44
6	--	1.448101	0.668398	7	52.13914	45
7	--	0.930217	1.876606	6	53.06936	46
6	--	0.983313	1.447885	5	54.05267	47
5	--	0.71986	0.695254	6	54.74792	48
6	--	1.131074	0.705085	7	55.453	49
7	--	1.902594	1.68446	8	57.13746	50
8	--	1.677551	1.361606	9	58.49907	51
9	--	3.797579	4.634937	8	62.29665	52
8	--	2.660988	2.342349	9	64.639	53
9	--	2.868131	4.728205	8	67.50713	54
8	--	1.615603	1.637744	7	69.12273	55
7	--	1.643431	1.826745	6	70.76616	56
6	--	1.360135	1.129012	7	71.89517	57
7	--	1.620779	1.20961	8	73.10478	58
8	--	1.665307	1.782527	7	74.77009	59
7	--	1.928455	1.041852	8	75.81194	60
8	--	2.146386	1.364347	9	77.17629	61
9	--	3.956005	3.995991	8	81.1323	62
8	--	2.277037	2.605343	7	83.40934	63
7	--	0.735546	0.873792	6	84.14489	64
6	--	0.977891	1.328456	5	85.12278	65
5	--	1.266106	1.03617	6	86.15895	66
6	--	1.004525	1.121249	5	87.16347	67
5	--	1.40757	1.003117	6	88.16659	68
6	--	1.461473	1.045447	7	89.21204	69
7	--	1.478135	1.199566	8	90.41161	70
8	--	1.809674	2.335427	7	92.22128	71
7	--	1.077705	2.001688	6	93.29898	72
6	--	0.810845	1.036785	5	94.10983	73
5	--	0.634738	1.300099	4	94.74457	74
4	--	1.391884	0.80988	5	95.55445	75
5	--	0.763205	1.055716	4	96.31766	76
4	--	0.880886	1.599018	3	97.19855	77
3	--	0.767681	1.600109	2	97.96623	78
2	--	1.462143	1.676358	1	99.42837	79
1	--	2.838298	2.774837	2	102.20321	80
2	--	2.392466	1.290284	3	103.49349	81
3	--	1.083567	1.250623	2	104.57706	82
2	--	1.316904	2.102618	1	105.89396	83
1	--	3.647487	4.015415	0	109.54145	84

test #40
4	--	0.793461	1.434579	3	0.79346	1
3	--	0.914975	1.44573	2	1.70843	2
2	--	1.490361	1.11014	3	2.81857	3
3	--	1.720608	1.758708	2	4.53918	4
2	--	1.856625	2.31548	1	6.3958	5
1	--	4.200401	3.56591	2	9.96171	6
2	--	2.454585	1.546876	3	11.50859	7
3	--	1.164982	1.058941	4	12.56753	8
4	--	0.760042	1.032267	3	13.32757	9
3	--	0.80245	1.440552	2	14.13002	10
2	--	2.404355	1.277109	3	15.40713	11
3	--	1.493814	1.154136	4	16.56127	12
4	--	0.666873	1.43114	3	17.22814	13
3	--	1.7653	1.450426	4	18.67857	14
4	--	1.369873	1.173361	5	19.85193	15
5	--	0.672893	1.165797	4	20.52482	16
4	--	0.785202	1.342767	3	21.31002	17
3	--	1.493411	0.900134	4	22.21015	18
4	--	1.493831	1.148757	5	23.35891	19
5	--	0.745937	0.708011	6	24.06692	20
6	--	1.293525	0.860222	7	24.92714	21
7	--	1.567018	1.560869	8	26.48801	22
8	--	2.235975	2.560417	7	28.72398	23
7	--	1.093933	1.662693	6	29.81791	24
6	--	0.731633	1.378763	5	30.54954	25
5	--	1.284614	0.696242	6	31.24578	26
6	--	0.648668	1.574293	5	31.89445	27
5	--	1.460901	1.405545	6	33.3	28
6	--	1.763919	0.794237	7	34.09424	29
7	--	1.210432	1.142282	8	35.23652	30
8	--	2.268124	1.541295	9	36.77782	31
9	--	3.766322	1.88104	10	38.65886	32

test #41
4	--	1.024682	1.087459	3	1.02468	1
3	--	0.890751	1.107396	2	1.91543	2
2	--	0.972753	1.75843	1	2.88818	3
1	--	3.512186	2.630465	2	5.51865	4
2	--	1.499542	1.79209	1	7.01819	5
1	--	2.51918	2.752997	0	9.53737	6

test #42
4	--	0.89535	0.670658	5	0.67066	1
5	--	0.804243	1.619973	4	1.4749	2
4	--	1.556282	1.669391	3	3.03118	3
3	--	1.505285	1.077727	4	4.10891	4
4	--	1.143736	1.598556	3	5.25265	5
3	--	1.467142	1.744573	2	6.71979	6
2	--	2.577216	1.351399	3	8.07119	7
3	--	1.466681	1.729521	2	9.53787	8
2	--	1.115777	1.158982	1	10.65365	9
1	--	3.486577	2.209704	2	12.86335	10
2	--	2.458758	1.053896	3	13.91725	11
3	--	1.961059	1.798758	4	15.71601	12
4	--	1.29488	0.667838	5	16.38385	13
5	--	1.547796	0.644059	6	17.02791	14
6	--	0.733408	1.266691	5	17.76132	15
5	--	0.648108	1.276208	4	18.40943	16
4	--	0.923607	1.580896	3	19.33304	17
3	--	1.607414	1.381532	4	20.71457	18
4	--	0.882579	1.104132	3	21.59715	19
3	--	1.108346	1.633556	2	22.7055	20
2	--	1.358468	2.100229	1	24.06397	21
1	--	3.319448	3.70619	0	27.38342	22

test #43
4	--	0.699414	0.733135	3	0.69941	1
3	--	1.359881	1.745658	2	2.05929	2
2	--	1.061965	2.034124	1	3.12126	3
1	--	1.801376	2.278765	0	4.92264	4

test #44
4	--	1.156913	1.531768	3	1.15691	1
3	--	1.592316	1.974984	2	2.74923	2
2	--	2.481827	1.046237	3	3.79547	3
3	--	0.762146	1.191543	2	4.55762	4
2	--	1.591799	2.527733	1	6.14942	5
1	--	2.120978	1.823177	2	7.9726	6
2	--	1.727456	1.118065	3	9.09067	7
3	--	0.873004	0.947033	2	9.96367	8
2	--	1.272673	0.977986	3	10.94166	9
3	--	1.635597	1.642672	2	12.57726	10
2	--	1.580498	1.641434	1	14.15776	11
1	--	3.200546	3.957287	0	17.35831	12

test #45
4	--	0.754433	1.09916	3	0.75443	1
3	--	1.234745	1.893683	2	1.98917	2
2	--	1.026448	2.095465	1	3.01562	3
1	--	4.065367	3.501932	2	6.51755	4
2	--	1.211463	1.491997	1	7.72901	5
1	--	2.324409	3.635981	0	10.05342	6

test #46
4	--	1.708265	1.198131	5	1.19813	1
5	--	0.943377	0.939756	6	2.13789	2
6	--	0.777342	0.709959	7	2.84785	3
7	--	0.794073	1.541251	6	3.64192	4
6	--	1.315376	0.779516	7	4.42144	5
7	--	0.943647	1.101857	6	5.36509	6
6	--	0.821035	0.791768	7	6.15686	7
7	--	1.676627	1.594788	8	7.75165	8
8	--	1.054741	1.390154	7	8.80639	9
7	--	1.180047	1.545292	6	9.98644	10
6	--	1.717961	0.702191	7	10.68863	11
7	--	1.470079	0.861905	8	11.55054	12
8	--	1.706479	2.051608	7	13.25702	13
7	--	1.876716	1.050181	8	14.3072	14
8	--	2.130598	1.638214	9	15.94541	15
9	--	3.695481	3.422097	10	19.36751	16

test #47
4	--	1.166597	1.251422	3	1.1666	1
3	--	0.739999	0.728287	4	1.89489	2
4	--	1.4593	0.648817	5	2.54371	3
5	--	0.868614	1.015879	4	3.41232	4
4	--	0.880935	1.043344	3	4.29326	5
3	--	1.575422	1.913096	2	5.86868	6
2	--	1.444521	2.027397	1	7.3132	7
1	--	4.473746	3.997952	2	11.31115	8
2	--	1.022489	1.599237	1	12.33364	9
1	--	2.458067	2.051111	2	14.38475	10
2	--	1.790834	1.475417	3	15.86017	11
3	--	1.747391	1.29488	4	17.15505	12
4	--	1.098819	0.856026	5	18.01108	13
5	--	1.364817	1.310558	6	19.32164	14
6	--	0.812295	1.224591	5	20.13393	15
5	--	0.773166	1.106405	4	20.9071	16
4	--	0.880384	1.589254	3	21.78748	17
3	--	1.628714	1.939605	2	23.41619	18
2	--	0.958922	2.117849	1	24.37511	19
1	--	3.446237	3.665139	0	27.82135	20

test #48
4	--	1.229246	0.865862	5	0.86586	1
5	--	0.611853	0.847404	4	1.47771	2
4	--	1.776025	0.950032	5	2.42774	3
5	--	0.709908	1.688627	4	3.13765	4
4	--	0.747559	1.609095	3	3.88521	5
3	--	1.429439	1.293566	4	5.17878	6
4	--	1.215698	1.312056	3	6.39448	7
3	--	0.908822	0.806855	4	7.20133	8
4	--	0.989181	1.149655	3	8.19051	9
3	--	1.262632	1.736644	2	9.45314	10
2	--	1.738062	1.287562	3	10.7407	11
3	--	0.819279	1.400737	2	11.55998	12
2	--	2.047145	1.199512	3	12.75949	13
3	--	1.825015	1.778348	4	14.53784	14
4	--	0.876071	1.631502	3	15.41391	15
3	--	1.858999	1.093706	4	16.50762	16
4	--	0.921693	0.794653	5	17.30227	17
5	--	1.630854	1.267302	6	18.56957	18
6	--	0.864702	1.585584	5	19.43427	19
5	--	0.892498	0.709161	6	20.14343	20
6	--	1.215839	0.799908	7	20.94334	21
7	--	1.670181	1.381819	8	22.32516	22
8	--	1.369171	1.12248	9	23.44764	23
9	--	4.364994	1.994487	10	25.44213	24

test #49
4	--	1.513514	1.268005	5	1.26801	1
5	--	0.694663	0.707956	4	1.96267	2
4	--	1.658966	1.214871	5	3.17754	3
5	--	0.714424	1.592363	4	3.89196	4
4	--	1.082983	0.883613	5	4.77557	5
5	--	1.145405	1.509758	4	5.92098	6
4	--	1.006345	1.055177	3	6.92733	7
3	--	1.191215	1.540243	2	8.11854	8
2	--	2.038334	2.082586	1	10.15687	9
1	--	2.391919	2.51995	0	12.54879	10

test #50
4	--	1.276316	0.918461	5	0.91846	1
5	--	0.825469	0.831428	4	1.74393	2
4	--	1.051198	0.772195	5	2.51612	3
5	--	0.759267	0.615236	6	3.13136	4
6	--	1.321522	0.990907	7	4.12227	5
7	--	1.425716	1.62011	6	5.54799	6
6	--	1.332714	1.309808	7	6.8578	7
7	--	1.436979	0.814046	8	7.67185	8
8	--	1.773697	1.333257	9	9.00511	9
9	--	2.153667	2.187894	8	11.15878	10
8	--	2.383768	1.476766	9	12.63555	11
9	--	1.945195	2.963652	8	14.58075	12
8	--	1.454812	1.78182	7	16.03556	13
7	--	0.83582	1.640821	6	16.87138	14
6	--	0.767496	1.17239	5	17.63888	15
5	--	1.219541	0.795918	6	18.4348	16
6	--	0.736539	0.902494	5	19.17134	17
5	--	1.122888	1.495109	4	20.29423	18
4	--	1.068491	1.551303	3	21.36272	19
3	--	1.672934	1.019216	4	22.38194	20
4	--	1.345166	0.754303	5	23.13624	21
5	--	0.86553	0.721435	6	23.85768	22
6	--	1.072343	1.300792	5	24.93002	23
5	--	1.357457	1.574451	4	26.28748	24
4	--	0.999331	1.437072	3	27.28681	25
3	--	1.252981	1.802944	2	28.53979	26
2	--	1.782082	2.315966	1	30.32187	27
1	--	4.35905	2.049079	2	32.37095	28
2	--	2.605101	2.508422	3	34.87937	29
3	--	0.866564	2.035248	2	35.74593	30
2	--	1.96294	1.178432	3	36.92436	31
3	--	1.109301	1.375742	2	38.03366	32
2	--	1.412316	2.48978	1	39.44598	33
1	--	3.949372	2.618937	2	42.06492	34
2	--	2.302641	1.921465	3	43.98638	35
3	--	1.21779	1.472051	2	45.20417	36
2	--	2.479715	1.165417	3	46.36959	37
3	--	0.780343	0.833864	2	47.14993	38
2	--	1.193721	2.212069	1	48.34365	39
1	--	3.259803	3.732153	0	51.60345	40

test #51
4	--	1.147069	1.333736	3	1.14707	1
3	--	1.556524	1.483342	4	2.63041	2
4	--	1.402979	1.196561	5	3.82697	3
5	--	0.93631	1.114807	4	4.76328	4
4	--	1.05061	1.207255	3	5.81389	5
3	--	1.101492	1.098115	4	6.912	6
4	--	1.272274	1.654629	3	8.18427	7
3	--	0.741746	1.309165	2	8.92602	8
2	--	2.35587	1.321302	3	10.24732	9
3	--	1.763009	1.451857	4	11.69918	10
4	--	1.200031	1.399179	3	12.89921	11
3	--	1.898544	1.700938	4	14.60015	12
4	--	1.367397	1.343566	5	15.94372	13
5	--	1.13559	0.617391	6	16.56111	14
6	--	0.669027	1.061449	5	17.23014	15
5	--	0.942971	0.626956	6	17.8571	16
6	--	0.921055	1.038309	5	18.77815	17
5	--	0.717239	0.667917	6	19.44607	18
6	--	1.276977	1.775794	5	20.72305	19
5	--	0.66514	1.566127	4	21.38819	20
4	--	1.304647	1.235302	5	22.62349	21
5	--	1.183263	0.774411	6	23.3979	22
6	--	1.591424	1.069341	7	24.46724	23
7	--	1.436394	1.510817	6	25.90363	24
6	--	1.089859	0.860319	7	26.76395	25
7	--	1.113344	1.196113	6	27.87729	26
6	--	0.669039	0.750083	5	28.54633	27
5	--	0.894017	0.723073	6	29.2694	28
6	--	1.18206	1.109455	7	30.37886	29
7	--	1.519823	0.770053	8	31.14891	30
8	--	1.819086	1.267383	9	32.41629	31
9	--	2.618479	1.943357	10	34.35965	32

test #52
4	--	1.529746	0.864251	5	0.86425	1
5	--	0.984986	1.310549	4	1.84924	2
4	--	1.357099	0.750235	5	2.59947	3
5	--	1.377535	0.657142	6	3.25661	4
6	--	0.90799	1.047488	5	4.1646	5
5	--	1.099106	1.625848	4	5.26371	6
4	--	0.78276	0.676755	5	5.94046	7
5	--	1.30934	0.919495	6	6.85995	8
6	--	0.813025	0.681326	7	7.54128	9
7	--	1.531092	1.805469	6	9.07237	10
6	--	0.975514	1.125767	5	10.04788	11
5	--	1.086805	1.477985	4	11.13469	12
4	--	1.247378	1.653668	3	12.38207	13
3	--	1.056132	1.405331	2	13.4382	14
2	--	2.438522	1.233602	3	14.6718	15
3	--	1.334256	0.755769	4	15.42757	16
4	--	1.558175	1.297431	5	16.725	17
5	--	0.81822	1.117037	4	17.54322	18
4	--	0.992672	1.02669	3	18.53589	19
3	--	1.406416	0.971058	4	19.50695	20
4	--	0.93973	0.715833	5	20.22278	21
5	--	1.680347	1.231418	6	21.4542	22
6	--	1.631187	0.823841	7	22.27804	23
7	--	0.953721	1.235185	6	23.23176	24
6	--	0.989545	0.823045	7	24.05481	25
7	--	1.458718	1.292444	8	25.34725	26
8	--	2.362271	1.265366	9	26.61262	27
9	--	4.000716	4.094561	8	30.61334	28
8	--	2.310059	1.265827	9	31.87917	29
9	--	2.644348	4.033334	8	34.52352	30
8	--	1.619271	1.112489	9	35.63601	31
9	--	4.401221	2.297573	10	37.93358	32

test #53
4	--	0.993941	0.731602	5	0.7316	1
5	--	0.960245	1.293227	4	1.69185	2
4	--	1.037096	1.413084	3	2.72895	3
3	--	1.320473	1.787197	2	4.04942	4
2	--	1.269149	1.009038	3	5.05846	5
3	--	1.976529	0.764067	4	5.82253	6
4	--	1.241581	1.226531	5	7.04906	7
5	--	1.147589	0.98523	6	8.03429	8
6	--	0.674743	1.243917	5	8.70903	9
5	--	0.926424	1.467908	4	9.63545	10
4	--	0.697398	1.652407	3	10.33285	11
3	--	1.164375	1.456408	2	11.49722	12
2	--	1.020713	2.092233	1	12.51793	13
1	--	4.321976	2.655998	2	15.17393	14
2	--	1.295018	2.594722	1	16.46895	15
1	--	2.696116	2.455819	2	18.92477	16
2	--	2.50539	2.617971	1	21.43016	17
1	--	2.577774	3.85618	0	24.00793	18

test #54
4	--	1.59126	0.701798	5	0.7018	1
5	--	0.875885	1.380131	4	1.57769	2
4	--	0.852957	1.344472	3	2.43065	3
3	--	1.404923	0.97981	4	3.41046	4
4	--	1.559389	1.491279	5	4.90174	5
5	--	1.148775	1.06339	6	5.96513	6
6	--	1.356305	0.983607	7	6.94874	7
7	--	1.510266	1.090374	8	8.03911	8
8	--	1.361841	1.78758	7	9.40095	9
7	--	1.81955	1.18758	8	10.58853	10
8	--	1.036614	1.616594	7	11.62514	11
7	--	1.033745	1.266105	6	12.65888	12
6	--	0.936785	1.510964	5	13.59566	13
5	--	0.721294	0.614519	6	14.21018	14
6	--	1.34993	0.710553	7	14.92073	15
7	--	0.890666	0.818529	8	15.73926	16
8	--	2.249381	2.218701	9	17.95796	17
9	--	3.627226	4.145239	8	21.58519	18
8	--	1.231777	1.374684	7	22.81697	19
7	--	2.030113	0.980178	8	23.79715	20
8	--	1.516691	2.320507	7	25.31384	21
7	--	0.846102	0.810901	8	26.12474	22
8	--	2.056133	1.065138	9	27.18988	23
9	--	3.510883	2.227551	10	29.41743	24

test #55
4	--	1.102394	1.254372	3	1.10239	1
3	--	1.773267	0.899406	4	2.0018	2
4	--	1.733786	1.325293	5	3.32709	3
5	--	0.914577	0.828885	6	4.15597	4
6	--	0.679879	0.688558	5	4.83585	5
5	--	1.191697	0.939171	6	5.77502	6
6	--	0.792084	1.743037	5	6.5671	7
5	--	1.401629	0.80984	6	7.37694	8
6	--	1.247993	1.506799	5	8.62493	9
5	--	1.590691	1.274411	6	9.89934	10
6	--	0.861039	0.936619	5	10.76038	11
5	--	0.994113	1.330585	4	11.75449	12
4	--	1.32164	1.568345	3	13.07613	13
3	--	1.072602	1.366313	2	14.14873	14
2	--	2.27585	1.488933	3	15.63766	15
3	--	1.134592	0.850285	4	16.48794	16
4	--	1.167635	0.771087	5	17.25903	17
5	--	1.527968	1.555586	4	18.787	18
4	--	1.595471	0.82185	5	19.60885	19
5	--	1.084285	0.838844	6	20.44769	20
6	--	1.213523	1.109422	7	21.55711	21
7	--	1.831943	0.801185	8	22.3583	22
8	--	2.025143	1.094578	9	23.45288	23
9	--	3.015913	1.898091	10	25.35097	24

test #56
4	--	1.036961	0.910813	5	0.91081	1
5	--	0.984966	1.295142	4	1.89578	2
4	--	1.295929	1.526618	3	3.19171	3
3	--	1.321018	1.935383	2	4.51273	4
2	--	1.296198	1.936455	1	5.80893	5
1	--	2.126443	3.739408	0	7.93537	6

test #57
4	--	0.765316	1.387484	3	0.76532	1
3	--	1.028435	1.686868	2	1.79375	2
2	--	1.494947	1.330922	3	3.12467	3
3	--	1.560761	1.49405	4	4.61872	4
4	--	1.204271	1.042027	5	5.66075	5
5	--	0.651424	0.675368	4	6.31217	6
4	--	0.744066	1.128005	3	7.05624	7
3	--	1.363503	1.08705	4	8.14329	8
4	--	1.507935	1.675795	3	9.65123	9
3	--	1.494515	1.345791	4	10.99702	10
4	--	1.015755	0.935596	5	11.93262	11
5	--	1.583814	1.195059	6	13.12768	12
6	--	1.080185	1.041984	7	14.16966	13
7	--	0.729874	1.783084	6	14.89953	14
6	--	1.154709	1.720101	5	16.05424	15
5	--	1.41016	0.637589	6	16.69183	16
6	--	0.716761	1.270462	5	17.40859	17
5	--	0.757356	0.96758	4	18.16595	18
4	--	0.980642	0.970357	5	19.13631	19
5	--	1.079604	0.718071	6	19.85438	20
6	--	1.112939	1.682142	5	20.96732	21
5	--	1.558657	0.796074	6	21.76339	22
6	--	1.623245	0.831417	7	22.59481	23
7	--	1.271234	1.516224	6	23.86604	24
6	--	0.927192	1.108398	5	24.79323	25
5	--	1.653472	1.291228	6	26.08446	26
6	--	1.621883	1.226659	7	27.31112	27
7	--	1.538815	1.720541	6	28.84994	28
6	--	1.088282	1.745184	5	29.93822	29
5	--	0.801615	1.400767	4	30.73983	30
4	--	1.368027	0.951473	5	31.6913	31
5	--	1.538622	0.805747	6	32.49705	32
6	--	1.514403	1.09761	7	33.59466	33
7	--	1.073644	0.943191	8	34.53785	34
8	--	1.866223	1.979804	7	36.40407	35
7	--	1.381793	1.774198	6	37.78586	36
6	--	0.761619	1.061689	5	38.54748	37
5	--	0.822911	0.967044	4	39.37039	38
4	--	0.764219	0.745867	5	40.11626	39
5	--	1.515327	0.706213	6	40.82247	40
6	--	0.843922	1.49216	5	41.66639	41
5	--	1.004128	0.803901	6	42.47029	42
6	--	1.027518	0.660952	7	43.13124	43
7	--	0.813969	0.867737	6	43.94521	44
6	--	0.949923	1.713172	5	44.89513	45
5	--	1.420291	0.925924	6	45.82105	46
6	--	0.946401	0.810541	7	46.63159	47
7	--	1.8746	0.871336	8	47.50293	48
8	--	1.453967	1.563716	7	48.9569	49
7	--	1.877556	1.906717	6	50.83446	50
6	--	1.274505	1.233934	7	52.06839	51
7	--	1.61887	0.792554	8	52.86094	52
8	--	2.55648	2.112227	9	54.97317	53
9	--	2.566824	1.755948	10	56.72912	54

test #58
4	--	1.094547	1.131603	3	1.09455	1
3	--	1.21421	1.12549	4	2.22004	2
4	--	0.726245	1.70747	3	2.94629	3
3	--	0.982509	1.058401	2	3.9288	4
2	--	1.373787	1.751159	1	5.30259	5
1	--	2.906965	1.734068	2	7.03666	6
2	--	1.955667	2.230801	1	8.99233	7
1	--	1.750397	3.056383	0	10.74273	8

test #59
4	--	1.001441	0.786302	5	0.7863	1
5	--	1.679038	1.654131	6	2.44043	2
6	--	1.263783	1.155819	7	3.59625	3
7	--	1.135294	1.036696	8	4.63295	4
8	--	1.1775	1.43066	7	5.81045	5
7	--	1.766677	1.666067	8	7.47652	6
8	--	1.075276	1.552064	7	8.5518	7
7	--	1.233651	0.742744	8	9.29454	8
8	--	1.673316	1.223728	9	10.51827	9
9	--	2.225865	3.156954	8	12.74414	10
8	--	2.09945	1.207045	9	13.95118	11
9	--	1.843496	4.177346	8	15.79468	12
8	--	1.974053	1.894485	9	17.68916	13
9	--	2.656687	3.273633	8	20.34585	14
8	--	1.617773	1.113307	9	21.45916	15
9	--	2.806844	3.675846	8	24.266	16
8	--	1.794267	1.107022	9	25.37302	17
9	--	1.967203	2.414374	8	27.34022	18
8	--	1.525675	1.392113	9	28.73233	19
9	--	2.052517	3.024772	8	30.78485	20
8	--	1.465621	1.758665	7	32.25047	21
7	--	1.855773	1.174352	8	33.42482	22
8	--	1.541623	1.784859	7	34.96644	23
7	--	1.80098	1.684559	8	36.651	24
8	--	1.937169	2.3932	7	38.58817	25
7	--	0.879153	1.058058	6	39.46732	26
6	--	1.178329	0.63507	7	40.10239	27
7	--	1.785302	1.582106	8	41.6845	28
8	--	1.814695	1.496225	9	43.18072	29
9	--	3.295845	4.326212	8	46.47656	30
8	--	1.10819	1.11328	7	47.58475	31
7	--	1.401435	1.203598	8	48.78835	32
8	--	1.862996	2.088138	7	50.65135	33
7	--	1.098214	0.759826	8	51.41118	34
8	--	2.446696	1.439164	9	52.85034	35
9	--	3.579699	4.57994	8	56.43004	36
8	--	1.982959	1.317792	9	57.74783	37
9	--	1.985746	3.010538	8	59.73358	38
8	--	1.378721	2.338027	7	61.1123	39
7	--	0.793024	0.84455	6	61.90532	40
6	--	1.600207	0.965692	7	62.87101	41
7	--	1.521797	0.749285	8	63.62029	42
8	--	2.536041	2.260062	9	65.88035	43
9	--	3.206026	3.600248	8	69.08638	44
8	--	1.268838	2.342336	7	70.35522	45
7	--	1.866449	1.41055	8	71.76577	46
8	--	1.661699	2.639956	7	73.42747	47
7	--	1.137162	1.101152	8	74.52862	48
8	--	2.101011	1.752585	9	76.28121	49
9	--	1.929241	2.130866	8	78.21045	50
8	--	2.441695	2.213977	9	80.42443	51
9	--	2.700551	1.731104	10	82.15553	52

test #60
4	--	1.163153	1.309596	3	1.16315	1
3	--	0.959851	1.397609	2	2.123	2
2	--	1.59617	1.261471	3	3.38447	3
3	--	1.176649	1.352906	2	4.56112	4
2	--	2.230179	2.318306	1	6.7913	5
1	--	3.747117	2.312518	2	9.10382	6
2	--	1.889368	1.72639	3	10.83021	7
3	--	1.289866	0.803503	4	11.63371	8
4	--	1.526185	0.948813	5	12.58252	9
5	--	1.032808	0.961372	6	13.54389	10
6	--	0.73751	1.46861	5	14.2814	11
5	--	0.947451	1.290348	4	15.22885	12
4	--	0.924373	0.74144	5	15.97029	13
5	--	0.716524	0.746411	4	16.68681	14
4	--	1.411797	0.650124	5	17.33693	15
5	--	1.076917	0.77574	6	18.11267	16
6	--	1.008865	0.920662	7	19.03333	17
7	--	1.928619	1.575454	8	20.60878	18
8	--	1.37747	1.963483	7	21.98625	19
7	--	0.769699	0.862169	6	22.75595	20
6	--	0.926458	1.421534	5	23.68241	21
5	--	0.99235	1.699555	4	24.67476	22
4	--	1.495098	1.639004	3	26.16986	23
3	--	1.694626	1.020635	4	27.19049	24
4	--	1.720819	1.321388	5	28.51188	25
5	--	0.622025	0.968092	4	29.13391	26
4	--	0.781278	1.297884	3	29.91519	27
3	--	0.948648	1.265224	2	30.86384	28
2	--	1.986573	1.788029	3	32.65187	29
3	--	1.533128	1.031051	4	33.68292	30
4	--	1.287198	1.269781	5	34.9527	31
5	--	1.013182	1.151179	4	35.96588	32
4	--	1.563066	1.433878	5	37.39976	33
5	--	0.73836	1.1305	4	38.13812	34
4	--	1.028177	1.46494	3	39.1663	35
3	--	1.301268	0.740834	4	39.90713	36
4	--	0.922094	1.366916	3	40.82922	37
3	--	1.499969	1.12099	4	41.95021	38
4	--	1.360417	0.944416	5	42.89463	39
5	--	0.693319	0.975636	4	43.58795	40
4	--	1.625033	0.923523	5	44.51147	41
5	--	0.898938	0.920032	4	45.41041	42
4	--	0.721168	1.775984	3	46.13158	43
3	--	1.014669	1.352727	2	47.14625	44
2	--	1.592628	1.562828	3	48.70908	45
3	--	1.402293	1.014508	4	49.72359	46
4	--	0.943399	1.391724	3	50.66699	47
3	--	1.564737	1.531469	4	52.19846	48
4	--	1.451603	1.386988	5	53.58545	49
5	--	1.149735	1.136934	6	54.72238	50
6	--	0.808952	1.263742	5	55.53133	51
5	--	1.309293	1.419801	4	56.84062	52
4	--	0.68057	1.621544	3	57.52119	53
3	--	0.908279	1.171564	2	58.42947	54
2	--	1.653639	1.795054	1	60.08311	55
1	--	3.453758	3.081511	2	63.16462	56
2	--	1.812221	1.600623	3	64.76524	57
3	--	1.631731	1.384366	4	66.14961	58
4	--	1.260259	1.63355	3	67.40987	59
3	--	0.959435	1.347742	2	68.36931	60
2	--	1.067428	2.454123	1	69.43674	61
1	--	3.289421	3.114714	2	72.55145	62
2	--	0.96822	1.205596	1	73.51967	63
1	--	3.109373	3.255066	0	76.62904	64

test #61
4	--	0.856035	1.097941	3	0.85603	1
3	--	0.907135	0.846337	4	1.70237	2
4	--	1.620342	1.501869	5	3.20424	3
5	--	1.130358	1.175684	4	4.3346	4
4	--	0.872331	1.763006	3	5.20693	5
3	--	1.361134	1.421632	2	6.56806	6
2	--	2.396893	2.227543	3	8.7956	7
3	--	1.477967	1.792528	2	10.27357	8
2	--	1.098571	1.585511	1	11.37214	9
1	--	1.792405	4.287685	0	13.16455	10

test #62
4	--	1.16098	1.488057	3	1.16098	1
3	--	1.919931	1.740142	4	2.90112	2
4	--	1.156841	0.956743	5	3.85786	3
5	--	0.680447	1.638775	4	4.53831	4
4	--	0.72316	1.535492	3	5.26147	5
3	--	1.5584	1.98135	2	6.81987	6
2	--	2.246507	2.029321	3	8.84919	7
3	--	1.313525	1.318769	2	10.16272	8
2	--	2.408762	1.452271	3	11.61499	9
3	--	1.70357	1.711366	2	13.31856	10
2	--	1.413891	2.082237	1	14.73245	11
1	--	2.04476	2.44314	0	16.77721	12

test #63
4	--	1.686862	0.78682	5	0.78682	1
5	--	0.977853	1.189846	4	1.76467	2
4	--	1.247189	0.823369	5	2.58804	3
5	--	0.795054	1.315917	4	3.38309	4
4	--	0.911759	0.957666	3	4.29485	5
3	--	1.000106	1.319306	2	5.29496	6
2	--	1.753175	0.967865	3	6.26282	7
3	--	1.20796	1.090925	4	7.35374	8
4	--	0.868784	0.889041	3	8.22252	9
3	--	1.272502	1.518365	2	9.49502	10
2	--	1.201928	1.233051	1	10.69695	11
1	--	2.929375	2.206925	2	12.90388	12
2	--	1.37381	2.345726	1	14.27769	13
1	--	3.703766	3.470204	2	17.74789	14
2	--	0.961609	1.507887	1	18.7095	15
1	--	2.735726	1.813676	2	20.52318	16
2	--	1.768146	1.93921	1	22.29133	17
1	--	2.249673	2.354033	0	24.541	18

test #64
4	--	0.820788	1.182814	3	0.82079	1
3	--	1.458636	1.43445	4	2.25524	2
4	--	0.868571	0.825579	5	3.08082	3
5	--	1.065974	0.867809	6	3.94863	4
6	--	1.763127	1.039621	7	4.98825	5
7	--	1.679607	1.196616	8	6.18487	6
8	--	1.199832	1.32401	7	7.3847	7
7	--	1.510346	1.616752	6	8.89505	8
6	--	1.304856	0.767068	7	9.66212	9
7	--	1.044311	1.175022	6	10.70643	10
6	--	0.669379	0.787779	5	11.37581	11
5	--	0.975484	1.43051	4	12.35129	12
4	--	1.017096	1.656956	3	13.36839	13
3	--	1.114151	1.434869	2	14.48254	14
2	--	1.938186	1.372885	3	15.85542	15
3	--	1.020454	0.869942	4	16.72536	16
4	--	1.54263	1.21168	5	17.93704	17
5	--	1.651403	1.696562	4	19.58844	18
4	--	1.435674	1.776433	3	21.02411	19
3	--	1.449152	0.77408	4	21.79819	20
4	--	0.896209	0.804851	5	22.60304	21
5	--	1.057651	1.05088	6	23.65392	22
6	--	1.545214	1.033496	7	24.68742	23
7	--	1.145319	0.966022	8	25.65344	24
8	--	1.472428	2.649929	7	27.12587	25
7	--	1.776792	1.94248	6	28.90266	26
6	--	0.995769	1.277072	5	29.89843	27
5	--	1.440237	0.938775	6	30.83721	28
6	--	0.831447	1.007635	5	31.66866	29
5	--	1.429467	1.300813	6	32.96947	30
6	--	0.698087	0.693303	7	33.66277	31
7	--	1.870702	1.77676	8	35.43953	32
8	--	1.367557	1.026349	9	36.46588	33
9	--	2.466382	2.877419	8	38.93226	34
8	--	1.429445	1.919136	7	40.36171	35
7	--	1.475776	0.990279	8	41.35199	36
8	--	1.849973	2.322048	7	43.20196	37
7	--	1.370369	1.14393	8	44.34589	38
8	--	1.756174	1.24727	9	45.59316	39
9	--	2.666724	2.947454	8	48.25988	40
8	--	1.555207	2.079696	7	49.81509	41
7	--	1.449213	1.449227	6	51.2643	42
6	--	1.354355	0.859838	7	52.12414	43
7	--	1.617904	1.219109	8	53.34325	44
8	--	1.39486	1.61729	7	54.73811	45
7	--	1.03144	0.882304	8	55.62041	46
8	--	2.35027	2.642676	7	57.97068	47
7	--	1.332664	1.932741	6	59.30334	48
6	--	0.816373	0.910853	5	60.11971	49
5	--	1.602211	0.715947	6	60.83566	50
6	--	1.167766	0.924634	7	61.76029	51
7	--	1.886759	1.34963	8	63.10992	52
8	--	1.267496	1.604912	7	64.37742	53
7	--	1.831671	0.854157	8	65.23158	54
8	--	1.340583	2.506117	7	66.57216	55
7	--	1.520265	1.114898	8	67.68706	56
8	--	1.489516	1.520397	7	69.17658	57
7	--	1.441869	1.122659	8	70.29924	58
8	--	2.139419	1.425492	9	71.72473	59
9	--	2.882279	2.548895	10	74.27362	60

test #65
4	--	1.403285	1.448672	3	1.40328	1
3	--	1.093596	1.652909	2	2.49688	2
2	--	1.511912	1.069386	3	3.56627	3
3	--	1.6178	1.919864	2	5.18407	4
2	--	1.285206	2.595335	1	6.46928	5
1	--	2.395514	2.760562	0	8.86479	6

test #66
4	--	0.795354	1.255992	3	0.79535	1
3	--	1.785864	1.367142	4	2.16249	2
4	--	0.845575	1.158264	3	3.00806	3
3	--	1.062544	0.744448	4	3.75251	4
4	--	0.894996	1.34631	3	4.64751	5
3	--	0.87064	1.315146	2	5.51815	6
2	--	0.991262	1.557636	1	6.50941	7
1	--	4.440891	2.699721	2	9.20913	8
2	--	2.127459	1.692864	3	10.90199	9
3	--	1.037878	1.250769	2	11.93987	10
2	--	1.720135	2.257783	1	13.66	11
1	--	1.789209	2.504914	0	15.44921	12

test #67
4	--	0.662404	0.696072	3	0.6624	1
3	--	1.370805	0.984114	4	1.64651	2
4	--	0.683607	1.199528	3	2.33012	3
3	--	1.652972	1.38185	4	3.71197	4
4	--	0.884749	1.12629	3	4.59672	5
3	--	0.878324	1.420904	2	5.47504	6
2	--	1.186758	2.050124	1	6.6618	7
1	--	2.088057	2.570683	0	8.74986	8

test #68
4	--	0.720954	1.353117	3	0.72095	1
3	--	1.567489	1.616185	2	2.28844	2
2	--	2.555317	2.637065	1	4.84376	3
1	--	3.215291	2.274703	2	7.11846	4
2	--	1.18469	1.681954	1	8.30315	5
1	--	4.585634	3.669574	2	11.97272	6
2	--	2.386272	1.883805	3	13.85652	7
3	--	0.936374	0.903915	4	14.76044	8
4	--	0.836589	0.815996	5	15.57644	9
5	--	1.709329	1.247847	6	16.82429	10
6	--	1.58345	1.665619	5	18.40774	11
5	--	1.615417	0.884832	6	19.29257	12
6	--	1.134354	0.999872	7	20.29244	13
7	--	1.515644	1.639223	6	21.80808	14
6	--	1.660638	1.627488	7	23.43557	15
7	--	1.316651	1.833103	6	24.75222	16
6	--	1.473516	0.728446	7	25.48067	17
7	--	1.293043	0.997223	8	26.47789	18
8	--	2.656449	1.240147	9	27.71804	19
9	--	3.910055	3.523847	10	31.24189	20

test #69
4	--	1.215015	1.080299	5	1.0803	1
5	--	0.747853	1.073454	4	1.82815	2
4	--	0.85053	0.92158	3	2.67868	3
3	--	0.792668	0.867831	2	3.47135	4
2	--	1.898991	1.626913	3	5.09826	5
3	--	1.634658	1.48373	4	6.58199	6
4	--	0.755343	1.282183	3	7.33733	7
3	--	1.627554	1.063355	4	8.40069	8
4	--	1.178503	1.104806	5	9.5055	9
5	--	0.76078	1.635357	4	10.26628	10
4	--	1.163237	0.849009	5	11.11529	11
5	--	1.186296	1.696362	4	12.30159	12
4	--	0.782224	1.454252	3	13.08381	13
3	--	1.21659	0.803581	4	13.88739	14
4	--	0.635981	0.701329	3	14.52337	15
3	--	0.812063	1.955953	2	15.33543	16
2	--	2.625188	1.740773	3	17.0762	17
3	--	1.508593	1.286424	4	18.36262	18
4	--	1.188803	0.967089	5	19.32971	19
5	--	0.756992	0.999506	4	20.0867	20
4	--	0.661564	0.865991	3	20.74826	21
3	--	1.489188	1.107749	4	21.85601	22
4	--	0.849046	0.754935	5	22.61095	23
5	--	1.45252	0.946841	6	23.55779	24
6	--	1.562523	1.578363	5	25.12031	25
5	--	0.776399	0.717447	6	25.83776	26
6	--	0.870863	1.500654	5	26.70862	27
5	--	1.175106	1.482192	4	27.88373	28
4	--	0.903183	0.881741	5	28.76547	29
5	--	0.615127	0.981436	4	29.3806	30
4	--	1.058362	1.760168	3	30.43896	31
3	--	1.471441	1.805746	2	31.9104	32
2	--	1.586452	1.382272	3	33.29267	33
3	--	0.752537	1.343137	2	34.04521	34
2	--	1.456245	1.946199	1	35.50146	35
1	--	1.946998	2.531295	0	37.44846	36

test #70
4	--	1.12672	1.533298	3	1.12672	1
3	--	0.814409	1.113735	2	1.94113	2
2	--	1.883441	1.533589	3	3.47472	3
3	--	0.969148	1.09823	2	4.44387	4
2	--	2.632374	1.918113	3	6.36198	5
3	--	1.187019	1.388809	2	7.549	6
2	--	2.052749	1.267052	3	8.81605	7
3	--	1.785649	1.362672	4	10.17872	8
4	--	1.729127	0.955748	5	11.13447	9
5	--	0.739897	1.397476	4	11.87437	10
4	--	1.379618	0.983318	5	12.85769	11
5	--	1.032267	1.11605	4	13.88996	12
4	--	1.507038	0.741438	5	14.6314	13
5	--	0.717808	0.80882	4	15.34921	14
4	--	1.202094	1.025382	5	16.37459	15
5	--	1.626249	1.116755	6	17.49134	16
6	--	1.028382	1.755668	5	18.51972	17
5	--	0.694213	0.615613	6	19.13533	18
6	--	1.179108	0.99008	7	20.12541	19
7	--	0.943144	1.875439	6	21.06855	20
6	--	1.351629	1.139426	7	22.20798	21
7	--	1.6236	1.896425	6	23.83158	22
6	--	0.929288	0.814285	7	24.64587	23
7	--	1.766785	1.78683	6	26.41266	24
6	--	1.755598	1.253873	7	27.66653	25
7	--	1.056996	1.461636	6	28.72353	26
6	--	1.161805	1.377309	5	29.88533	27
5	--	0.666316	0.942576	4	30.55165	28
4	--	1.319125	0.831844	5	31.38349	29
5	--	1.088191	1.108332	4	32.47168	30
4	--	0.777762	1.295548	3	33.24944	31
3	--	1.745479	1.460296	4	34.70974	32
4	--	1.456151	1.049652	5	35.75939	33
5	--	1.587434	1.007298	6	36.76669	34
6	--	1.209056	1.55455	5	37.97575	35
5	--	1.348427	0.784522	6	38.76027	36
6	--	1.640183	1.69938	5	40.40045	37
5	--	1.022379	1.663489	4	41.42283	38
4	--	0.978601	1.03774	3	42.40143	39
3	--	0.908007	1.448943	2	43.30944	40
2	--	0.968186	1.18557	1	44.27763	41
1	--	1.722941	4.309731	0	46.00057	42

test #71
4	--	0.968679	1.332609	3	0.96868	1
3	--	1.534649	0.919093	4	1.88777	2
4	--	0.942273	0.86914	5	2.75691	3
5	--	1.01422	0.665222	6	3.42213	4
6	--	0.839092	1.633043	5	4.26122	5
5	--	1.622138	0.875297	6	5.13652	6
6	--	1.532098	0.743974	7	5.88049	7
7	--	1.724864	1.837317	6	7.60535	8
6	--	1.260188	1.524503	5	8.86554	9
5	--	1.06267	0.671985	6	9.53753	10
6	--	1.504097	1.265675	7	10.80321	11
7	--	1.581687	1.281045	8	12.08425	12
8	--	1.736044	1.196425	9	13.28068	13
9	--	4.090494	2.518333	10	15.79901	14

test #72
4	--	1.310106	1.683392	3	1.31011	1
3	--	1.499963	1.627932	2	2.81007	2
2	--	1.537943	1.075825	3	3.8859	3
3	--	1.607102	1.122759	4	5.00866	4
4	--	0.782724	0.793395	3	5.79138	5
3	--	1.354687	1.057209	4	6.84859	6
4	--	0.931433	1.341106	3	7.78002	7
3	--	1.119978	1.451335	2	8.9	8
2	--	1.0326	2.049789	1	9.9326	9
1	--	2.777599	2.51932	2	12.45192	10
2	--	2.070024	1.753359	3	14.20528	11
3	--	1.961284	0.730114	4	14.93539	12
4	--	1.344425	1.046445	5	15.98184	13
5	--	1.357393	1.406118	4	17.33923	14
4	--	1.056243	1.641079	3	18.39547	15
3	--	1.638104	1.070371	4	19.46584	16
4	--	0.716344	1.010562	3	20.18218	17
3	--	1.3906	1.077252	4	21.25943	18
4	--	1.748104	0.752382	5	22.01181	19
5	--	1.085797	1.434269	4	23.09761	20
4	--	0.992637	1.25657	3	24.09025	21
3	--	0.915638	1.646818	2	25.00589	22
2	--	2.541748	1.201759	3	26.20765	23
3	--	1.303665	1.63279	2	27.51132	24
2	--	1.511753	2.060369	1	29.02307	25
1	--	2.415686	3.466146	0	31.43876	26

test #73
4	--	1.572032	1.166453	5	1.16645	1
5	--	1.229628	1.173061	6	2.33951	2
6	--	1.100696	0.647079	7	2.98659	3
7	--	0.931199	1.45163	6	3.91779	4
6	--	0.825206	1.20918	5	4.743	5
5	--	1.602254	0.953389	6	5.69639	6
6	--	1.52743	1.119732	7	6.81612	7
7	--	0.949825	0.897318	8	7.71344	8
8	--	1.789324	1.60921	9	9.32265	9
9	--	1.827884	1.768416	10	11.09107	10

test #74
4	--	1.152168	1.100789	5	1.10079	1
5	--	0.983185	1.27394	4	2.08397	2
4	--	0.658248	1.231082	3	2.74222	3
3	--	1.928422	0.782439	4	3.52466	4
4	--	0.963361	1.564613	3	4.48802	5
3	--	1.685266	1.273857	4	5.76188	6
4	--	1.134203	0.943431	5	6.70531	7
5	--	0.858871	0.730895	6	7.4362	8
6	--	0.861747	0.840632	7	8.27683	9
7	--	1.404917	1.7946	6	9.68175	10
6	--	1.26288	1.569574	5	10.94463	11
5	--	0.831755	1.164134	4	11.77639	12
4	--	1.495991	1.657114	3	13.27238	13
3	--	0.813155	1.400972	2	14.08553	14
2	--	1.105023	2.366758	1	15.19055	15
1	--	3.955195	2.588259	2	17.77881	16
2	--	1.384704	1.731533	1	19.16351	17
1	--	2.995757	2.599637	2	21.76315	18
2	--	1.305556	1.106187	3	22.86934	19
3	--	1.959247	1.429669	4	24.29901	20
4	--	0.730303	1.404832	3	25.02931	21
3	--	1.02293	1.862249	2	26.05224	22
2	--	2.261452	2.013785	3	28.06602	23
3	--	0.879394	1.398274	2	28.94541	24
2	--	1.926651	2.222483	1	30.87206	25
1	--	3.029022	2.684456	2	33.55652	26
2	--	1.328816	2.623508	1	34.88534	27
1	--	3.849037	1.968749	2	36.85409	28
2	--	0.9583	1.274211	1	37.81239	29
1	--	4.250366	2.989615	2	40.80201	30
2	--	2.181959	2.066346	3	42.86836	31
3	--	1.371119	1.062936	4	43.9313	32
4	--	1.463784	1.022774	5	44.95407	33
5	--	1.312266	1.18281	6	46.13688	34
6	--	0.700306	0.775639	5	46.83719	35
5	--	0.717824	0.727645	4	47.55501	36
4	--	1.301537	1.370911	3	48.85655	37
3	--	1.111745	1.155579	2	49.96829	38
2	--	2.066604	1.189954	3	51.15824	39
3	--	1.061591	1.395881	2	52.21983	40
2	--	1.340164	1.479573	1	53.55999	41
1	--	2.362956	3.029304	0	55.92295	42

test #75
4	--	1.58731	0.820268	5	0.82027	1
5	--	1.133937	0.706976	6	1.52725	2
6	--	1.619334	0.657794	7	2.18504	3
7	--	2.015657	1.047663	8	3.2327	4
8	--	1.949328	2.066939	7	5.18203	5
7	--	1.156383	1.42311	6	6.33841	6
6	--	0.714802	0.692183	7	7.03059	7
7	--	1.629035	1.704195	6	8.65963	8
6	--	1.478975	0.72643	7	9.38606	9
7	--	1.268957	0.851187	8	10.23725	10
8	--	1.894508	1.403139	9	11.64039	11
9	--	3.972687	3.807597	10	15.44799	12

test #76
4	--	1.227441	1.290172	3	1.22744	1
3	--	1.716367	1.543239	4	2.77068	2
4	--	0.975151	1.502287	3	3.74583	3
3	--	1.645215	1.184961	4	4.93079	4
4	--	0.660328	1.475333	3	5.59112	5
3	--	1.091171	1.480206	2	6.68229	6
2	--	1.756924	1.928958	1	8.43921	7
1	--	2.319842	3.79819	0	10.75905	8

test #77
4	--	0.694395	1.253367	3	0.69439	1
3	--	1.400224	1.804334	2	2.09461	2
2	--	1.100241	1.11113	1	3.19485	3
1	--	4.742351	2.723816	2	5.91867	4
2	--	1.965987	2.456047	1	7.88466	5
1	--	1.748105	3.295825	0	9.63277	6

test #78
4	--	1.475556	1.458986	5	1.45899	1
5	--	1.596797	1.535889	6	2.99488	2
6	--	0.945467	1.053672	5	3.94035	3
5	--	1.548217	0.997709	6	4.93806	4
6	--	1.753833	0.841672	7	5.77973	5
7	--	0.82489	1.97638	6	6.60462	6
6	--	1.585932	1.214911	7	7.81953	7
7	--	0.995766	0.918453	8	8.73798	8
8	--	2.299612	1.738966	9	10.47695	9
9	--	2.61319	2.953271	8	13.09014	10
8	--	2.440895	1.15382	9	14.24396	11
9	--	2.107638	2.016831	10	16.26079	12

test #79
4	--	0.752985	1.002081	3	0.75299	1
3	--	0.828611	1.380053	2	1.5816	2
2	--	1.568841	1.915704	1	3.15044	3
1	--	4.022154	3.552852	2	6.70329	4
2	--	2.312695	1.992477	3	8.69577	5
3	--	1.478814	1.770351	2	10.17458	6
2	--	1.734962	1.26359	3	11.43817	7
3	--	1.727477	1.060519	4	12.49869	8
4	--	0.96895	1.154196	3	13.46764	9
3	--	0.830459	1.344771	2	14.2981	10
2	--	1.836032	1.243177	3	15.54128	11
3	--	1.719368	1.457131	4	16.99841	12
4	--	0.873316	1.118446	3	17.87173	13
3	--	1.437919	1.710731	2	19.30965	14
2	--	1.255625	1.532252	1	20.56527	15
1	--	1.876601	2.381446	0	22.44187	16

test #80
4	--	0.65551	0.834318	3	0.65551	1
3	--	1.760642	1.790564	2	2.41615	2
2	--	2.114901	2.164071	1	4.53105	3
1	--	2.15576	2.879221	0	6.68681	4

test #81
4	--	0.768315	1.019704	3	0.76831	1
3	--	1.230664	1.893705	2	1.99897	2
2	--	1.342854	1.581753	1	3.34182	3
1	--	3.705221	4.715622	0	7.04704	4

test #82
4	--	0.951424	1.016736	3	0.95142	1
3	--	1.612561	1.352234	4	2.30365	2
4	--	1.090501	0.662013	5	2.96566	3
5	--	0.665918	1.578989	4	3.63158	4
4	--	0.71532	1.288122	3	4.3469	5
3	--	0.87295	0.957398	2	5.21985	6
2	--	1.901431	1.407971	3	6.62782	7
3	--	1.762399	1.370091	4	7.99791	8
4	--	1.217574	0.737527	5	8.73544	9
5	--	1.0876	1.534623	4	9.82304	10
4	--	1.213775	1.009498	5	10.83254	11
5	--	1.527474	1.086008	6	11.91855	12
6	--	0.939833	0.823497	7	12.74205	13
7	--	1.501852	0.952105	8	13.69415	14
8	--	2.010981	2.631241	7	15.70513	15
7	--	1.343199	1.517587	6	17.04833	16
6	--	0.773066	1.207857	5	17.8214	17
5	--	1.312464	1.08023	6	18.90163	18
6	--	1.586245	0.841577	7	19.74321	19
7	--	1.813685	0.866514	8	20.60972	20
8	--	2.316315	2.457083	7	22.92603	21
7	--	1.366904	1.199984	8	24.12601	22
8	--	1.469763	1.273266	9	25.39928	23
9	--	4.447364	4.068173	10	29.46745	24

test #83
4	--	1.155128	1.189435	3	1.15513	1
3	--	1.817677	1.285994	4	2.44112	2
4	--	1.190385	1.604856	3	3.63151	3
3	--	0.778589	1.985336	2	4.4101	4
2	--	1.676974	1.312079	3	5.72218	5
3	--	1.221318	0.814858	4	6.53704	6
4	--	1.570864	0.74677	5	7.28381	7
5	--	0.759827	1.337611	4	8.04364	8
4	--	1.269735	1.078499	5	9.12214	9
5	--	1.543055	1.084407	6	10.20655	10
6	--	0.899193	1.559193	5	11.10574	11
5	--	0.685417	1.130352	4	11.79116	12
4	--	1.22565	1.028518	5	12.81968	13
5	--	1.180155	1.35511	4	13.99984	14
4	--	1.264375	1.761117	3	15.26422	15
3	--	1.85835	1.983129	2	17.12257	16
2	--	2.63068	1.238254	3	18.36082	17
3	--	0.802792	0.839223	2	19.16361	18
2	--	1.450762	2.485752	1	20.61437	19
1	--	3.879036	2.184342	2	22.79871	20
2	--	1.708098	1.034498	3	23.83321	21
3	--	0.956123	1.33872	2	24.78933	22
2	--	1.465814	1.433515	3	26.22285	23
3	--	1.631915	0.943045	4	27.1659	24
4	--	0.845712	1.081615	3	28.01161	25
3	--	1.27759	1.274267	4	29.28588	26
4	--	0.958976	0.903748	5	30.18963	27
5	--	1.087601	0.687046	6	30.87668	28
6	--	1.236477	0.958922	7	31.8356	29
7	--	1.062673	0.956848	8	32.79245	30
8	--	1.823674	1.975979	7	34.61612	31
7	--	1.222698	1.16772	8	35.78384	32
8	--	1.244667	1.708293	7	37.02851	33
7	--	1.793141	1.224697	8	38.25321	34
8	--	2.443093	1.400328	9	39.65354	35
9	--	2.399986	4.19714	8	42.05353	36
8	--	1.049376	2.231741	7	43.10291	37
7	--	0.979714	0.732355	8	43.83526	38
8	--	1.271379	1.388975	7	45.10664	39
7	--	1.549032	1.890578	6	46.65567	40
6	--	1.665648	1.558051	7	48.21372	41
7	--	1.901053	0.947552	8	49.16127	42
8	--	1.267268	1.544328	7	50.42854	43
7	--	1.61824	1.078067	8	51.50661	44
8	--	2.309742	2.132078	9	53.63869	45
9	--	3.587061	2.961553	10	56.60024	46

test #84
4	--	0.722177	1.238091	3	0.72218	1
3	--	0.984626	0.753848	4	1.47603	2
4	--	0.997576	1.688378	3	2.47361	3
3	--	1.256151	1.458554	2	3.72976	4
2	--	1.000236	1.878118	1	4.73	5
1	--	2.431793	2.02792	2	6.75792	6
2	--	1.807113	1.894817	1	8.56503	7
1	--	2.44639	4.062275	0	11.01142	8

test #85
4	--	1.287813	1.754258	3	1.28781	1
3	--	1.386725	1.216252	4	2.50406	2
4	--	1.550155	1.626773	3	4.05421	3
3	--	1.449997	0.939662	4	4.99387	4
4	--	0.761652	1.025117	3	5.75552	5
3	--	0.829161	0.822036	4	6.57756	6
4	--	1.513697	1.510943	5	8.0885	7
5	--	1.684175	1.311191	6	9.39969	8
6	--	1.608457	0.807653	7	10.20734	9
7	--	1.542845	1.75009	6	11.75019	10
6	--	0.715179	1.463409	5	12.46537	11
5	--	0.861186	1.159508	4	13.32656	12
4	--	1.070779	1.713823	3	14.39734	13
3	--	1.513097	0.896735	4	15.29407	14
4	--	1.414473	0.748963	5	16.04303	15
5	--	0.982778	0.854538	6	16.89757	16
6	--	1.221033	1.504769	5	18.1186	17
5	--	0.740213	1.444272	4	18.85881	18
4	--	1.174883	1.085597	5	19.94441	19
5	--	1.683259	0.780781	6	20.72519	20
6	--	1.51687	1.220518	7	21.94571	21
7	--	1.166687	2.028499	6	23.1124	22
6	--	0.658715	1.613907	5	23.77112	23
5	--	0.655493	0.775643	4	24.42661	24
4	--	1.57508	0.791919	5	25.21853	25
5	--	0.679268	0.805912	4	25.8978	26
4	--	0.746499	1.493795	3	26.6443	27
3	--	0.935103	1.150772	2	27.5794	28
2	--	1.559972	2.511373	1	29.13937	29
1	--	2.410536	3.21927	0	31.54991	30

test #86
4	--	0.790707	1.265902	3	0.79071	1
3	--	0.921303	1.185217	2	1.71201	2
2	--	2.343208	1.327123	3	3.03913	3
3	--	0.846156	1.138259	2	3.88529	4
2	--	1.279301	2.258511	1	5.16459	5
1	--	3.417275	2.578922	2	7.74351	6
2	--	2.563654	1.46423	3	9.20774	7
3	--	0.91507	1.681657	2	10.12281	8
2	--	1.762639	2.110038	1	11.88545	9
1	--	3.62014	1.752919	2	13.63837	10
2	--	1.238198	2.275815	1	14.87657	11
1	--	4.164823	3.384441	2	18.26101	12
2	--	1.624998	1.431065	3	19.69208	13
3	--	0.8552	0.890551	2	20.54728	14
2	--	1.021565	1.206806	1	21.56885	15
1	--	3.628937	3.273226	2	24.84208	16
2	--	1.234666	1.577517	1	26.07675	17
1	--	4.291914	2.428485	2	28.50523	18
2	--	1.584489	1.884962	1	30.08972	19
1	--	3.7357	3.819405	0	33.82542	20

test #87
4	--	1.203386	1.44037	3	1.20339	1
3	--	0.901264	1.117451	2	2.10465	2
2	--	0.968961	1.073688	1	3.07361	3
1	--	4.1233	1.835896	2	4.90951	4
2	--	1.250715	1.630461	1	6.16023	5
1	--	4.091615	4.477341	0	10.25185	6

test #88
4	--	0.91513	1.46109	3	0.91513	1
3	--	1.332102	0.835964	4	1.75109	2
4	--	0.653927	1.239639	3	2.40502	3
3	--	1.218685	1.068505	4	3.47353	4
4	--	1.502963	1.389114	5	4.86264	5
5	--	1.5555	0.807549	6	5.67019	6
6	--	1.19791	1.27418	5	6.8681	7
5	--	0.843368	0.696989	6	7.56509	8
6	--	1.42807	1.093491	7	8.65858	9
7	--	1.98965	1.095773	8	9.75435	10
8	--	1.935684	2.462673	7	11.69003	11
7	--	1.656135	1.05198	8	12.74201	12
8	--	1.246625	2.601178	7	13.98864	13
7	--	0.956838	1.952986	6	14.94548	14
6	--	0.887835	0.653123	7	15.5986	15
7	--	1.059622	1.167461	6	16.65822	16
6	--	1.118161	1.341918	5	17.77638	17
5	--	1.694335	0.742287	6	18.51867	18
6	--	0.769345	1.63595	5	19.28801	19
5	--	0.95489	1.538973	4	20.2429	20
4	--	1.466624	0.913861	5	21.15676	21
5	--	1.234332	1.017223	6	22.17398	22
6	--	0.988809	0.784397	7	22.95838	23
7	--	0.931041	0.854586	8	23.81297	24
8	--	1.490645	1.36332	9	25.17629	25
9	--	3.067691	1.899367	10	27.07566	26

test #89
4	--	0.857967	1.711529	3	0.85797	1
3	--	1.59577	1.600738	2	2.45374	2
2	--	2.204129	1.896458	3	4.3502	3
3	--	1.594344	1.668009	2	5.94454	4
2	--	1.009619	1.561598	1	6.95416	5
1	--	2.555678	3.130617	0	9.50984	6

test #90
4	--	0.73719	1.707836	3	0.73719	1
3	--	0.960869	1.136495	2	1.69806	2
2	--	1.802573	2.573832	1	3.50063	3
1	--	3.744528	2.4287	2	5.92933	4
2	--	1.399727	2.161549	1	7.32906	5
1	--	1.745582	2.003293	0	9.07464	6

test #91
4	--	0.842145	1.491215	3	0.84215	1
3	--	0.926303	1.916943	2	1.76845	2
2	--	1.393916	2.240185	1	3.16237	3
1	--	4.317375	2.461377	2	5.62375	4
2	--	1.064474	1.903813	1	6.68822	5
1	--	2.297147	3.678513	0	8.98537	6

test #92
4	--	0.878154	0.92402	3	0.87815	1
3	--	1.087418	1.805766	2	1.96557	2
2	--	1.395998	1.945168	1	3.36157	3
1	--	3.842003	3.258737	2	6.62031	4
2	--	1.159555	2.139413	1	7.77986	5
1	--	2.452615	2.018881	2	9.79874	6
2	--	2.22855	1.690973	3	11.48971	7
3	--	1.245679	1.134345	4	12.62405	8
4	--	1.248825	1.736365	3	13.87288	9
3	--	1.815495	1.216718	4	15.0896	10
4	--	1.146901	1.270976	3	16.2365	11
3	--	1.091611	1.33178	2	17.32811	12
2	--	1.400796	1.642824	1	18.72891	13
1	--	2.198519	3.002428	0	20.92743	14

test #93
4	--	0.880131	1.201661	3	0.88013	1
3	--	0.977398	1.431319	2	1.85753	2
2	--	2.304812	1.666528	3	3.52406	3
3	--	1.821564	1.522216	4	5.04628	4
4	--	1.189112	1.116417	5	6.1627	5
5	--	1.027229	0.759279	6	6.92198	6
6	--	1.262825	0.673794	7	7.59577	7
7	--	0.83538	1.848593	6	8.43115	8
6	--	1.45491	0.782529	7	9.21368	9
7	--	1.641955	1.635279	8	10.84896	10
8	--	1.45288	1.710637	7	12.30184	11
7	--	1.118563	1.019081	8	13.32092	12
8	--	1.423989	1.366131	9	14.68705	13
9	--	3.775633	2.995296	10	17.68235	14

test #94
4	--	1.057845	1.279731	3	1.05784	1
3	--	0.925763	1.384989	2	1.9836	2
2	--	1.444729	1.150803	3	3.1344	3
3	--	0.857965	1.51173	2	3.99236	4
2	--	1.847459	1.901225	1	5.83982	5
1	--	3.765524	3.68133	2	9.52115	6
2	--	1.628608	1.659697	1	11.14976	7
1	--	3.646629	3.923353	0	14.79639	8

test #95
4	--	1.283316	1.363421	3	1.28332	1
3	--	1.266471	1.480709	2	2.54979	2
2	--	2.04851	1.302345	3	3.85214	3
3	--	1.631088	1.973035	2	5.48323	4
2	--	1.822345	1.159543	3	6.64277	5
3	--	0.953335	1.765122	2	7.59611	6
2	--	1.941293	1.828851	3	9.42496	7
3	--	1.095591	0.891048	4	10.31601	8
4	--	1.674095	0.66584	5	10.98185	9
5	--	0.851269	0.86044	4	11.83312	10
4	--	1.733008	1.110259	5	12.94338	11
5	--	1.039268	0.865358	6	13.80874	12
6	--	1.01324	1.498299	5	14.82198	13
5	--	1.244751	0.833001	6	15.65498	14
6	--	1.297174	1.380075	5	16.95215	15
5	--	1.204014	0.822988	6	17.77514	16
6	--	1.450972	0.921547	7	18.69669	17
7	--	1.117116	1.553227	6	19.81381	18
6	--	1.161312	0.808796	7	20.62261	19
7	--	1.549584	1.994533	6	22.17219	20
6	--	0.808268	0.753923	7	22.92611	21
7	--	0.979704	0.773005	8	23.69912	22
8	--	1.757102	1.517458	9	25.21658	23
9	--	1.886157	2.699213	8	27.10274	24
8	--	1.731057	2.05092	7	28.8338	25
7	--	1.834594	1.159291	8	29.99309	26
8	--	1.170322	2.02996	7	31.16341	27
7	--	1.036716	1.164672	6	32.20013	28
6	--	0.743844	1.190008	5	32.94397	29
5	--	0.93823	1.363903	4	33.8822	30
4	--	1.377605	1.033751	5	34.91595	31
5	--	1.292618	0.948234	6	35.86418	32
6	--	1.005669	0.948717	7	36.8129	33
7	--	1.523516	1.025708	8	37.83861	34
8	--	1.521193	1.19294	9	39.03155	35
9	--	2.57717	3.623644	8	41.60872	36
8	--	2.237367	1.042428	9	42.65115	37
9	--	4.507248	2.968498	10	45.61965	38

test #96
4	--	0.829818	1.729157	3	0.82982	1
3	--	1.88325	1.098278	4	1.9281	2
4	--	0.979551	1.260466	3	2.90765	3
3	--	0.928282	1.651485	2	3.83593	4
2	--	1.098192	2.418014	1	4.93412	5
1	--	3.353192	3.34475	2	8.27887	6
2	--	1.248008	1.667768	1	9.52688	7
1	--	2.617215	3.595523	0	12.14409	8

test #97
4	--	1.3326	1.674274	3	1.3326	1
3	--	1.578763	1.246965	4	2.57957	2
4	--	1.690483	1.042415	5	3.62199	3
5	--	0.691086	0.645985	6	4.26798	4
6	--	1.094491	1.024578	7	5.29256	5
7	--	1.887864	1.036259	8	6.32882	6
8	--	0.965198	2.506335	7	7.29402	7
7	--	0.803491	0.930789	6	8.09751	8
6	--	0.695697	0.833942	5	8.79321	9
5	--	1.510933	0.611424	6	9.40463	10
6	--	0.641338	1.25122	5	10.04597	11
5	--	0.644071	1.2825	4	10.69004	12
4	--	0.85308	1.283722	3	11.54312	13
3	--	1.016792	1.246302	2	12.55991	14
2	--	1.651778	1.108412	3	13.66832	15
3	--	0.737216	1.092142	2	14.40554	16
2	--	1.698842	1.942657	1	16.10438	17
1	--	3.606242	2.441586	2	18.54597	18
2	--	1.91822	1.640036	3	20.18601	19
3	--	1.209081	0.815351	4	21.00136	20
4	--	0.93475	0.734483	5	21.73584	21
5	--	1.10741	0.754344	6	22.49018	22
6	--	1.690796	1.539332	7	24.02951	23
7	--	1.883421	1.104257	8	25.13377	24
8	--	1.012142	2.366024	7	26.14591	25
7	--	1.948343	0.800848	8	26.94676	26
8	--	1.955869	1.229178	9	28.17594	27
9	--	3.388669	2.643873	10	30.81981	28

test #98
4	--	0.871878	0.717036	5	0.71704	1
5	--	1.019416	1.082705	4	1.73646	2
4	--	1.149199	0.691283	5	2.42774	3
5	--	0.923935	0.615028	6	3.04277	4
6	--	0.992488	0.77732	7	3.82009	5
7	--	1.211954	1.509927	6	5.03204	6
6	--	0.840282	0.90093	5	5.87232	7
5	--	0.820182	0.919464	4	6.6925	8
4	--	0.711688	1.065777	3	7.40419	9
3	--	0.951474	1.87786	2	8.35566	10
2	--	1.481157	0.95601	3	9.31167	11
3	--	1.481186	1.521157	2	10.79286	12
2	--	2.32312	2.000051	3	12.79291	13
3	--	1.120581	1.759015	2	13.91349	14
2	--	1.986887	1.688276	3	15.60177	15
3	--	2.020823	1.131689	4	16.73346	16
4	--	1.040248	1.567946	3	17.77371	17
3	--	1.686849	1.59685	4	19.37056	18
4	--	0.721994	0.668997	5	20.03956	19
5	--	0.886418	1.231034	4	20.92598	20
4	--	1.377534	0.701064	5	21.62704	21
5	--	1.224201	1.325963	4	22.85124	22
4	--	0.667994	1.216036	3	23.51923	23
3	--	1.740384	0.81634	4	24.33557	24
4	--	1.499695	1.369664	5	25.70523	25
5	--	1.246144	1.466954	4	26.95137	26
4	--	0.95556	1.688733	3	27.90693	27
3	--	1.868531	1.68696	4	29.59389	28
4	--	1.022446	0.985954	5	30.57984	29
5	--	0.993307	1.589568	4	31.57315	30
4	--	1.458701	0.737657	5	32.31081	31
5	--	0.672039	0.904768	4	32.98285	32
4	--	1.226436	1.281775	3	34.20929	33
3	--	0.851864	1.839121	2	35.06115	34
2	--	0.966828	2.257773	1	36.02798	35
1	--	4.482134	4.221083	2	40.24906	36
2	--	1.1858	1.913384	1	41.43486	37
1	--	3.616016	2.020765	2	43.45562	38
2	--	2.074471	1.876555	3	45.33217	39
3	--	1.035666	1.297689	2	46.36784	40
2	--	2.168142	1.484809	3	47.85265	41
3	--	1.718827	1.195646	4	49.0483	42
4	--	1.23236	1.689945	3	50.28066	43
3	--	1.467761	1.738984	2	51.74842	44
2	--	1.008579	2.115997	1	52.757	45
1	--	2.223827	3.14731	0	54.98083	46

test #99
4	--	1.419394	0.916456	5	0.91646	1
5	--	0.640161	0.969951	4	1.55662	2
4	--	1.67755	1.564401	5	3.12102	3
5	--	1.707689	0.842745	6	3.96376	4
6	--	1.211364	1.037308	7	5.00107	5
7	--	1.362504	0.939823	8	5.94089	6
8	--	2.344191	1.498204	9	7.43909	7
9	--	2.143644	3.427459	8	9.58273	8
8	--	1.385319	2.535449	7	10.96805	9
7	--	1.549996	1.440204	8	12.40825	10
8	--	1.285029	1.399953	7	13.69328	11
7	--	1.151412	0.746287	8	14.43957	12
8	--	2.420842	1.400788	9	15.84036	13
9	--	2.449612	1.788473	10	17.62883	14
