start i C()	t_left		t_right 	New i	Total time generation

test #0
8	--	1.631139	1.604256	9	1.60426	1
9	--	2.217553	2.670892	8	3.82181	2
8	--	1.760533	1.616794	9	5.4386	3
9	--	1.798015	3.210435	8	7.23661	4
8	--	2.467323	1.988135	9	9.22474	5
9	--	2.969309	2.028824	10	11.25356	6

test #1
8	--	1.496502	2.099659	7	1.4965	1
7	--	0.986339	1.288228	6	2.48284	2
6	--	1.190753	1.340711	5	3.67359	3
5	--	0.944028	0.823601	6	4.49719	4
6	--	0.990565	0.669097	7	5.16629	5
7	--	1.093702	0.79495	8	5.96124	6
8	--	2.447569	1.450038	9	7.41128	7
9	--	1.88926	2.942719	8	9.30054	8
8	--	2.095938	2.258825	7	11.39648	9
7	--	1.093883	1.689958	6	12.49036	10
6	--	1.569963	1.601905	5	14.06032	11
5	--	0.614321	1.294806	4	14.67464	12
4	--	0.823984	0.830016	3	15.49862	13
3	--	1.288966	1.581457	2	16.78759	14
2	--	1.348802	1.798756	1	18.13639	15
1	--	3.092563	2.860463	2	20.99685	16
2	--	1.462832	1.37404	3	22.37089	17
3	--	1.084158	1.911609	2	23.45505	18
2	--	1.229985	2.195664	1	24.68504	19
1	--	4.025	4.081139	0	28.71004	20

test #2
8	--	2.630591	1.8957	9	1.8957	1
9	--	4.079541	3.948214	10	5.84391	2

test #3
8	--	1.677079	1.229067	9	1.22907	1
9	--	1.713243	4.092968	8	2.94231	2
8	--	1.07605	1.912084	7	4.01836	3
7	--	1.310736	1.622636	6	5.3291	4
6	--	1.515859	0.906217	7	6.23532	5
7	--	1.444928	0.729478	8	6.9648	6
8	--	1.710775	1.407173	9	8.37197	7
9	--	2.983355	2.648075	10	11.02004	8

test #4
8	--	1.2127	1.915266	7	1.2127	1
7	--	1.130049	1.300446	6	2.34275	2
6	--	0.727499	0.659542	7	3.00229	3
7	--	1.287053	0.899098	8	3.90139	4
8	--	1.97311	1.076479	9	4.97787	5
9	--	2.558117	2.667185	8	7.53599	6
8	--	2.132408	2.070333	9	9.60632	7
9	--	2.869238	1.990436	10	11.59676	8

test #5
8	--	1.661923	1.347291	9	1.34729	1
9	--	2.345519	3.927134	8	3.69281	2
8	--	1.757924	2.005148	7	5.45073	3
7	--	0.755731	1.183242	6	6.20646	4
6	--	1.660672	0.872107	7	7.07857	5
7	--	1.859569	0.818207	8	7.89678	6
8	--	2.057601	1.522731	9	9.41951	7
9	--	2.250881	2.502277	8	11.67039	8
8	--	1.201183	2.352896	7	12.87157	9
7	--	1.940824	1.184584	8	14.05615	10
8	--	1.776075	2.437487	7	15.83223	11
7	--	1.963794	1.848204	8	17.68043	12
8	--	2.64345	1.202205	9	18.88263	13
9	--	2.778419	2.436239	10	21.31887	14

test #6
8	--	1.015259	1.633845	7	1.01526	1
7	--	0.901618	1.965157	6	1.91688	2
6	--	1.668397	1.543983	7	3.46086	3
7	--	1.519687	1.400031	8	4.86089	4
8	--	1.854495	1.401194	9	6.26208	5
9	--	1.947743	3.295501	8	8.20982	6
8	--	2.575665	1.497944	9	9.70776	7
9	--	4.089796	1.757092	10	11.46485	8

test #7
8	--	2.084125	2.29154	7	2.08412	1
7	--	0.96089	1.107401	6	3.04501	2
6	--	0.95876	0.964635	5	4.00377	3
5	--	1.4977	0.800945	6	4.80472	4
6	--	1.375719	1.47358	5	6.18044	5
5	--	0.95507	1.282686	4	7.13551	6
4	--	0.846426	1.260149	3	7.98194	7
3	--	1.669093	0.982996	4	8.96494	8
4	--	1.114948	0.711057	5	9.676	9
5	--	1.065789	0.615684	6	10.29168	10
6	--	1.000757	1.026616	5	11.29244	11
5	--	0.819566	0.619963	6	11.9124	12
6	--	1.148068	0.87789	7	12.79029	13
7	--	1.603241	1.421736	8	14.21203	14
8	--	2.083362	2.270098	7	16.29539	15
7	--	1.400754	1.824312	6	17.69614	16
6	--	1.036413	1.00385	7	18.69999	17
7	--	1.232818	1.234143	6	19.93281	18
6	--	1.584296	1.561941	7	21.49475	19
7	--	1.100111	1.296135	6	22.59486	20
6	--	1.628876	1.192765	7	23.78763	21
7	--	0.744479	1.409549	6	24.53211	22
6	--	1.425969	1.160484	7	25.69259	23
7	--	1.639152	1.832418	6	27.33174	24
6	--	1.131812	1.568755	5	28.46355	25
5	--	1.350919	0.876876	6	29.34043	26
6	--	1.323904	1.042913	7	30.38334	27
7	--	1.769714	1.122332	8	31.50567	28
8	--	1.283714	1.549226	7	32.78938	29
7	--	0.922311	0.954053	6	33.71169	30
6	--	1.131273	0.938912	7	34.6506	31
7	--	1.314388	1.723899	6	35.96499	32
6	--	1.540584	0.864163	7	36.82915	33
7	--	1.113428	1.146032	6	37.94258	34
6	--	1.038385	0.813826	7	38.75641	35
7	--	1.106316	1.657565	6	39.86273	36
6	--	0.885588	1.674084	5	40.74832	37
5	--	0.988703	0.871177	6	41.6195	38
6	--	1.30724	1.546957	5	42.92674	39
5	--	1.001328	0.926914	6	43.85365	40
6	--	1.175912	1.344179	5	45.02956	41
5	--	1.121923	0.874543	6	45.9041	42
6	--	0.977259	1.078437	5	46.88136	43
5	--	1.670052	0.619766	6	47.50113	44
6	--	0.990612	0.820152	7	48.32128	45
7	--	1.14435	0.98814	8	49.30942	46
8	--	2.473638	1.481416	9	50.79084	47
9	--	4.72177	2.636586	10	53.42743	48

test #8
8	--	1.736649	1.086495	9	1.08649	1
9	--	2.796913	3.604854	8	3.8834	2
8	--	2.117135	2.144259	7	6.00054	3
7	--	1.089071	1.670979	6	7.08961	4
6	--	1.718799	0.710258	7	7.79987	5
7	--	1.376007	1.66525	6	9.17588	6
6	--	1.776938	1.764305	7	10.94019	7
7	--	0.896714	1.858941	6	11.8369	8
6	--	1.523209	0.775095	7	12.61199	9
7	--	1.989985	1.404823	8	14.01681	10
8	--	1.587523	1.407948	9	15.42476	11
9	--	2.14355	2.866512	8	17.56831	12
8	--	1.240423	2.112859	7	18.80873	13
7	--	1.717851	1.191518	8	20.00025	14
8	--	0.97171	1.257311	7	20.97196	15
7	--	1.224919	1.488924	6	22.19688	16
6	--	0.801362	1.741219	5	22.99824	17
5	--	0.885823	0.666923	6	23.66516	18
6	--	1.142041	1.436653	5	24.8072	19
5	--	1.501525	1.554526	4	26.30872	20
4	--	1.31776	1.652632	3	27.62648	21
3	--	1.426993	1.83396	2	29.05347	22
2	--	1.818437	1.226669	3	30.28014	23
3	--	1.438443	1.903361	2	31.71858	24
2	--	1.862756	1.666831	3	33.38541	25
3	--	0.880095	1.092842	2	34.2655	26
2	--	1.428816	1.58193	1	35.69432	27
1	--	1.747204	3.700625	0	37.44152	28

test #9
8	--	1.607576	1.215582	9	1.21558	1
9	--	2.803687	3.900623	8	4.01927	2
8	--	2.506377	1.555967	9	5.57524	3
9	--	2.896522	2.579584	10	8.15482	4

test #10
8	--	1.021986	1.328468	7	1.02199	1
7	--	1.767035	1.873527	6	2.78902	2
6	--	1.621572	1.26595	7	4.05497	3
7	--	1.225485	0.948834	8	5.0038	4
8	--	1.420113	1.889544	7	6.42391	5
7	--	1.070781	1.238219	6	7.49469	6
6	--	0.994765	1.179113	5	8.48946	7
5	--	0.954393	1.043767	4	9.44385	8
4	--	1.248391	1.706195	3	10.69224	9
3	--	1.024403	1.856424	2	11.71664	10
2	--	1.473788	1.4774	1	13.19043	11
1	--	2.370285	3.889386	0	15.56071	12

test #11
8	--	2.287059	2.009704	9	2.0097	1
9	--	4.369033	1.987948	10	3.99765	2

test #12
8	--	1.17562	1.011482	9	1.01148	1
9	--	3.340948	4.351907	8	4.35243	2
8	--	1.508911	1.247878	9	5.60031	3
9	--	2.575682	3.633917	8	8.17599	4
8	--	1.294766	2.085095	7	9.47076	5
7	--	0.953922	1.068979	6	10.42468	6
6	--	1.546498	1.145753	7	11.57043	7
7	--	1.02602	1.865665	6	12.59645	8
6	--	1.647192	1.223482	7	13.81993	9
7	--	1.695874	1.893292	6	15.5158	10
6	--	1.514796	1.13823	7	16.65403	11
7	--	1.32541	2.027135	6	17.97944	12
6	--	0.925199	0.815245	7	18.79468	13
7	--	1.030667	0.836429	8	19.63111	14
8	--	1.297278	1.382034	7	20.92839	15
7	--	1.657937	1.521307	8	22.4497	16
8	--	2.06952	1.594819	9	24.04452	17
9	--	4.249282	3.164275	10	27.20879	18

test #13
8	--	2.160872	2.670451	7	2.16087	1
7	--	1.472834	1.679882	6	3.6337	2
6	--	1.176875	1.481488	5	4.81057	3
5	--	1.458015	0.998226	6	5.8088	4
6	--	0.695193	0.950317	5	6.50399	5
5	--	1.034586	0.838095	6	7.34209	6
6	--	1.109072	0.744808	7	8.0869	7
7	--	0.959896	1.111031	6	9.0468	8
6	--	1.127478	1.117905	7	10.1647	9
7	--	1.056825	1.4063	6	11.22152	10
6	--	1.563952	1.465486	7	12.68701	11
7	--	1.478056	1.747684	6	14.16507	12
6	--	0.796017	0.947321	5	14.96109	13
5	--	0.857344	1.121625	4	15.81843	14
4	--	1.381994	1.161393	5	16.97982	15
5	--	1.356677	1.239189	6	18.21901	16
6	--	1.053658	0.712679	7	18.93169	17
7	--	0.758271	0.907125	6	19.68996	18
6	--	1.164515	1.688124	5	20.85447	19
5	--	1.466585	1.222584	6	22.07705	20
6	--	1.381621	1.186865	7	23.26392	21
7	--	1.089096	1.872929	6	24.35302	22
6	--	1.278524	0.901764	7	25.25478	23
7	--	1.236857	1.694681	6	26.49164	24
6	--	1.326984	1.147995	7	27.63964	25
7	--	1.415937	1.099189	8	28.73883	26
8	--	1.895329	1.324373	9	30.0632	27
9	--	2.375329	4.57491	8	32.43853	28
8	--	1.434999	2.357585	7	33.87353	29
7	--	1.02718	1.104874	6	34.90071	30
6	--	1.403038	1.038301	7	35.93901	31
7	--	1.071662	1.973899	6	37.01067	32
6	--	1.207343	0.884101	7	37.89477	33
7	--	0.948985	0.734277	8	38.62905	34
8	--	2.133034	1.266598	9	39.89565	35
9	--	2.455331	1.724114	10	41.61976	36

test #14
8	--	1.647522	1.210862	9	1.21086	1
9	--	2.878013	3.26155	8	4.08887	2
8	--	1.45929	1.969427	7	5.54816	3
7	--	0.846666	0.776966	8	6.32513	4
8	--	1.061044	1.164051	7	7.38617	5
7	--	1.16962	1.337859	6	8.55579	6
6	--	0.657456	1.653133	5	9.21325	7
5	--	1.319846	1.034565	6	10.24781	8
6	--	1.047685	1.239037	5	11.29549	9
5	--	0.874353	0.855749	6	12.15124	10
6	--	0.913806	1.473038	5	13.06505	11
5	--	0.652946	1.086138	4	13.718	12
4	--	1.132816	1.171286	3	14.85082	13
3	--	0.843908	1.978605	2	15.69473	14
2	--	2.077828	1.622351	3	17.31708	15
3	--	1.667073	0.757437	4	18.07452	16
4	--	1.572284	1.57195	5	19.64647	17
5	--	0.731897	0.670065	6	20.31654	18
6	--	1.645084	0.969199	7	21.28574	19
7	--	1.056045	0.950023	8	22.23576	20
8	--	1.120889	2.123847	7	23.35665	21
7	--	0.788494	1.763612	6	24.14514	22
6	--	0.920114	0.83529	7	24.98043	23
7	--	0.954584	1.715767	6	25.93501	24
6	--	1.319251	0.849514	7	26.78452	25
7	--	1.281917	1.473687	6	28.06644	26
6	--	0.942967	0.753951	7	28.82039	27
7	--	1.59151	0.965116	8	29.78551	28
8	--	1.706978	1.254845	9	31.04035	29
9	--	3.950924	2.813285	10	33.85364	30

test #15
8	--	1.85018	1.733117	9	1.73312	1
9	--	1.89375	4.704016	8	3.62687	2
8	--	1.183541	2.148266	7	4.81041	3
7	--	1.129942	0.973505	8	5.78391	4
8	--	1.446358	1.713363	7	7.23027	5
7	--	1.930666	1.205754	8	8.43602	6
8	--	2.263243	2.191611	9	10.62763	7
9	--	2.085715	4.058533	8	12.71334	8
8	--	0.969115	1.185897	7	13.68245	9
7	--	0.813184	0.797462	8	14.47991	10
8	--	1.512945	1.512202	9	15.99211	11
9	--	2.089971	1.793625	10	17.78574	12

test #16
8	--	1.782177	1.193143	9	1.19314	1
9	--	1.757173	4.708229	8	2.95031	2
8	--	2.322359	1.304494	9	4.2548	3
9	--	2.18459	2.121496	10	6.3763	4

test #17
8	--	2.232559	1.216035	9	1.21603	1
9	--	2.856815	2.505246	10	3.72128	2

test #18
8	--	1.466302	1.11255	9	1.11255	1
9	--	2.085171	1.999895	10	3.11244	2

test #19
8	--	1.607533	1.482901	9	1.4829	1
9	--	2.580275	3.711727	8	4.06317	2
8	--	2.46435	2.489957	7	6.52752	3
7	--	1.423764	1.368362	8	7.89588	4
8	--	2.257981	1.602183	9	9.49806	5
9	--	3.119368	4.000815	8	12.61743	6
8	--	1.836086	1.760789	9	14.37822	7
9	--	4.122757	2.131698	10	16.50992	8

test #20
8	--	2.611161	1.605016	9	1.60502	1
9	--	4.227133	2.671128	10	4.27615	2

test #21
8	--	1.481983	1.85462	7	1.48198	1
7	--	0.74301	0.782551	6	2.22499	2
6	--	1.758226	0.75601	7	2.981	3
7	--	1.134042	1.381091	6	4.11504	4
6	--	1.358017	1.408192	5	5.47306	5
5	--	0.84858	1.082746	4	6.32164	6
4	--	1.091195	1.284192	3	7.41283	7
3	--	0.768592	1.39607	2	8.18142	8
2	--	1.017951	2.207902	1	9.19937	9
1	--	3.836273	2.560454	2	11.75982	10
2	--	2.302512	2.002101	3	13.76192	11
3	--	1.165205	1.188222	2	14.92713	12
2	--	2.545788	2.509615	3	17.43675	13
3	--	1.958788	1.246905	4	18.68365	14
4	--	0.994272	1.314104	3	19.67792	15
3	--	1.977381	1.650183	4	21.3281	16
4	--	0.869781	0.74505	5	22.07315	17
5	--	0.755533	1.356631	4	22.82868	18
4	--	0.729675	1.478739	3	23.55835	19
3	--	1.070135	1.634367	2	24.62849	20
2	--	1.704416	2.207382	1	26.33291	21
1	--	2.820607	3.042136	0	29.15352	22

test #22
8	--	1.610693	2.384724	7	1.61069	1
7	--	1.164971	1.465051	6	2.77566	2
6	--	1.288442	0.886378	7	3.66204	3
7	--	1.309745	0.995996	8	4.65804	4
8	--	1.014565	0.958563	9	5.6166	5
9	--	3.272413	2.494875	10	8.11147	6

test #23
8	--	1.55186	1.34596	9	1.34596	1
9	--	4.45167	4.097186	10	5.44315	2

test #24
8	--	1.383068	1.978446	7	1.38307	1
7	--	1.922918	1.381498	8	2.76457	2
8	--	1.381506	1.114979	9	3.87955	3
9	--	3.256527	3.580526	8	7.13608	4
8	--	2.441141	1.253521	9	8.3896	5
9	--	4.001201	2.30715	10	10.69675	6

test #25
8	--	1.274621	0.977988	9	0.97799	1
9	--	4.312213	4.392999	8	5.2902	2
8	--	2.293209	1.503609	9	6.79381	3
9	--	2.086998	3.727174	8	8.88081	4
8	--	2.384582	1.625254	9	10.50606	5
9	--	3.056068	2.904656	10	13.41072	6

test #26
8	--	2.087361	1.085078	9	1.08508	1
9	--	3.810644	4.027917	8	4.89572	2
8	--	1.855996	1.337272	9	6.23299	3
9	--	3.381507	1.962313	10	8.1953	4

test #27
8	--	1.858222	1.225456	9	1.22546	1
9	--	3.49867	2.767477	10	3.99294	2

test #28
8	--	1.889844	1.704062	9	1.70406	1
9	--	2.543878	4.443678	8	4.24794	2
8	--	1.380618	1.844261	7	5.62856	3
7	--	1.122446	1.858553	6	6.75101	4
6	--	1.142961	1.552247	5	7.89397	5
5	--	0.780278	1.251852	4	8.67425	6
4	--	0.992662	0.851775	5	9.52602	7
5	--	0.66384	0.725946	4	10.18986	8
4	--	1.042175	0.991791	5	11.18165	9
5	--	0.712014	0.998229	4	11.89366	10
4	--	1.500032	0.942771	5	12.83643	11
5	--	1.040628	0.945419	6	13.78185	12
6	--	1.193597	0.764972	7	14.54682	13
7	--	1.347712	0.937538	8	15.48436	14
8	--	1.29176	1.212993	9	16.69735	15
9	--	2.591596	3.346193	8	19.28895	16
8	--	1.757597	1.792665	7	21.04655	17
7	--	0.996887	1.205883	6	22.04344	18
6	--	0.636982	0.974104	5	22.68042	19
5	--	1.168086	0.782126	6	23.46255	20
6	--	0.68753	1.11952	5	24.15008	21
5	--	0.895991	0.911414	4	25.04607	22
4	--	1.362569	0.850565	5	25.89664	23
5	--	1.300812	0.827624	6	26.72426	24
6	--	1.54425	1.722628	5	28.26851	25
5	--	1.247325	0.69392	6	28.96243	26
6	--	0.777955	0.715413	7	29.67784	27
7	--	0.844703	1.664258	6	30.52254	28
6	--	1.050603	1.612755	5	31.57314	29
5	--	1.230144	0.98976	6	32.5629	30
6	--	0.661888	0.698397	5	33.22479	31
5	--	1.291317	0.812956	6	34.03775	32
6	--	1.11286	1.720553	5	35.15061	33
5	--	0.813752	1.638001	4	35.96436	34
4	--	1.650571	1.061138	5	37.0255	35
5	--	0.738141	0.80366	4	37.76364	36
4	--	1.149037	0.746241	5	38.50988	37
5	--	1.193927	1.590198	4	39.70381	38
4	--	1.524642	1.560765	3	41.22845	39
3	--	1.513112	1.298054	4	42.5265	40
4	--	1.394309	0.868539	5	43.39504	41
5	--	1.191522	0.857366	6	44.25241	42
6	--	0.770912	0.962276	5	45.02332	43
5	--	1.678571	1.146827	6	46.17015	44
6	--	0.850623	1.490323	5	47.02077	45
5	--	0.723181	0.824581	4	47.74395	46
4	--	0.764252	1.146887	3	48.5082	47
3	--	1.880452	0.788585	4	49.29678	48
4	--	0.999293	0.643299	5	49.94008	49
5	--	1.658754	1.436938	6	51.37702	50
6	--	1.28274	0.863437	7	52.24046	51
7	--	1.809376	1.201155	8	53.44161	52
8	--	1.137589	1.494406	7	54.5792	53
7	--	0.840497	0.839857	8	55.41906	54
8	--	1.85856	1.486602	9	56.90566	55
9	--	1.733843	3.887282	8	58.6395	56
8	--	2.54767	1.713708	9	60.35321	57
9	--	3.475887	2.459048	10	62.81226	58

test #29
8	--	1.99669	1.018226	9	1.01823	1
9	--	2.304277	3.893821	8	3.32251	2
8	--	1.374678	2.098611	7	4.69719	3
7	--	1.954956	1.312369	8	6.00956	4
8	--	2.064844	2.057366	9	8.06693	5
9	--	3.054493	3.808206	8	11.12142	6
8	--	1.779065	1.955423	7	12.90048	7
7	--	0.955339	1.22554	6	13.85582	8
6	--	1.360426	0.906182	7	14.762	9
7	--	1.214983	0.947864	8	15.70986	10
8	--	1.908726	1.841873	9	17.55173	11
9	--	2.446621	1.96589	10	19.51762	12

test #30
8	--	1.672824	1.237602	9	1.2376	1
9	--	3.754906	4.474407	8	4.99251	2
8	--	2.489487	0.963096	9	5.95561	3
9	--	2.71931	3.09776	8	8.67492	4
8	--	2.413201	2.042017	9	10.71694	5
9	--	3.853591	1.735038	10	12.45198	6

test #31
8	--	1.832437	1.816328	9	1.81633	1
9	--	2.486265	2.173855	10	3.99019	2

test #32
8	--	1.742142	1.236873	9	1.23687	1
9	--	2.276008	3.392989	8	3.51288	2
8	--	2.570701	1.791731	9	5.30461	3
9	--	2.383266	3.481346	8	7.68788	4
8	--	1.184082	1.106572	9	8.79445	5
9	--	4.371498	2.954965	10	11.74942	6

test #33
8	--	1.479403	1.45088	9	1.45088	1
9	--	3.946628	2.127903	10	3.57878	2

test #34
8	--	1.614181	1.037373	9	1.03737	1
9	--	1.714427	3.487838	8	2.7518	2
8	--	2.351197	1.809091	9	4.56089	3
9	--	3.541203	1.710343	10	6.27123	4

test #35
8	--	1.927957	1.040392	9	1.04039	1
9	--	2.55302	1.952854	10	2.99324	2

test #36
8	--	1.176329	1.987519	7	1.17633	1
7	--	0.998189	1.793996	6	2.17452	2
6	--	0.960449	0.931834	7	3.10635	3
7	--	1.753878	0.864364	8	3.97071	4
8	--	2.24327	2.041977	9	6.01269	5
9	--	2.084471	2.034621	10	8.04731	6

test #37
8	--	1.744893	1.497927	9	1.49793	1
9	--	2.934186	1.936309	10	3.43424	2

test #38
8	--	1.456276	1.501278	7	1.45628	1
7	--	1.914247	1.935797	6	3.37053	2
6	--	1.661716	1.245762	7	4.61629	3
7	--	0.990697	1.383575	6	5.60699	4
6	--	1.342033	1.668139	5	6.94902	5
5	--	0.948345	0.927584	6	7.8766	6
6	--	1.173122	1.315565	5	9.04972	7
5	--	1.380821	0.70279	6	9.75251	8
6	--	0.760025	1.43647	5	10.51253	9
5	--	1.112212	1.411182	4	11.62474	10
4	--	0.728289	1.540662	3	12.35303	11
3	--	1.961658	0.807545	4	13.16057	12
4	--	1.259676	1.369536	3	14.42025	13
3	--	0.733424	0.786598	2	15.15367	14
2	--	1.94828	1.053279	3	16.20695	15
3	--	1.848324	1.754232	4	17.96118	16
4	--	0.651111	0.645151	5	18.60633	17
5	--	1.272127	0.736379	6	19.34271	18
6	--	1.535019	1.196621	7	20.53933	19
7	--	1.439907	0.888549	8	21.42788	20
8	--	1.654877	1.257783	9	22.68566	21
9	--	3.595542	2.231166	10	24.91683	22

test #39
8	--	1.954337	1.413187	9	1.41319	1
9	--	3.907101	3.377256	10	4.79045	2

test #40
8	--	2.595477	2.39781	9	2.39781	1
9	--	3.484373	4.200615	8	5.88218	2
8	--	1.973618	2.233733	7	7.8558	3
7	--	1.324591	1.12571	8	8.98151	4
8	--	1.378076	1.484778	7	10.35959	5
7	--	1.486752	0.881483	8	11.24107	6
8	--	2.23099	2.043559	9	13.28463	7
9	--	3.513493	2.89414	10	16.17877	8

test #41
8	--	1.685033	2.098071	7	1.68503	1
7	--	1.503692	1.257364	8	2.94239	2
8	--	1.533554	1.403614	9	4.346	3
9	--	2.323071	3.507635	8	6.66907	4
8	--	1.046465	1.382105	7	7.71553	5
7	--	0.823408	0.880626	6	8.53894	6
6	--	0.714057	1.218644	5	9.253	7
5	--	0.977565	1.551631	4	10.23057	8
4	--	0.822704	1.426454	3	11.05327	9
3	--	1.144856	0.772703	4	11.82597	10
4	--	0.813347	0.969032	3	12.63932	11
3	--	1.194048	0.975521	4	13.61484	12
4	--	1.751338	0.999959	5	14.6148	13
5	--	0.681255	1.559431	4	15.29606	14
4	--	1.070948	1.179065	3	16.36701	15
3	--	0.915168	1.341067	2	17.28218	16
2	--	1.462721	0.996453	3	18.27863	17
3	--	1.436451	1.543714	2	19.71508	18
2	--	1.497738	1.324852	3	21.03993	19
3	--	1.326315	0.890892	4	21.93082	20
4	--	1.452479	1.022039	5	22.95286	21
5	--	1.300136	1.484677	4	24.253	22
4	--	1.388165	1.217481	5	25.47048	23
5	--	1.085013	1.295043	4	26.55549	24
4	--	0.946038	0.663625	5	27.21912	25
5	--	1.156084	0.877886	6	28.09701	26
6	--	0.683522	1.12844	5	28.78053	27
5	--	0.943379	0.897942	6	29.67847	28
6	--	1.144872	0.884963	7	30.56343	29
7	--	0.821098	1.762676	6	31.38453	30
6	--	0.728974	1.361598	5	32.1135	31
5	--	1.29061	0.658974	6	32.77247	32
6	--	0.749223	1.638478	5	33.52169	33
5	--	0.76953	1.349548	4	34.29122	34
4	--	1.096307	1.181714	3	35.38753	35
3	--	1.028584	0.972705	4	36.36024	36
4	--	0.954558	0.74918	5	37.10942	37
5	--	1.555847	1.390864	6	38.50028	38
6	--	1.291696	1.484894	5	39.79198	39
5	--	1.334552	0.795002	6	40.58698	40
6	--	0.682809	1.174329	5	41.26979	41
5	--	0.784054	1.242372	4	42.05384	42
4	--	1.659335	0.824239	5	42.87808	43
5	--	0.85299	1.237895	4	43.73107	44
4	--	1.296532	1.176658	5	44.90773	45
5	--	0.84629	1.252852	4	45.75402	46
4	--	1.149061	1.552149	3	46.90308	47
3	--	1.332401	0.855959	4	47.75904	48
4	--	1.087839	1.33529	3	48.84688	49
3	--	0.9491	1.916871	2	49.79598	50
2	--	2.445284	2.089209	3	51.88519	51
3	--	1.627814	0.764359	4	52.64955	52
4	--	0.747292	1.193693	3	53.39684	53
3	--	1.710875	1.689838	4	55.08668	54
4	--	1.072712	1.586291	3	56.15939	55
3	--	1.636658	1.150965	4	57.31036	56
4	--	1.081962	1.191346	3	58.39232	57
3	--	1.42999	1.011062	4	59.40338	58
4	--	1.27673	1.280836	3	60.68011	59
3	--	1.924828	1.047667	4	61.72778	60
4	--	1.224351	0.810452	5	62.53823	61
5	--	1.004459	1.58098	4	63.54269	62
4	--	1.653178	1.120923	5	64.66361	63
5	--	0.651711	1.040675	4	65.31532	64
4	--	0.937908	1.417379	3	66.25323	65
3	--	0.879707	0.905781	2	67.13294	66
2	--	1.334111	1.197515	3	68.33046	67
3	--	1.518656	1.714988	2	69.84912	68
2	--	0.969159	1.56991	1	70.81828	69
1	--	2.756322	2.648555	2	73.46683	70
2	--	1.64965	2.114292	1	75.11648	71
1	--	4.318116	2.804434	2	77.92091	72
2	--	1.737784	2.439195	1	79.65869	73
1	--	3.61617	2.364582	2	82.02327	74
2	--	1.889257	2.390987	1	83.91253	75
1	--	2.993444	1.724984	2	85.63751	76
2	--	1.039595	1.28113	1	86.67711	77
1	--	3.659778	4.011524	0	90.33689	78

test #42
8	--	1.655457	1.591436	9	1.59144	1
9	--	4.662446	2.121898	10	3.71334	2

test #43
8	--	1.979763	2.331184	7	1.97976	1
7	--	1.887459	0.868551	8	2.84831	2
8	--	1.571533	1.190454	9	4.03876	3
9	--	3.400765	3.117998	10	7.15676	4

test #44
8	--	1.265685	1.608634	7	1.26568	1
7	--	1.145768	1.175479	6	2.41145	2
6	--	0.935916	1.515904	5	3.34737	3
5	--	1.263943	0.710975	6	4.05835	4
6	--	0.871536	1.400708	5	4.92989	5
5	--	1.042024	1.35036	4	5.97191	6
4	--	1.412593	1.518635	3	7.3845	7
3	--	1.243065	0.819761	4	8.20426	8
4	--	0.916558	0.949877	3	9.12082	9
3	--	1.790716	1.746683	4	10.8675	10
4	--	1.030045	0.910842	5	11.77834	11
5	--	0.788406	0.769367	6	12.54771	12
6	--	1.154442	0.739686	7	13.2874	13
7	--	0.893985	1.035116	6	14.18139	14
6	--	1.553868	1.627426	5	15.73526	15
5	--	1.560564	1.144948	6	16.88021	16
6	--	1.647208	1.15237	7	18.03258	17
7	--	1.619385	1.431719	8	19.4643	18
8	--	1.589721	1.74267	7	21.05402	19
7	--	1.100954	1.539566	6	22.15497	20
6	--	1.395668	1.403854	5	23.55064	21
5	--	1.49508	1.365747	6	24.91639	22
6	--	0.801195	0.998277	5	25.71758	23
5	--	1.077458	0.927959	6	26.64554	24
6	--	1.480287	0.65551	7	27.30105	25
7	--	1.519117	0.871039	8	28.17209	26
8	--	1.900374	1.536632	9	29.70872	27
9	--	1.992119	3.246859	8	31.70084	28
8	--	1.899268	1.231088	9	32.93193	29
9	--	3.314939	3.732035	8	36.24687	30
8	--	1.330678	2.446636	7	37.57755	31
7	--	1.939422	1.63432	8	39.21187	32
8	--	1.946905	2.194774	7	41.15878	33
7	--	1.135661	1.181041	6	42.29444	34
6	--	0.93158	1.30476	5	43.22602	35
5	--	0.808996	0.674766	6	43.90079	36
6	--	0.888403	0.91457	5	44.78919	37
5	--	1.364233	1.549429	4	46.15342	38
4	--	0.922819	1.68552	3	47.07624	39
3	--	1.018107	1.200362	2	48.09435	40
2	--	1.370994	1.15216	3	49.24651	41
3	--	1.254339	1.645546	2	50.50085	42
2	--	1.948856	1.105705	3	51.60655	43
3	--	0.894894	1.396239	2	52.50144	44
2	--	1.699338	2.565139	1	54.20078	45
1	--	2.90058	2.931775	0	57.10136	46

test #45
8	--	2.142019	2.225109	7	2.14202	1
7	--	1.80916	0.986813	8	3.12883	2
8	--	1.735978	2.462263	7	4.86481	3
7	--	1.012643	1.261867	6	5.87745	4
6	--	1.294612	1.315868	5	7.17206	5
5	--	0.835931	1.499144	4	8.00799	6
4	--	1.21133	1.630485	3	9.21932	7
3	--	1.154638	1.827889	2	10.37396	8
2	--	2.182168	2.359836	1	12.55613	9
1	--	2.50722	2.241123	2	14.79725	10
2	--	1.423331	1.495966	1	16.22058	11
1	--	3.783382	2.996434	2	19.21701	12
2	--	2.318625	1.341365	3	20.55837	13
3	--	1.203364	1.103686	4	21.66206	14
4	--	1.008147	0.916162	5	22.57822	15
5	--	1.129494	1.312301	4	23.70771	16
4	--	0.735135	0.969353	3	24.44284	17
3	--	1.149962	1.420977	2	25.5928	18
2	--	0.965324	1.391726	1	26.55812	19
1	--	2.436739	3.340936	0	28.99486	20

test #46
8	--	1.233029	1.554649	7	1.23303	1
7	--	1.600992	1.407258	8	2.64029	2
8	--	1.741242	1.097674	9	3.73796	3
9	--	4.415667	3.212775	10	6.95074	4

test #47
8	--	1.07265	2.45304	7	1.07265	1
7	--	1.13401	1.406547	6	2.20666	2
6	--	1.077478	0.741683	7	2.94834	3
7	--	1.438296	1.629484	6	4.38664	4
6	--	0.968282	1.561192	5	5.35492	5
5	--	1.21476	0.977515	6	6.33244	6
6	--	0.93403	1.029976	5	7.26647	7
5	--	1.375168	0.617133	6	7.8836	8
6	--	1.251193	0.756119	7	8.63972	9
7	--	1.907473	1.645943	8	10.28566	10
8	--	1.17693	1.362148	7	11.46259	11
7	--	1.24395	1.668682	6	12.70654	12
6	--	1.449431	0.782443	7	13.48898	13
7	--	1.095114	1.169023	6	14.58409	14
6	--	1.056573	0.766481	7	15.35057	15
7	--	1.026836	1.239374	6	16.37741	16
6	--	0.728163	1.38506	5	17.10557	17
5	--	0.877137	0.990151	4	17.98271	18
4	--	1.155632	1.674809	3	19.13834	19
3	--	1.825539	1.527946	4	20.66629	20
4	--	1.335552	1.007902	5	21.67419	21
5	--	0.973809	1.331336	4	22.648	22
4	--	1.059429	0.833237	5	23.48124	23
5	--	1.150684	0.7764	6	24.25764	24
6	--	0.701062	0.770134	5	24.9587	25
5	--	0.875376	0.792588	6	25.75129	26
6	--	1.030924	1.240944	5	26.78221	27
5	--	0.628407	1.254988	4	27.41062	28
4	--	1.529071	1.178721	5	28.58934	29
5	--	1.659919	1.150121	6	29.73946	30
6	--	0.994566	0.819329	7	30.55879	31
7	--	1.257376	1.704313	6	31.81617	32
6	--	1.234013	1.0929	7	32.90907	33
7	--	1.121263	1.01261	8	33.92168	34
8	--	1.191547	2.179873	7	35.11323	35
7	--	1.337397	1.485878	6	36.45063	36
6	--	1.312091	0.768711	7	37.21934	37
7	--	0.904272	1.127251	6	38.12361	38
6	--	0.702144	1.242387	5	38.82575	39
5	--	1.364834	1.06013	6	39.88588	40
6	--	1.277876	1.420561	5	41.16376	41
5	--	1.545511	1.672347	4	42.70927	42
4	--	1.318911	0.699346	5	43.40862	43
5	--	1.172479	1.588614	4	44.5811	44
4	--	0.837693	1.238718	3	45.41879	45
3	--	0.87779	1.499611	2	46.29658	46
2	--	1.969092	2.610744	1	48.26567	47
1	--	1.88832	3.430883	0	50.15399	48

test #48
8	--	2.250351	1.592611	9	1.59261	1
9	--	3.337214	4.693631	8	4.92982	2
8	--	1.224027	1.088445	9	6.01827	3
9	--	4.091469	4.029656	10	10.04793	4

test #49
8	--	2.31867	1.733204	9	1.7332	1
9	--	4.011806	2.167789	10	3.90099	2

test #50
8	--	1.550499	1.475158	9	1.47516	1
9	--	2.27004	2.193497	10	3.66866	2

test #51
8	--	2.283169	1.620325	9	1.62033	1
9	--	3.363832	4.02055	8	4.98416	2
8	--	1.342703	2.00453	7	6.32686	3
7	--	1.268974	1.925301	6	7.59583	4
6	--	1.434244	0.846525	7	8.44235	5
7	--	0.885596	1.416492	6	9.32795	6
6	--	1.334293	1.221483	7	10.54943	7
7	--	1.809957	1.404823	8	11.95425	8
8	--	1.183491	1.573518	7	13.13774	9
7	--	2.030953	0.96434	8	14.10208	10
8	--	1.089109	1.478849	7	15.19119	11
7	--	1.423779	0.967485	8	16.15868	12
8	--	1.157237	2.560394	7	17.31592	13
7	--	1.798366	1.485097	8	18.80102	14
8	--	1.853219	2.375072	7	20.65424	15
7	--	1.492389	1.143811	8	21.79805	16
8	--	1.975779	1.365631	9	23.16368	17
9	--	3.303847	3.014055	10	26.17773	18

test #52
8	--	2.415438	1.260521	9	1.26052	1
9	--	3.029395	3.025282	10	4.2858	2

test #53
8	--	1.094999	1.694587	7	1.095	1
7	--	0.910553	0.922359	6	2.00555	2
6	--	0.962338	1.381856	5	2.96789	3
5	--	0.670342	1.49296	4	3.63823	4
4	--	1.068103	1.3002	3	4.70633	5
3	--	1.409413	0.75636	4	5.46269	6
4	--	0.766289	1.373181	3	6.22898	7
3	--	0.749376	1.448971	2	6.97836	8
2	--	1.48624	1.831217	1	8.4646	9
1	--	3.76394	3.956721	0	12.22854	10

test #54
8	--	1.69882	1.983439	7	1.69882	1
7	--	1.034945	1.333875	6	2.73377	2
6	--	1.19237	1.609373	5	3.92614	3
5	--	0.898297	0.658192	6	4.58433	4
6	--	0.839602	1.556228	5	5.42393	5
5	--	0.929309	1.650181	4	6.35324	6
4	--	1.089371	0.945241	5	7.29848	7
5	--	0.739409	1.246728	4	8.03789	8
4	--	0.767217	1.459286	3	8.80511	9
3	--	0.839753	1.057474	2	9.64486	10
2	--	1.533181	1.889448	1	11.17804	11
1	--	1.837412	1.949275	0	13.01545	12

test #55
8	--	1.797525	2.320727	7	1.79753	1
7	--	0.950495	1.637602	6	2.74802	2
6	--	1.183675	0.983152	7	3.73117	3
7	--	1.001831	1.687907	6	4.733	4
6	--	0.767492	1.273552	5	5.50049	5
5	--	0.774206	0.656778	6	6.15727	6
6	--	0.899685	1.573487	5	7.05695	7
5	--	0.996332	0.865202	6	7.92215	8
6	--	0.951773	1.207004	5	8.87392	9
5	--	1.332754	1.580968	4	10.20667	10
4	--	0.774084	1.550601	3	10.98075	11
3	--	0.955432	0.74181	4	11.72256	12
4	--	0.884074	0.892244	3	12.60663	13
3	--	1.668583	1.693119	2	14.27521	14
2	--	1.836774	1.72258	3	15.99779	15
3	--	1.333865	0.731048	4	16.72884	16
4	--	0.958064	1.26374	3	17.6869	17
3	--	1.327595	1.221392	4	18.90829	18
4	--	1.645434	0.727584	5	19.63587	19
5	--	1.064608	0.917257	6	20.55313	20
6	--	0.70453	1.710442	5	21.25766	21
5	--	1.072252	0.880784	6	22.13844	22
6	--	1.309446	1.438161	5	23.44789	23
5	--	0.988336	0.71088	6	24.15877	24
6	--	1.081877	1.446985	5	25.24065	25
5	--	1.172089	0.712383	6	25.95303	26
6	--	0.935313	0.968344	5	26.88834	27
5	--	1.428197	0.741428	6	27.62977	28
6	--	0.678425	1.34297	5	28.30819	29
5	--	0.709713	1.130688	4	29.0179	30
4	--	1.552702	1.48829	5	30.50619	31
5	--	0.656654	0.692477	4	31.16284	32
4	--	1.562766	1.331917	5	32.49476	33
5	--	0.847154	0.673574	6	33.16833	34
6	--	1.357443	0.711932	7	33.88026	35
7	--	1.933231	1.429749	8	35.31001	36
8	--	1.978755	2.526103	7	37.28877	37
7	--	1.912757	0.927543	8	38.21631	38
8	--	1.688393	1.86115	7	39.9047	39
7	--	0.873155	1.469056	6	40.77786	40
6	--	0.659395	0.870346	5	41.43725	41
5	--	1.205817	0.880625	6	42.31787	42
6	--	1.184364	1.188517	5	43.50223	43
5	--	0.837625	0.976256	4	44.33985	44
4	--	1.512633	1.012124	5	45.35197	45
5	--	1.473133	0.649957	6	46.00193	46
6	--	0.823811	0.87165	5	46.82574	47
5	--	0.897856	1.539231	4	47.7236	48
4	--	0.844621	1.124485	3	48.56822	49
3	--	1.30487	1.351457	2	49.87309	50
2	--	1.2488	1.256304	1	51.12189	51
1	--	2.209082	2.692296	0	53.33097	52

test #56
8	--	1.038031	1.070356	7	1.03803	1
7	--	0.89768	1.375353	6	1.93571	2
6	--	0.834804	1.723334	5	2.77051	3
5	--	0.784397	1.196052	4	3.55491	4
4	--	1.191762	0.79073	5	4.34564	5
5	--	0.840004	0.76873	6	5.11437	6
6	--	0.913876	1.533878	5	6.02825	7
5	--	0.683988	0.923278	4	6.71224	8
4	--	1.460239	0.877164	5	7.5894	9
5	--	1.223438	0.636182	6	8.22558	10
6	--	0.805823	0.664832	7	8.89041	11
7	--	0.771	1.593585	6	9.66141	12
6	--	1.147736	0.65228	7	10.31369	13
7	--	0.804072	1.659821	6	11.11776	14
6	--	0.998304	1.658452	5	12.11606	15
5	--	0.893683	1.075507	4	13.00974	16
4	--	1.115032	1.278746	3	14.12477	17
3	--	1.300074	1.408675	2	15.42484	18
2	--	1.79619	1.840799	1	17.22103	19
1	--	2.044919	3.547744	0	19.26595	20

test #57
8	--	0.985178	0.98874	7	0.98518	1
7	--	0.780483	1.809679	6	1.76566	2
6	--	1.749867	0.679133	7	2.44479	3
7	--	1.924952	0.94604	8	3.39083	4
8	--	2.321901	1.21955	9	4.61038	5
9	--	4.077787	2.34593	10	6.95631	6

test #58
8	--	2.25546	2.393715	7	2.25546	1
7	--	1.154079	0.998628	8	3.25409	2
8	--	1.179886	2.626033	7	4.43398	3
7	--	1.227687	0.793946	8	5.22793	4
8	--	1.135049	1.964735	7	6.36298	5
7	--	1.64303	1.010251	8	7.37323	6
8	--	1.20909	1.352442	7	8.58232	7
7	--	0.905068	1.457705	6	9.48739	8
6	--	0.848237	0.992189	5	10.33563	9
5	--	1.61232	1.10859	6	11.44422	10
6	--	1.394191	1.275719	7	12.71994	11
7	--	1.732804	1.799224	6	14.45274	12
6	--	0.680333	1.492229	5	15.13307	13
5	--	0.936896	0.792601	6	15.92567	14
6	--	0.943691	0.806591	7	16.73226	15
7	--	1.317323	0.75037	8	17.48263	16
8	--	2.651769	2.170006	9	19.65264	17
9	--	2.692444	3.361301	8	22.34508	18
8	--	1.15646	2.336463	7	23.50154	19
7	--	1.236351	1.359491	6	24.73789	20
6	--	1.580036	1.601454	5	26.31793	21
5	--	1.598204	1.257178	6	27.57511	22
6	--	1.738098	1.430673	7	29.00578	23
7	--	1.212891	0.938611	8	29.94439	24
8	--	1.638712	1.238662	9	31.18305	25
9	--	1.833725	2.150028	8	33.01678	26
8	--	2.570003	1.959381	9	34.97616	27
9	--	3.528299	1.900262	10	36.87642	28

test #59
8	--	2.149184	1.752039	9	1.75204	1
9	--	2.846625	3.55998	8	4.59866	2
8	--	1.776498	1.099545	9	5.6982	3
9	--	1.701721	2.713737	8	7.39992	4
8	--	1.386898	1.413336	7	8.78682	5
7	--	1.541639	0.768268	8	9.55509	6
8	--	1.307817	2.496492	7	10.86291	7
7	--	1.264241	1.235313	8	12.09822	8
8	--	1.707545	1.583048	9	13.68127	9
9	--	2.975295	1.903205	10	15.58448	10

test #60
8	--	1.97156	1.04062	9	1.04062	1
9	--	1.941256	3.475501	8	2.98188	2
8	--	1.707708	2.08738	7	4.68959	3
7	--	0.795682	1.213534	6	5.48527	4
6	--	1.240161	0.755721	7	6.24099	5
7	--	0.838911	1.44154	6	7.0799	6
6	--	0.701082	1.001333	5	7.78098	7
5	--	0.828458	0.823857	6	8.60484	8
6	--	1.113756	1.616969	5	9.7186	9
5	--	1.129345	0.723216	6	10.44182	10
6	--	0.927698	0.943997	5	11.36952	11
5	--	1.528542	1.36202	6	12.73154	12
6	--	1.363446	1.270328	7	14.00187	13
7	--	1.804759	1.906622	6	15.80663	14
6	--	1.253368	1.428616	5	17.06	15
5	--	1.0517	1.44801	4	18.1117	16
4	--	0.868431	1.462411	3	18.98013	17
3	--	1.002687	0.951381	4	19.93151	18
4	--	1.700785	0.714799	5	20.64631	19
5	--	0.639761	1.302857	4	21.28607	20
4	--	1.647897	1.216547	5	22.50262	21
5	--	1.632766	1.182642	6	23.68526	22
6	--	0.683652	0.848272	5	24.36891	23
5	--	0.911383	0.617003	6	24.98591	24
6	--	1.546057	1.38929	7	26.3752	25
7	--	1.568171	1.444055	8	27.81926	26
8	--	2.209093	2.404228	7	30.02835	27
7	--	1.592963	1.919489	6	31.62131	28
6	--	1.03058	1.678537	5	32.65189	29
5	--	1.407787	0.960234	6	33.61212	30
6	--	0.859769	1.167596	5	34.47189	31
5	--	0.946031	1.233037	4	35.41792	32
4	--	1.25425	0.690499	5	36.10842	33
5	--	0.878348	1.173019	4	36.98677	34
4	--	1.53604	1.717465	3	38.52281	35
3	--	1.438256	1.7342	2	39.96107	36
2	--	1.866555	1.807459	3	41.76853	37
3	--	1.079395	1.706843	2	42.84793	38
2	--	1.290035	2.568061	1	44.13797	39
1	--	2.442608	2.892789	0	46.58058	40

test #61
8	--	1.531656	1.806299	7	1.53166	1
7	--	1.886089	1.84933	8	3.38099	2
8	--	2.471579	1.060459	9	4.44145	3
9	--	1.976211	4.010458	8	6.41766	4
8	--	2.515282	1.400044	9	7.8177	5
9	--	3.146803	2.409413	10	10.22711	6

test #62
8	--	2.338595	1.605505	9	1.6055	1
9	--	4.189309	2.46444	10	4.06994	2

test #63
8	--	1.271398	0.99858	9	0.99858	1
9	--	2.863084	3.050652	8	3.86166	2
8	--	1.257318	0.973638	9	4.8353	3
9	--	1.787845	3.578799	8	6.62314	4
8	--	1.847107	1.422172	9	8.04531	5
9	--	1.815536	3.626513	8	9.86085	6
8	--	2.185344	2.539722	7	12.04619	7
7	--	1.972081	1.443819	8	13.49001	8
8	--	0.986224	1.887414	7	14.47623	9
7	--	1.737533	0.923745	8	15.39998	10
8	--	1.40807	1.898163	7	16.80805	11
7	--	1.218284	1.512674	6	18.02633	12
6	--	0.688288	0.672583	7	18.69891	13
7	--	1.358783	0.748308	8	19.44722	14
8	--	1.812965	1.870513	7	21.26018	15
7	--	0.841945	1.183851	6	22.10213	16
6	--	1.66009	0.757866	7	22.86	17
7	--	1.540103	1.964393	6	24.4001	18
6	--	1.582221	0.847921	7	25.24802	19
7	--	0.974506	1.258571	6	26.22253	20
6	--	1.132789	1.378956	5	27.35532	21
5	--	0.72329	0.989577	4	28.07861	22
4	--	1.216318	1.19874	5	29.27735	23
5	--	0.876914	1.288361	4	30.15426	24
4	--	1.015589	1.680398	3	31.16985	25
3	--	1.981848	0.969577	4	32.13943	26
4	--	1.215691	0.810335	5	32.94977	27
5	--	1.354224	0.684766	6	33.63454	28
6	--	1.372681	1.49834	5	35.00722	29
5	--	0.942995	1.107008	4	35.95022	30
4	--	1.20869	0.905238	5	36.85546	31
5	--	0.74819	0.705705	6	37.56117	32
6	--	0.878116	1.091317	5	38.43929	33
5	--	1.65111	1.060984	6	39.50027	34
6	--	1.299907	1.54105	5	40.80018	35
5	--	0.837696	1.311248	4	41.63788	36
4	--	0.659919	1.558768	3	42.2978	37
3	--	1.628996	0.846389	4	43.14419	38
4	--	0.702003	1.149154	3	43.84619	39
3	--	0.794556	0.875656	2	44.64075	40
2	--	1.923045	1.637251	3	46.278	41
3	--	1.714355	1.494064	4	47.77206	42
4	--	1.144771	1.066868	5	48.83893	43
5	--	0.949181	1.041852	4	49.78811	44
4	--	1.630796	1.114911	5	50.90302	45
5	--	0.943228	0.785052	6	51.68807	46
6	--	0.85896	1.468013	5	52.54703	47
5	--	1.053094	1.359889	4	53.60012	48
4	--	0.91753	1.713305	3	54.51765	49
3	--	1.492606	1.966933	2	56.01026	50
2	--	1.083014	1.490267	1	57.09327	51
1	--	4.511226	2.245239	2	59.33851	52
2	--	2.300878	1.107545	3	60.44606	53
3	--	0.840928	0.945548	2	61.28699	54
2	--	1.450353	1.185411	3	62.4724	55
3	--	1.756827	1.759157	2	64.22923	56
2	--	2.027714	1.994637	3	66.22387	57
3	--	1.525276	1.325767	4	67.54964	58
4	--	0.866673	1.751964	3	68.41631	59
3	--	0.966306	2.006905	2	69.38262	60
2	--	2.302518	1.563545	3	70.94616	61
3	--	1.140491	0.887062	4	71.83322	62
4	--	1.011069	1.347386	3	72.84429	63
3	--	1.775387	0.794801	4	73.63909	64
4	--	1.035131	0.650016	5	74.28911	65
5	--	1.246771	0.956317	6	75.24543	66
6	--	0.928853	0.909123	7	76.15455	67
7	--	1.305504	1.039066	8	77.19362	68
8	--	1.112425	2.342039	7	78.30604	69
7	--	1.117085	1.031443	8	79.33748	70
8	--	1.975692	1.940473	9	81.27795	71
9	--	2.500444	3.427472	8	83.77839	72
8	--	2.219189	2.065724	9	85.84411	73
9	--	3.348852	3.068455	10	88.91257	74

test #64
8	--	1.296524	2.47645	7	1.29652	1
7	--	1.124671	0.919504	8	2.21602	2
8	--	1.27236	2.08937	7	3.48838	3
7	--	1.559738	1.330098	8	4.81848	4
8	--	1.62866	1.798521	7	6.44714	5
7	--	1.437499	0.807117	8	7.25426	6
8	--	2.428258	0.98972	9	8.24398	7
9	--	2.426554	3.011965	8	10.67053	8
8	--	1.00943	2.2474	7	11.67996	9
7	--	1.225026	1.691506	6	12.90499	10
6	--	1.262095	0.929691	7	13.83468	11
7	--	1.092297	1.040154	8	14.87483	12
8	--	2.266897	1.900588	9	16.77542	13
9	--	4.320294	2.342439	10	19.11786	14

test #65
8	--	2.206839	1.930823	9	1.93082	1
9	--	2.340088	4.180133	8	4.27091	2
8	--	1.807473	1.769917	9	6.04083	3
9	--	3.651643	1.944948	10	7.98578	4

test #66
8	--	1.423176	1.096659	9	1.09666	1
9	--	2.021135	3.026538	8	3.1178	2
8	--	1.03186	2.528397	7	4.14966	3
7	--	1.096554	1.309177	6	5.24621	4
6	--	1.213194	1.342871	5	6.4594	5
5	--	1.260218	0.855002	6	7.3144	6
6	--	1.07225	1.42693	5	8.38665	7
5	--	1.413914	1.227797	6	9.61445	8
6	--	1.591943	1.506645	7	11.1211	9
7	--	1.137839	0.857463	8	11.97856	10
8	--	1.599657	1.488852	9	13.46741	11
9	--	2.304838	2.89244	8	15.77225	12
8	--	1.595838	1.584915	9	17.35717	13
9	--	2.017892	2.987211	8	19.37506	14
8	--	2.083884	1.596392	9	20.97145	15
9	--	2.79922	3.073778	8	23.77067	16
8	--	2.299652	1.020735	9	24.7914	17
9	--	3.39689	4.64099	8	28.18829	18
8	--	1.703639	2.582451	7	29.89193	19
7	--	1.245921	1.890536	6	31.13785	20
6	--	0.811454	1.591014	5	31.9493	21
5	--	0.642821	0.842649	4	32.59212	22
4	--	0.859841	0.886668	3	33.45196	23
3	--	0.849099	0.821748	4	34.27371	24
4	--	1.121739	0.66368	5	34.93739	25
5	--	1.34276	0.734898	6	35.67229	26
6	--	1.295577	1.046106	7	36.7184	27
7	--	1.329948	1.407098	6	38.04835	28
6	--	1.087186	1.377831	5	39.13554	29
5	--	0.700054	0.674703	6	39.81024	30
6	--	0.954922	1.091989	5	40.76516	31
5	--	0.958481	1.346039	4	41.72364	32
4	--	1.104526	1.159056	3	42.82817	33
3	--	1.063883	1.02172	4	43.84989	34
4	--	0.887331	1.134728	3	44.73722	35
3	--	1.179785	1.281492	2	45.91701	36
2	--	2.076161	2.555469	1	47.99317	37
1	--	3.986092	3.632351	2	51.62552	38
2	--	1.945672	1.284138	3	52.90966	39
3	--	1.051708	1.628481	2	53.96137	40
2	--	2.610653	1.161372	3	55.12274	41
3	--	0.887184	0.770489	4	55.89323	42
4	--	0.778539	1.001089	3	56.67177	43
3	--	1.291737	1.629975	2	57.96351	44
2	--	0.977649	1.719911	1	58.94116	45
1	--	4.290915	2.684226	2	61.62539	46
2	--	1.290942	2.161496	1	62.91633	47
1	--	2.616687	3.082445	0	65.53302	48

test #67
8	--	1.471649	1.124163	9	1.12416	1
9	--	3.477002	2.576081	10	3.70024	2

test #68
8	--	1.674841	1.781201	7	1.67484	1
7	--	1.403959	0.900512	8	2.57535	2
8	--	1.803604	1.231555	9	3.8069	3
9	--	3.284944	3.817415	8	7.09184	4
8	--	2.054653	1.006389	9	8.09823	5
9	--	1.772779	3.266969	8	9.87101	6
8	--	2.618788	1.96418	9	11.83519	7
9	--	2.795417	3.959025	8	14.63061	8
8	--	2.088094	1.255707	9	15.88632	9
9	--	2.203397	3.834992	8	18.08972	10
8	--	1.748531	1.494604	9	19.58432	11
9	--	2.13888	4.536086	8	21.7232	12
8	--	1.128275	1.423328	7	22.85147	13
7	--	1.681529	1.679154	8	24.53062	14
8	--	2.494408	2.334782	9	26.8654	15
9	--	3.629202	3.305331	10	30.17073	16

test #69
8	--	1.065713	1.351657	7	1.06571	1
7	--	0.892565	0.855928	8	1.92164	2
8	--	1.408258	1.230067	9	3.15171	3
9	--	3.646889	2.171235	10	5.32294	4

test #70
8	--	1.089826	1.204125	7	1.08983	1
7	--	1.624743	1.143387	8	2.23322	2
8	--	2.303167	1.44225	9	3.67547	3
9	--	4.669973	3.094026	10	6.7695	4

test #71
8	--	1.859301	1.799117	9	1.79912	1
9	--	2.142668	4.518308	8	3.94179	2
8	--	1.94534	0.955892	9	4.89768	3
9	--	1.939533	2.034714	8	6.83721	4
8	--	1.952875	2.096294	7	8.79008	5
7	--	1.087679	1.418773	6	9.87776	6
6	--	0.706114	1.192021	5	10.58387	7
5	--	1.631436	0.937601	6	11.52147	8
6	--	0.755537	1.286265	5	12.27701	9
5	--	0.803157	1.173604	4	13.08017	10
4	--	1.504729	0.981271	5	14.06144	11
5	--	0.827103	0.74279	6	14.80423	12
6	--	1.652566	1.207049	7	16.01128	13
7	--	1.324602	0.870909	8	16.88219	14
8	--	1.15825	0.999203	9	17.88139	15
9	--	4.091195	1.732408	10	19.6138	16

test #72
8	--	1.231938	1.883886	7	1.23194	1
7	--	0.807959	1.538906	6	2.0399	2
6	--	1.134702	0.685949	7	2.72585	3
7	--	1.509341	1.055815	8	3.78166	4
8	--	1.900245	1.214038	9	4.9957	5
9	--	2.369641	2.577922	8	7.36534	6
8	--	2.122268	1.836404	9	9.20174	7
9	--	3.39766	4.303172	8	12.5994	8
8	--	2.534375	2.220606	9	14.82001	9
9	--	2.508941	3.325132	8	17.32895	10
8	--	1.274774	1.154987	9	18.48394	11
9	--	4.111631	3.258788	10	21.74273	12

test #73
8	--	1.41242	1.503228	7	1.41242	1
7	--	1.126695	1.310243	6	2.53912	2
6	--	1.143186	0.806613	7	3.34573	3
7	--	0.888826	1.914413	6	4.23456	4
6	--	1.597387	1.505811	7	5.74037	5
7	--	0.931525	1.34151	6	6.6719	6
6	--	0.787172	1.423912	5	7.45907	7
5	--	0.886324	0.970477	4	8.34539	8
4	--	0.950552	1.14797	3	9.29594	9
3	--	1.581164	0.942574	4	10.23851	10
4	--	0.651005	1.029735	3	10.88951	11
3	--	2.019444	1.477812	4	12.36732	12
4	--	1.113866	0.782014	5	13.14933	13
5	--	1.19103	1.679775	4	14.34036	14
4	--	1.2419	1.097373	5	15.43773	15
5	--	1.237733	1.539973	4	16.67546	16
4	--	0.877718	1.192861	3	17.55318	17
3	--	1.280739	1.170901	4	18.72408	18
4	--	1.285853	0.902709	5	19.62679	19
5	--	1.280877	1.105474	6	20.73226	20
6	--	1.442846	1.113934	7	21.84619	21
7	--	1.08152	0.822372	8	22.66856	22
8	--	1.945936	1.948447	7	24.6145	23
7	--	0.797281	1.00102	6	25.41178	24
6	--	1.773255	0.785831	7	26.19761	25
7	--	1.466621	1.019293	8	27.2169	26
8	--	0.989142	1.719388	7	28.20604	27
7	--	1.368453	1.583606	6	29.57449	28
6	--	1.122579	1.495394	5	30.69707	29
5	--	1.533057	1.458566	6	32.15564	30
6	--	1.519538	0.735788	7	32.89143	31
7	--	1.038545	1.999402	6	33.92998	32
6	--	0.857003	0.83424	7	34.76422	33
7	--	1.868726	1.802528	8	36.56675	34
8	--	2.546776	1.150592	9	37.71734	35
9	--	2.971828	1.75754	10	39.47488	36

test #74
8	--	1.395488	2.339084	7	1.39549	1
7	--	1.292351	1.484458	6	2.68784	2
6	--	1.20381	1.123147	7	3.81099	3
7	--	1.207163	1.731745	6	5.01815	4
6	--	1.332584	1.69025	5	6.35073	5
5	--	0.869689	1.116311	4	7.22042	6
4	--	1.559273	1.369586	5	8.59001	7
5	--	1.101639	1.010172	6	9.60018	8
6	--	0.85952	0.761052	7	10.36123	9
7	--	1.974309	1.467823	8	11.82905	10
8	--	1.423953	1.635053	7	13.253	11
7	--	1.105016	0.804874	8	14.05787	12
8	--	1.87499	2.115556	7	15.93286	13
7	--	0.987747	1.288437	6	16.92061	14
6	--	1.256782	1.464135	5	18.17739	15
5	--	0.805254	1.377051	4	18.98264	16
4	--	1.419208	1.175961	5	20.1586	17
5	--	1.264551	0.894419	6	21.05302	18
6	--	0.88911	1.130326	5	21.94213	19
5	--	0.921745	1.027003	4	22.86388	20
4	--	1.737575	1.285058	5	24.14894	21
5	--	1.288963	1.236462	6	25.3854	22
6	--	1.39824	1.358885	7	26.74428	23
7	--	0.912646	1.513441	6	27.65693	24
6	--	1.112409	0.738241	7	28.39517	25
7	--	1.596571	1.17096	8	29.56613	26
8	--	1.338582	2.032331	7	30.90471	27
7	--	0.989335	1.689471	6	31.89404	28
6	--	1.267503	1.559523	5	33.16154	29
5	--	1.519664	1.507156	6	34.6687	30
6	--	0.942196	1.003816	5	35.6109	31
5	--	1.217799	1.422962	4	36.8287	32
4	--	1.233076	0.93547	5	37.76417	33
5	--	1.174353	1.525424	4	38.93852	34
4	--	0.917818	0.955546	3	39.85634	35
3	--	1.708101	1.860028	2	41.56444	36
2	--	1.680447	1.822488	1	43.24489	37
1	--	3.929724	2.237711	2	45.4826	38
2	--	1.802364	1.735098	3	47.2177	39
3	--	1.897037	1.346625	4	48.56432	40
4	--	1.066828	1.120381	3	49.63115	41
3	--	1.397214	1.580831	2	51.02836	42
2	--	1.337271	2.078636	1	52.36563	43
1	--	3.962813	3.644467	2	56.0101	44
2	--	2.071148	1.838413	3	57.84851	45
3	--	1.021225	1.981354	2	58.86974	46
2	--	1.648607	2.18155	1	60.51835	47
1	--	2.073827	1.95121	2	62.46956	48
2	--	1.936835	1.982657	1	64.4064	49
1	--	3.716022	3.386249	2	67.79265	50
2	--	2.29878	2.026352	3	69.819	51
3	--	1.145508	0.74018	4	70.55918	52
4	--	1.091872	1.180583	3	71.65105	53
3	--	1.799651	1.007061	4	72.65811	54
4	--	0.720615	1.423834	3	73.37873	55
3	--	1.353244	1.437223	2	74.73197	56
2	--	1.074719	1.381098	1	75.80669	57
1	--	3.250912	2.434943	2	78.24163	58
2	--	1.969215	1.443509	3	79.68514	59
3	--	0.902138	1.016025	2	80.58728	60
2	--	2.24715	2.414625	1	82.83443	61
1	--	2.432134	2.62178	0	85.26656	62

test #75
8	--	1.429596	2.168204	7	1.4296	1
7	--	0.758144	0.791285	6	2.18774	2
6	--	0.899963	0.862734	7	3.05047	3
7	--	1.207764	1.469115	6	4.25823	4
6	--	0.984076	1.434587	5	5.24231	5
5	--	0.848385	1.191949	4	6.09069	6
4	--	1.212059	1.296013	3	7.30275	7
3	--	0.777549	1.150582	2	8.0803	8
2	--	2.39551	1.15793	3	9.23823	9
3	--	1.859273	1.012358	4	10.25059	10
4	--	1.220933	1.669932	3	11.47152	11
3	--	2.035017	1.808445	4	13.27997	12
4	--	1.678327	0.812888	5	14.09286	13
5	--	0.770298	1.527469	4	14.86316	14
4	--	0.919846	0.899187	5	15.76235	15
5	--	0.814281	1.260269	4	16.57663	16
4	--	0.773784	0.806945	3	17.35041	17
3	--	1.242148	1.923391	2	18.59256	18
2	--	2.011292	2.178443	1	20.60385	19
1	--	4.525371	3.058912	2	23.66276	20
2	--	1.083801	2.351817	1	24.74656	21
1	--	2.592274	3.588468	0	27.33883	22

test #76
8	--	1.751449	1.025768	9	1.02577	1
9	--	2.369481	1.942594	10	2.96836	2

test #77
8	--	1.741481	1.690659	9	1.69066	1
9	--	2.428493	2.585967	8	4.11915	2
8	--	1.445813	1.684969	7	5.56496	3
7	--	1.676834	1.958743	6	7.24179	4
6	--	1.083604	1.727399	5	8.32539	5
5	--	0.620218	1.454027	4	8.94561	6
4	--	1.274398	1.421747	3	10.22001	7
3	--	1.829419	1.1801	4	11.40011	8
4	--	1.741554	1.759821	3	13.14166	9
3	--	0.908509	1.275071	2	14.05017	10
2	--	1.764111	1.023933	3	15.0741	11
3	--	1.781154	1.063333	4	16.13743	12
4	--	1.187722	0.974594	5	17.11202	13
5	--	1.587913	0.69626	6	17.80828	14
6	--	1.209196	0.805704	7	18.61398	15
7	--	1.586737	0.799659	8	19.41364	16
8	--	1.606464	2.111888	7	21.0201	17
7	--	1.726959	0.892685	8	21.91278	18
8	--	1.020358	1.871416	7	22.93314	19
7	--	1.714552	1.846804	6	24.64769	20
6	--	1.23022	0.858541	7	25.50623	21
7	--	1.794718	0.889472	8	26.3957	22
8	--	1.92466	1.791177	9	28.18688	23
9	--	2.348734	3.277395	8	30.53561	24
8	--	1.347804	1.780863	7	31.88341	25
7	--	0.793336	0.888914	6	32.67675	26
6	--	1.179869	1.081529	7	33.75828	27
7	--	0.735186	1.082317	6	34.49347	28
6	--	1.620259	1.492198	7	35.98567	29
7	--	1.317812	1.28776	8	37.27343	30
8	--	1.764174	2.429476	7	39.0376	31
7	--	0.818753	1.930953	6	39.85635	32
6	--	1.110815	1.435364	5	40.96717	33
5	--	0.628092	1.705855	4	41.59526	34
4	--	1.483181	1.21728	5	42.81254	35
5	--	0.62607	0.859637	4	43.43861	36
4	--	0.882954	1.699566	3	44.32156	37
3	--	1.538122	0.887923	4	45.20948	38
4	--	1.276213	1.271758	5	46.48124	39
5	--	1.101888	0.888351	6	47.36959	40
6	--	0.663012	1.32977	5	48.0326	41
5	--	1.026832	0.72048	6	48.75308	42
6	--	0.754148	0.866306	5	49.50723	43
5	--	0.873013	1.290635	4	50.38024	44
4	--	1.41157	1.376438	5	51.75668	45
5	--	0.896886	1.039792	4	52.65357	46
4	--	1.097706	0.765332	5	53.4189	47
5	--	1.179191	1.698939	4	54.59809	48
4	--	1.542678	1.382422	5	55.98051	49
5	--	1.041214	0.934619	6	56.91513	50
6	--	1.756182	1.440359	7	58.35549	51
7	--	1.255422	1.972127	6	59.61091	52
6	--	0.825738	1.04808	5	60.43665	53
5	--	0.802109	1.36291	4	61.23876	54
4	--	0.954089	1.204203	3	62.19285	55
3	--	0.927934	0.977115	2	63.12078	56
2	--	2.246325	0.956053	3	64.07683	57
3	--	1.865369	1.577131	4	65.65396	58
4	--	0.825611	0.759837	5	66.4138	59
5	--	0.972739	1.222204	4	67.38654	60
4	--	1.201414	1.58565	3	68.58795	61
3	--	1.434665	1.401736	4	69.98969	62
4	--	1.095748	1.54723	3	71.08544	63
3	--	1.631807	0.845205	4	71.93064	64
4	--	1.085237	0.842217	5	72.77286	65
5	--	0.712134	1.427357	4	73.48499	66
4	--	0.642857	0.990436	3	74.12785	67
3	--	1.075478	0.882796	4	75.01065	68
4	--	0.949942	0.744351	5	75.755	69
5	--	0.682471	0.671824	6	76.42682	70
6	--	1.446327	0.759707	7	77.18653	71
7	--	0.936506	1.045939	6	78.12304	72
6	--	0.89086	0.972207	5	79.0139	73
5	--	1.28505	1.051633	6	80.06553	74
6	--	1.003501	1.169926	5	81.06903	75
5	--	1.094579	0.995166	6	82.0642	76
6	--	1.119319	1.533949	5	83.18352	77
5	--	0.987562	0.995551	4	84.17108	78
4	--	0.791791	0.96676	3	84.96287	79
3	--	1.183513	1.262575	2	86.14638	80
2	--	1.05452	1.285337	1	87.2009	81
1	--	3.631593	1.706911	2	88.90781	82
2	--	1.320039	1.909987	1	90.22785	83
1	--	3.665894	4.559818	0	93.89374	84

test #78
8	--	1.098459	1.783913	7	1.09846	1
7	--	1.12152	1.628291	6	2.21998	2
6	--	1.767599	1.079053	7	3.29903	3
7	--	0.958439	1.452731	6	4.25747	4
6	--	1.086317	1.000676	7	5.25815	5
7	--	0.758471	0.759297	6	6.01662	6
6	--	1.123922	1.369127	5	7.14054	7
5	--	1.275436	0.789633	6	7.93017	8
6	--	1.47055	0.898486	7	8.82866	9
7	--	1.294645	0.969838	8	9.7985	10
8	--	1.815817	1.804905	9	11.6034	11
9	--	2.151522	3.913438	8	13.75492	12
8	--	2.495009	1.40985	9	15.16477	13
9	--	2.745861	2.286398	10	17.45117	14

test #79
8	--	1.433503	1.607276	7	1.4335	1
7	--	1.27091	2.027993	6	2.70441	2
6	--	1.503556	0.65067	7	3.35508	3
7	--	1.195354	1.216334	6	4.55043	4
6	--	1.42128	0.642913	7	5.19334	5
7	--	1.24023	1.040129	8	6.23347	6
8	--	1.342347	1.398889	7	7.57582	7
7	--	1.371198	0.797699	8	8.37352	8
8	--	1.096861	2.234555	7	9.47038	9
7	--	1.972137	1.525268	8	10.99565	10
8	--	1.490762	1.748834	7	12.48641	11
7	--	1.179803	1.908766	6	13.66621	12
6	--	1.52346	0.957114	7	14.62332	13
7	--	0.785615	1.655351	6	15.40893	14
6	--	1.524521	0.690949	7	16.09988	15
7	--	1.26866	0.766642	8	16.86652	16
8	--	2.411607	1.108444	9	17.97496	17
9	--	3.488122	2.771401	10	20.74636	18

test #80
8	--	2.569409	1.574547	9	1.57455	1
9	--	3.431304	3.258162	10	4.83271	2

test #81
8	--	1.936938	2.567018	7	1.93694	1
7	--	1.859875	1.571009	8	3.50795	2
8	--	1.715265	1.343679	9	4.85163	3
9	--	4.289401	3.28922	10	8.14085	4

test #82
8	--	1.735763	1.544727	9	1.54473	1
9	--	2.369199	2.399492	8	3.91393	2
8	--	1.076941	2.192169	7	4.99087	3
7	--	1.024294	1.238424	6	6.01516	4
6	--	0.658668	1.146881	5	6.67383	5
5	--	1.286021	1.212513	6	7.88634	6
6	--	0.875376	1.61489	5	8.76172	7
5	--	0.810493	1.37949	4	9.57221	8
4	--	1.006648	0.757727	5	10.32994	9
5	--	0.74648	0.825284	4	11.07642	10
4	--	1.755401	1.545984	5	12.6224	11
5	--	0.963865	0.627052	6	13.24945	12
6	--	1.762537	0.791394	7	14.04084	13
7	--	1.07993	1.908748	6	15.12077	14
6	--	1.151103	0.884139	7	16.00491	15
7	--	1.215502	0.875681	8	16.88059	16
8	--	1.131638	2.009811	7	18.01223	17
7	--	0.771051	0.864653	6	18.78328	18
6	--	1.110338	1.495574	5	19.89362	19
5	--	0.620005	1.649667	4	20.51363	20
4	--	1.029956	1.664268	3	21.54359	21
3	--	1.704098	1.604027	4	23.14762	22
4	--	1.528189	0.968663	5	24.11628	23
5	--	0.677277	1.117681	4	24.79356	24
4	--	1.152906	1.230316	3	25.94647	25
3	--	0.733955	1.529791	2	26.68043	26
2	--	1.726449	2.357501	1	28.40688	27
1	--	2.973533	2.578835	2	30.98572	28
2	--	1.17039	1.409802	1	32.15611	29
1	--	2.404848	3.349249	0	34.56096	30

test #83
8	--	1.194577	2.279162	7	1.19458	1
7	--	1.909095	1.987206	6	3.10367	2
6	--	1.589018	1.257456	7	4.36113	3
7	--	0.844932	0.932662	6	5.20606	4
6	--	0.684646	0.964959	5	5.89071	5
5	--	1.383717	0.774202	6	6.66491	6
6	--	1.665167	0.961314	7	7.62622	7
7	--	1.073064	1.629575	6	8.69928	8
6	--	1.223581	0.654382	7	9.35366	9
7	--	1.09975	1.668001	6	10.45341	10
6	--	0.669605	1.188609	5	11.12302	11
5	--	1.22423	1.463735	4	12.34725	12
4	--	0.712048	0.643335	5	12.99058	13
5	--	1.395184	0.845725	6	13.8363	14
6	--	1.66959	0.703998	7	14.5403	15
7	--	2.021131	1.046706	8	15.58701	16
8	--	2.505017	1.466352	9	17.05336	17
9	--	2.319792	2.482612	8	19.37315	18
8	--	2.58997	1.55425	9	20.9274	19
9	--	2.890956	2.461379	10	23.38878	20

test #84
8	--	0.968319	1.021081	7	0.96832	1
7	--	1.858342	1.57872	8	2.54704	2
8	--	1.499449	1.091878	9	3.63892	3
9	--	3.221999	3.932541	8	6.86092	4
8	--	1.698146	1.707282	7	8.55907	5
7	--	0.8078	1.294677	6	9.36687	6
6	--	1.108065	1.671758	5	10.47494	7
5	--	0.960366	1.513758	4	11.43531	8
4	--	0.849448	1.538209	3	12.28476	9
3	--	1.808079	1.75735	4	14.04211	10
4	--	0.941131	1.295674	3	14.98324	11
3	--	1.812946	1.778262	4	16.7615	12
4	--	0.643982	0.985734	3	17.40548	13
3	--	0.948068	1.803366	2	18.35355	14
2	--	1.14335	1.276355	1	19.4969	15
1	--	2.589317	3.47286	0	22.08622	16

test #85
8	--	1.272075	1.773884	7	1.27208	1
7	--	1.882215	1.598289	8	2.87037	2
8	--	0.983403	2.041082	7	3.85377	3
7	--	0.76773	1.832811	6	4.6215	4
6	--	1.28098	1.56941	5	5.90248	5
5	--	1.255573	0.66797	6	6.57045	6
6	--	1.243025	0.722715	7	7.29316	7
7	--	1.679191	0.964845	8	8.258	8
8	--	2.395927	1.232435	9	9.49043	9
9	--	4.424801	2.412146	10	11.90258	10

test #86
8	--	2.346846	1.063989	9	1.06399	1
9	--	3.270554	2.287792	10	3.35178	2

test #87
8	--	1.151595	2.410031	7	1.15159	1
7	--	0.788375	1.543143	6	1.93997	2
6	--	0.796193	1.599986	5	2.73616	3
5	--	0.758473	0.926771	4	3.49463	4
4	--	1.352237	1.323406	5	4.81804	5
5	--	1.367506	1.297943	6	6.11598	6
6	--	1.346522	1.20643	7	7.32241	7
7	--	1.548421	1.009367	8	8.33178	8
8	--	1.713518	1.385866	9	9.71765	9
9	--	4.057098	3.448494	10	13.16614	10

test #88
8	--	2.132342	1.852304	9	1.8523	1
9	--	2.831169	2.118771	10	3.97107	2

test #89
8	--	1.360817	2.392445	7	1.36082	1
7	--	0.842099	0.91707	6	2.20292	2
6	--	1.166354	0.9017	7	3.10462	3
7	--	0.982547	1.536522	6	4.08717	4
6	--	0.996971	0.878337	7	4.96551	5
7	--	1.192012	1.588585	6	6.15752	6
6	--	1.772754	1.341168	7	7.49869	7
7	--	1.203571	0.731188	8	8.22988	8
8	--	1.564653	1.254429	9	9.48431	9
9	--	3.149677	3.367077	8	12.63399	10
8	--	1.308093	2.453601	7	13.94208	11
7	--	0.919315	0.956493	6	14.86139	12
6	--	1.496769	1.161466	7	16.02286	13
7	--	1.24955	1.347838	6	17.27241	14
6	--	1.023249	0.892072	7	18.16448	15
7	--	1.3355	0.824415	8	18.9889	16
8	--	1.40433	1.403698	9	20.3926	17
9	--	2.008518	1.706399	10	22.099	18

test #90
8	--	2.161843	1.574292	9	1.57429	1
9	--	3.847431	3.531398	10	5.10569	2

test #91
8	--	1.309993	2.409893	7	1.30999	1
7	--	0.780267	1.020728	6	2.09026	2
6	--	0.896002	1.774575	5	2.98626	3
5	--	1.179244	0.624769	6	3.61103	4
6	--	1.000917	1.500001	5	4.61195	5
5	--	0.779408	1.164377	4	5.39136	6
4	--	1.034335	0.664576	5	6.05594	7
5	--	1.113592	0.656961	6	6.7129	8
6	--	1.254789	1.131534	7	7.84443	9
7	--	1.468348	1.168885	8	9.01331	10
8	--	1.960903	2.110265	7	10.97421	11
7	--	0.794603	1.130976	6	11.76881	12
6	--	0.703985	0.859782	5	12.47279	13
5	--	1.58471	1.617675	4	14.0575	14
4	--	0.962817	0.895193	5	14.95269	15
5	--	1.204444	1.305599	4	16.15713	16
4	--	0.890693	0.676869	5	16.834	17
5	--	0.848313	1.128275	4	17.68231	18
4	--	0.695141	1.210732	3	18.37745	19
3	--	1.573385	1.742829	2	19.95084	20
2	--	1.50602	1.96553	1	21.45686	21
1	--	2.596481	2.562563	2	24.01942	22
2	--	2.008654	1.155735	3	25.17515	23
3	--	1.49028	1.126826	4	26.30198	24
4	--	1.147316	1.029841	5	27.33182	25
5	--	1.329404	0.757427	6	28.08925	26
6	--	1.572359	1.156991	7	29.24624	27
7	--	0.861293	1.08284	6	30.10753	28
6	--	1.029136	1.443361	5	31.13667	29
5	--	1.664762	1.621212	6	32.75788	30
6	--	0.763539	1.568113	5	33.52142	31
5	--	1.331702	1.499827	4	34.85312	32
4	--	1.565514	1.607412	3	36.41863	33
3	--	1.182755	1.528296	2	37.60139	34
2	--	2.546371	2.44022	3	40.04161	35
3	--	1.410698	1.299236	4	41.34085	36
4	--	0.808982	0.862597	3	42.14983	37
3	--	1.949945	1.015023	4	43.16485	38
4	--	0.975063	0.924645	5	44.0895	39
5	--	0.875578	0.848267	6	44.93777	40
6	--	0.920083	1.728012	5	45.85785	41
5	--	0.989882	1.681089	4	46.84773	42
4	--	0.989922	0.655506	5	47.50324	43
5	--	0.760194	1.1625	4	48.26343	44
4	--	1.034918	0.863584	5	49.12701	45
5	--	1.21907	1.504119	4	50.34608	46
4	--	1.02954	0.671205	5	51.01729	47
5	--	1.029605	1.178267	4	52.0469	48
4	--	0.813621	0.863141	3	52.86052	49
3	--	0.906149	1.027421	2	53.76667	50
2	--	1.667781	1.41285	3	55.17952	51
3	--	1.958453	1.172142	4	56.35166	52
4	--	1.59058	1.405553	5	57.75721	53
5	--	1.130417	0.848219	6	58.60543	54
6	--	1.46533	0.847688	7	59.45312	55
7	--	1.143911	1.185903	6	60.59703	56
6	--	1.191874	0.90646	7	61.50349	57
7	--	2.032685	1.513526	8	63.01702	58
8	--	1.410227	1.731908	7	64.42725	59
7	--	1.488278	0.877559	8	65.30481	60
8	--	1.274203	2.601188	7	66.57901	61
7	--	1.035512	1.271224	6	67.61452	62
6	--	1.686664	1.288136	7	68.90266	63
7	--	1.93877	1.399505	8	70.30216	64
8	--	1.486541	1.515251	7	71.7887	65
7	--	0.852402	1.244999	6	72.6411	66
6	--	1.364126	0.838162	7	73.47926	67
7	--	1.058171	1.469931	6	74.53743	68
6	--	0.896812	0.752512	7	75.28994	69
7	--	0.927725	0.738194	8	76.02813	70
8	--	1.540988	2.047763	7	77.56912	71
7	--	1.808806	1.426174	8	78.99529	72
8	--	1.754315	1.021082	9	80.01637	73
9	--	3.589944	3.025985	10	83.04235	74

test #92
8	--	1.63361	1.644175	7	1.63361	1
7	--	1.393984	1.105408	8	2.73902	2
8	--	2.554485	2.299482	9	5.0385	3
9	--	2.480936	1.77928	10	6.81778	4

test #93
8	--	2.47146	1.100198	9	1.1002	1
9	--	3.420083	3.725183	8	4.52028	2
8	--	1.377606	2.336102	7	5.89789	3
7	--	1.210745	1.765459	6	7.10863	4
6	--	1.160671	0.732997	7	7.84163	5
7	--	1.24845	1.003043	8	8.84467	6
8	--	2.317373	1.144282	9	9.98895	7
9	--	3.194202	3.25098	8	13.18315	8
8	--	1.286754	2.079184	7	14.4699	9
7	--	1.000192	0.865704	8	15.3356	10
8	--	1.840869	1.465348	9	16.80095	11
9	--	3.605028	1.7651	10	18.56605	12

test #94
8	--	1.307571	1.486806	7	1.30757	1
7	--	0.753933	1.419837	6	2.0615	2
6	--	0.764668	1.561555	5	2.82617	3
5	--	1.513941	1.056455	6	3.88262	4
6	--	1.689081	1.251601	7	5.13422	5
7	--	1.182139	0.995136	8	6.12936	6
8	--	2.638073	2.559054	9	8.68841	7
9	--	2.940847	3.98485	8	11.62926	8
8	--	1.242716	2.407549	7	12.87198	9
7	--	1.655848	1.401455	8	14.27343	10
8	--	2.324574	1.521553	9	15.79498	11
9	--	3.602931	2.731979	10	18.52696	12

test #95
8	--	1.216693	1.310179	7	1.21669	1
7	--	0.948089	0.84593	8	2.06262	2
8	--	1.430171	1.383674	9	3.44629	3
9	--	4.489611	2.285535	10	5.73182	4

test #96
8	--	1.064716	1.674632	7	1.06472	1
7	--	1.006427	1.134105	6	2.07115	2
6	--	1.214276	0.662544	7	2.73369	3
7	--	1.513068	1.284181	8	4.01787	4
8	--	2.463867	0.988673	9	5.00654	5
9	--	2.770997	2.508213	10	7.51475	6

test #97
8	--	1.990728	1.649413	9	1.64941	1
9	--	3.403242	3.48698	8	5.05265	2
8	--	1.170476	1.11488	9	6.16753	3
9	--	2.024563	2.821166	8	8.19209	4
8	--	2.276636	0.967316	9	9.15941	5
9	--	1.815535	2.379748	8	10.97494	6
8	--	1.454536	2.398797	7	12.42948	7
7	--	1.684573	1.23536	8	13.66484	8
8	--	1.168821	1.369063	7	14.83366	9
7	--	1.846341	1.130013	8	15.96367	10
8	--	1.386219	0.967757	9	16.93143	11
9	--	3.919891	4.520753	8	20.85132	12
8	--	2.027074	1.200848	9	22.05217	13
9	--	4.548692	4.18582	10	26.23799	14

test #98
8	--	1.727846	2.288182	7	1.72785	1
7	--	1.17011	1.860184	6	2.89796	2
6	--	1.03059	0.692644	7	3.5906	3
7	--	0.88756	1.584684	6	4.47816	4
6	--	1.337432	0.669538	7	5.1477	5
7	--	1.414156	0.935476	8	6.08318	6
8	--	1.743923	1.686367	9	7.76955	7
9	--	3.392923	3.1915	10	10.96105	8

test #99
8	--	2.63159	2.317586	9	2.31759	1
9	--	2.753222	2.364644	10	4.68223	2
