start i C()	t_left		t_right 	New i	Total time generation

test #0
2	--	1.294814	1.46511	1	1.29481	1
1	--	4.423855	2.831864	2	4.12667	2
2	--	1.262091	1.709844	1	5.38876	3
1	--	4.240163	2.274524	2	7.66328	4
2	--	1.092396	1.348497	1	8.75568	5
1	--	2.117823	4.459482	0	10.8735	6

test #1
2	--	1.593753	1.814936	1	1.59375	1
1	--	4.239409	3.608374	2	5.20212	2
2	--	1.383449	1.555867	1	6.58557	3
1	--	4.022385	2.028564	2	8.61413	4
2	--	1.429233	2.329353	1	10.04336	5
1	--	2.842702	1.765021	2	11.80838	6
2	--	1.186367	1.150493	3	12.95887	7
3	--	1.501326	1.122893	4	14.08176	8
4	--	1.345593	1.156738	5	15.2385	9
5	--	1.208884	1.649999	4	16.44738	10
4	--	0.90109	1.113786	3	17.34847	11
3	--	1.950253	0.770089	4	18.11856	12
4	--	0.902175	1.416843	3	19.02073	13
3	--	1.950332	1.177312	4	20.19804	14
4	--	1.313793	1.622071	3	21.51183	15
3	--	1.535747	1.274068	4	22.7859	16
4	--	1.267492	0.643957	5	23.42986	17
5	--	0.992746	0.832246	6	24.26211	18
6	--	0.836943	0.714766	7	24.97688	19
7	--	1.292369	1.612006	6	26.26925	20
6	--	0.862442	0.641051	7	26.9103	21
7	--	1.995526	1.930178	8	28.84048	22
8	--	2.191789	1.031332	9	29.87181	23
9	--	4.03138	2.384805	10	32.25662	24

test #2
2	--	2.34335	1.824315	3	1.82431	1
3	--	1.474591	2.031996	2	3.2989	2
2	--	2.277123	1.092485	3	4.39138	3
3	--	0.863967	1.194408	2	5.25535	4
2	--	1.256279	2.062819	1	6.51163	5
1	--	4.40337	3.158675	2	9.67031	6
2	--	2.32904	1.089696	3	10.76001	7
3	--	1.242394	0.779069	4	11.53908	8
4	--	1.138231	1.523841	3	12.67731	9
3	--	1.019457	1.376654	2	13.69677	10
2	--	1.87192	1.358677	3	15.05545	11
3	--	1.498238	0.939612	4	15.99506	12
4	--	1.69553	1.316277	5	17.31134	13
5	--	1.042128	1.677825	4	18.35347	14
4	--	0.91718	1.541498	3	19.27065	15
3	--	0.904486	1.210443	2	20.17514	16
2	--	1.437713	2.398997	1	21.61285	17
1	--	2.050557	2.666177	0	23.66341	18

test #3
2	--	2.133571	2.210853	1	2.13357	1
1	--	1.827	1.95002	0	3.96057	2

test #4
2	--	1.887388	1.815603	3	1.8156	1
3	--	0.799252	1.383125	2	2.61485	2
2	--	1.625968	2.460682	1	4.24082	3
1	--	3.468032	3.61475	0	7.70885	4

test #5
2	--	1.211334	1.692895	1	1.21133	1
1	--	2.22672	2.318129	0	3.43805	2

test #6
2	--	2.341426	1.672449	3	1.67245	1
3	--	1.637511	1.4978	4	3.17025	2
4	--	1.361804	0.837152	5	4.0074	3
5	--	1.536536	1.451355	6	5.45875	4
6	--	1.236658	1.436291	5	6.69541	5
5	--	0.645388	0.875712	4	7.3408	6
4	--	1.432479	1.778514	3	8.77328	7
3	--	1.20465	1.535372	2	9.97793	8
2	--	2.212089	2.169461	3	12.14739	9
3	--	1.833517	1.490843	4	13.63823	10
4	--	1.179448	0.991525	5	14.62975	11
5	--	1.104592	0.641357	6	15.27111	12
6	--	1.357287	1.773605	5	16.6284	13
5	--	1.047887	0.774805	6	17.4032	14
6	--	0.93048	1.088559	5	18.33368	15
5	--	0.911337	1.048373	4	19.24502	16
4	--	0.873273	1.390935	3	20.11829	17
3	--	1.458497	0.895781	4	21.01407	18
4	--	1.554796	0.704247	5	21.71832	19
5	--	1.574532	1.395633	6	23.11395	20
6	--	1.263847	1.274828	5	24.3778	21
5	--	1.274285	1.408826	4	25.65208	22
4	--	1.622752	1.164108	5	26.81619	23
5	--	1.006325	1.106942	4	27.82251	24
4	--	1.397332	1.557679	3	29.21984	25
3	--	1.332906	1.104358	4	30.3242	26
4	--	1.419538	1.130265	5	31.45447	27
5	--	1.17785	1.126766	6	32.58124	28
6	--	1.430572	1.540864	5	34.01181	29
5	--	1.38688	1.329152	6	35.34096	30
6	--	0.916638	1.158747	5	36.2576	31
5	--	1.088595	1.38592	4	37.34619	32
4	--	1.178764	1.011469	5	38.35766	33
5	--	1.326852	0.932029	6	39.28969	34
6	--	1.129234	1.215884	5	40.41892	35
5	--	1.232332	0.862909	6	41.28183	36
6	--	1.130654	0.878128	7	42.15996	37
7	--	1.396559	1.263345	8	43.4233	38
8	--	0.956362	2.325897	7	44.37966	39
7	--	1.280379	1.268344	8	45.648	40
8	--	2.029034	1.528237	9	47.17624	41
9	--	3.924102	1.994879	10	49.17112	42

test #7
2	--	1.00453	1.660318	1	1.00453	1
1	--	2.440132	2.486837	0	3.44466	2

test #8
2	--	1.750017	1.992686	1	1.75002	1
1	--	4.268713	4.665584	0	6.01873	2

test #9
2	--	1.14747	1.384067	1	1.14747	1
1	--	3.31454	2.458123	2	3.60559	2
2	--	2.575618	1.379739	3	4.98533	3
3	--	1.200093	1.441862	2	6.18542	4
2	--	1.624002	1.172296	3	7.35772	5
3	--	0.920422	1.465575	2	8.27814	6
2	--	2.195215	2.251799	1	10.47336	7
1	--	2.275273	1.992854	2	12.46621	8
2	--	2.212949	1.355298	3	13.82151	9
3	--	1.292252	1.644453	2	15.11376	10
2	--	1.374694	1.96965	1	16.48845	11
1	--	3.708069	2.909123	2	19.39757	12
2	--	1.738195	1.066881	3	20.46445	13
3	--	0.774173	1.173448	2	21.23862	14
2	--	1.586422	1.314993	3	22.55361	15
3	--	1.322059	1.856194	2	23.87567	16
2	--	1.144937	1.204321	1	25.02061	17
1	--	1.860176	3.334294	0	26.88079	18

test #10
2	--	2.024007	1.882359	3	1.88236	1
3	--	1.590917	1.460306	4	3.34267	2
4	--	1.14226	1.047828	5	4.3905	3
5	--	1.61972	0.726624	6	5.11712	4
6	--	1.127511	1.444847	5	6.24463	5
5	--	0.806707	0.70638	6	6.95101	6
6	--	1.017094	0.745591	7	7.6966	7
7	--	1.203468	1.246688	6	8.90007	8
6	--	1.003701	1.073412	5	9.90377	9
5	--	1.317005	0.701357	6	10.60513	10
6	--	1.378491	0.876432	7	11.48156	11
7	--	1.160612	1.182918	6	12.64217	12
6	--	0.705902	1.025978	5	13.34807	13
5	--	1.190309	1.097192	6	14.44526	14
6	--	0.92286	1.042671	5	15.36812	15
5	--	0.741397	0.930033	4	16.10952	16
4	--	1.289259	0.778574	5	16.88809	17
5	--	0.673923	0.669342	6	17.55743	18
6	--	0.809066	1.013671	5	18.3665	19
5	--	1.267261	1.037602	6	19.4041	20
6	--	0.672203	1.433604	5	20.0763	21
5	--	1.105968	1.621996	4	21.18227	22
4	--	1.049061	0.880007	5	22.06228	23
5	--	0.651024	0.859401	4	22.7133	24
4	--	1.415146	0.937491	5	23.65079	25
5	--	1.575653	0.614851	6	24.26564	26
6	--	1.168678	1.164896	7	25.43054	27
7	--	1.222492	0.864084	8	26.29462	28
8	--	2.55552	1.986408	9	28.28103	29
9	--	4.49654	1.775176	10	30.05621	30

test #11
2	--	1.322774	2.084446	1	1.32277	1
1	--	2.567004	4.038802	0	3.88977	2

test #12
2	--	2.15517	1.008805	3	1.0088	1
3	--	1.846198	1.255623	4	2.26442	2
4	--	1.058745	0.880169	5	3.14459	3
5	--	1.653447	1.069419	6	4.21401	4
6	--	1.599739	1.497445	7	5.71145	5
7	--	1.531148	1.570106	6	7.2426	6
6	--	0.805688	1.501746	5	8.04829	7
5	--	1.234724	1.12376	6	9.17205	8
6	--	1.027839	0.745761	7	9.91781	9
7	--	1.993241	1.023781	8	10.94159	10
8	--	1.48775	2.209402	7	12.42934	11
7	--	2.02003	1.10636	8	13.5357	12
8	--	1.344759	1.261519	9	14.79722	13
9	--	3.313223	3.298396	10	18.09562	14

test #13
2	--	1.028288	1.261322	1	1.02829	1
1	--	2.485152	3.681858	0	3.51344	2

test #14
2	--	1.864068	1.380908	3	1.38091	1
3	--	1.453519	0.964413	4	2.34532	2
4	--	0.760698	1.251607	3	3.10602	3
3	--	1.080519	1.713053	2	4.18654	4
2	--	1.01487	1.204716	1	5.20141	5
1	--	2.606891	2.075649	2	7.27706	6
2	--	1.596402	1.867469	1	8.87346	7
1	--	4.331029	4.251093	2	13.12455	8
2	--	1.524018	1.170619	3	14.29517	9
3	--	0.979754	0.851495	4	15.14667	10
4	--	0.697185	1.688966	3	15.84386	11
3	--	1.79828	0.969461	4	16.81332	12
4	--	0.756949	1.102403	3	17.57027	13
3	--	1.516893	0.948198	4	18.51847	14
4	--	1.318489	1.48165	3	19.83696	15
3	--	1.610163	1.701897	2	21.44712	16
2	--	1.87186	1.309817	3	22.75694	17
3	--	0.79068	1.453303	2	23.54762	18
2	--	2.122996	2.435536	1	25.67062	19
1	--	2.638988	4.358607	0	28.30961	20

test #15
2	--	1.780253	1.145286	3	1.14529	1
3	--	1.315318	0.787271	4	1.93256	2
4	--	0.717743	1.126714	3	2.6503	3
3	--	1.059167	1.507293	2	3.70947	4
2	--	1.369683	1.337108	3	5.04658	5
3	--	0.873729	1.494163	2	5.92031	6
2	--	2.416387	1.348109	3	7.26842	7
3	--	1.08179	1.653288	2	8.35021	8
2	--	1.561586	1.633137	1	9.9118	9
1	--	4.377959	4.248745	2	14.16055	10
2	--	2.638206	1.701541	3	15.86209	11
3	--	1.296222	0.784874	4	16.64696	12
4	--	1.073095	0.846054	5	17.49301	13
5	--	0.629243	1.123081	4	18.12225	14
4	--	0.856961	1.118347	3	18.97921	15
3	--	1.572394	1.411128	4	20.39034	16
4	--	1.329644	1.264663	5	21.655	17
5	--	0.76212	1.037974	4	22.41712	18
4	--	0.81154	1.396669	3	23.22866	19
3	--	0.928826	1.446707	2	24.15749	20
2	--	1.28825	1.757857	1	25.44574	21
1	--	1.835887	2.505114	0	27.28163	22

test #16
2	--	1.872944	1.82809	3	1.82809	1
3	--	1.24345	1.320372	2	3.07154	2
2	--	0.988579	1.456512	1	4.06012	3
1	--	3.207921	1.764114	2	5.82423	4
2	--	2.359533	2.143677	3	7.96791	5
3	--	0.824646	1.444335	2	8.79256	6
2	--	1.499879	1.782802	1	10.29244	7
1	--	2.241098	2.567794	0	12.53354	8

test #17
2	--	1.783816	1.281423	3	1.28142	1
3	--	1.366135	0.950204	4	2.23162	2
4	--	1.067329	0.862359	5	3.09398	3
5	--	0.86798	0.813143	6	3.90712	4
6	--	1.186741	1.731566	5	5.09386	5
5	--	0.735847	1.336212	4	5.82971	6
4	--	1.02521	1.25689	3	6.85492	7
3	--	1.437498	0.741733	4	7.59665	8
4	--	1.50153	0.908163	5	8.50481	9
5	--	1.342268	0.611569	6	9.11638	10
6	--	1.734715	1.527253	7	10.64363	11
7	--	0.802019	1.632883	6	11.44565	12
6	--	1.230479	1.635947	5	12.67613	13
5	--	0.796358	0.839596	4	13.47249	14
4	--	1.101779	1.21279	3	14.57427	15
3	--	1.400359	1.620753	2	15.97463	16
2	--	2.437369	0.974491	3	16.94912	17
3	--	0.860433	1.011056	2	17.80955	18
2	--	2.226532	1.304726	3	19.11428	19
3	--	1.745865	1.36024	4	20.47452	20
4	--	0.965779	1.045407	3	21.4403	21
3	--	2.027658	1.05419	4	22.49449	22
4	--	0.828736	1.013316	3	23.32323	23
3	--	0.865286	0.875655	2	24.18852	24
2	--	2.492066	2.494556	1	26.68059	25
1	--	4.060781	2.218535	2	28.89913	26
2	--	2.0389	1.295721	3	30.19485	27
3	--	1.427635	1.578877	2	31.62248	28
2	--	2.074698	1.792586	3	33.41507	29
3	--	1.567866	0.980144	4	34.39521	30
4	--	1.698278	1.698417	3	36.09349	31
3	--	0.994412	1.543481	2	37.0879	32
2	--	2.385526	1.716903	3	38.8048	33
3	--	0.738227	1.608951	2	39.54303	34
2	--	2.108994	1.27357	3	40.8166	35
3	--	0.965936	1.261256	2	41.78254	36
2	--	1.783817	1.175413	3	42.95795	37
3	--	0.784695	0.902809	2	43.74265	38
2	--	2.639306	1.899301	3	45.64195	39
3	--	1.433912	1.704233	2	47.07586	40
2	--	1.189871	2.27584	1	48.26573	41
1	--	3.849298	3.259034	2	51.52476	42
2	--	1.128421	1.951109	1	52.65318	43
1	--	2.389014	2.10051	2	54.75369	44
2	--	2.599014	1.73657	3	56.49026	45
3	--	0.888032	0.987542	2	57.37829	46
2	--	1.101583	1.72565	1	58.47987	47
1	--	1.767627	3.209849	0	60.2475	48

test #18
2	--	1.752442	1.96111	1	1.75244	1
1	--	2.272069	3.646171	0	4.02451	2

test #19
2	--	1.512446	1.39168	3	1.39168	1
3	--	1.234441	1.619565	2	2.62612	2
2	--	1.260361	1.600524	1	3.88648	3
1	--	3.032609	2.888541	2	6.77502	4
2	--	1.001368	1.693111	1	7.77639	5
1	--	2.899909	1.967907	2	9.7443	6
2	--	0.958263	2.179734	1	10.70256	7
1	--	3.317438	2.752684	2	13.45524	8
2	--	1.190226	1.715872	1	14.64547	9
1	--	3.566656	2.506483	2	17.15195	10
2	--	1.010425	1.254491	1	18.16237	11
1	--	3.574087	4.361819	0	21.73646	12

test #20
2	--	1.671676	1.50539	3	1.50539	1
3	--	1.682554	0.858987	4	2.36438	2
4	--	1.162762	0.740142	5	3.10452	3
5	--	1.205399	1.321359	4	4.30992	4
4	--	0.786873	1.322348	3	5.09679	5
3	--	1.849212	1.581206	4	6.678	6
4	--	1.088455	1.028482	5	7.70648	7
5	--	1.064986	1.649891	4	8.77147	8
4	--	1.535358	1.646447	3	10.30683	9
3	--	1.675457	1.904051	2	11.98229	10
2	--	2.422749	2.536822	1	14.40504	11
1	--	2.510873	2.493852	2	16.89889	12
2	--	2.067274	1.046037	3	17.94493	13
3	--	1.348613	1.237768	4	19.1827	14
4	--	1.466308	1.516472	3	20.64901	15
3	--	1.188853	1.15158	4	21.80059	16
4	--	0.800523	1.243662	3	22.60111	17
3	--	1.230976	1.880495	2	23.83209	18
2	--	2.370459	1.007999	3	24.84009	19
3	--	1.141656	1.633224	2	25.98175	20
2	--	2.184593	1.873619	3	27.85537	21
3	--	1.981624	0.8746	4	28.72997	22
4	--	1.154495	1.543569	3	29.88447	23
3	--	0.75744	0.80617	2	30.64191	24
2	--	1.843895	1.85354	1	32.48581	25
1	--	3.996615	2.379721	2	34.86553	26
2	--	1.643196	1.848374	1	36.50873	27
1	--	2.945267	4.112404	0	39.454	28

test #21
2	--	1.92566	1.717262	3	1.71726	1
3	--	1.045699	1.08439	2	2.76296	2
2	--	2.143442	2.482176	1	4.9064	3
1	--	1.806588	2.627839	0	6.71299	4

test #22
2	--	1.439006	1.595239	1	1.43901	1
1	--	3.650044	3.382665	2	4.82167	2
2	--	1.186037	1.876328	1	6.00771	3
1	--	2.630056	2.762074	0	8.63777	4

test #23
2	--	1.222379	1.229995	1	1.22238	1
1	--	4.4741	4.152928	2	5.37531	2
2	--	0.993544	1.825828	1	6.36885	3
1	--	2.871147	2.371005	2	8.73985	4
2	--	2.540367	1.180639	3	9.92049	5
3	--	1.199033	0.762977	4	10.68347	6
4	--	1.147119	1.284277	3	11.83059	7
3	--	0.795214	0.845121	2	12.6258	8
2	--	1.257839	1.172685	3	13.79848	9
3	--	0.794102	1.257603	2	14.59258	10
2	--	1.962239	1.467315	3	16.05989	11
3	--	1.342107	1.33569	4	17.39558	12
4	--	0.818761	1.603835	3	18.21434	13
3	--	1.016054	1.088478	2	19.23039	14
2	--	1.223035	1.413414	1	20.45343	15
1	--	2.426728	3.257557	0	22.88016	16

test #24
2	--	2.551571	2.263352	3	2.26335	1
3	--	1.568897	1.085108	4	3.34846	2
4	--	0.985384	0.635007	5	3.98347	3
5	--	0.834707	1.235595	4	4.81818	4
4	--	1.057252	0.726463	5	5.54464	5
5	--	1.165457	1.571687	4	6.7101	6
4	--	1.754348	0.924319	5	7.63442	7
5	--	1.284573	1.320779	4	8.91899	8
4	--	0.702248	0.720809	3	9.62124	9
3	--	1.6059	0.983208	4	10.60445	10
4	--	1.075713	1.105343	3	11.68016	11
3	--	2.015283	1.365953	4	13.04611	12
4	--	0.960131	1.687789	3	14.00624	13
3	--	0.97142	1.671162	2	14.97766	14
2	--	1.441333	1.641933	1	16.41899	15
1	--	2.238627	3.244882	0	18.65762	16

test #25
2	--	2.642592	1.459553	3	1.45955	1
3	--	0.913258	0.937081	2	2.37281	2
2	--	2.23134	2.433989	1	4.60415	3
1	--	4.044121	3.600922	2	8.20507	4
2	--	1.464003	2.307729	1	9.66907	5
1	--	2.790085	1.869073	2	11.53814	6
2	--	1.524653	1.461131	3	12.99927	7
3	--	1.789017	1.435326	4	14.4346	8
4	--	1.249985	1.119889	5	15.55449	9
5	--	1.513363	1.354898	6	16.90939	10
6	--	0.919451	0.875438	7	17.78483	11
7	--	0.89134	0.83182	8	18.61665	12
8	--	2.341278	1.384161	9	20.00081	13
9	--	2.952728	2.184347	10	22.18516	14

test #26
2	--	2.628586	1.369294	3	1.36929	1
3	--	1.750775	1.644292	4	3.01358	2
4	--	0.978866	1.129675	3	3.99245	3
3	--	1.194823	1.339762	2	5.18727	4
2	--	2.064109	1.095005	3	6.28228	5
3	--	1.518982	1.485839	4	7.76812	6
4	--	0.956852	0.938494	5	8.70661	7
5	--	1.662941	1.163959	6	9.87057	8
6	--	1.310454	1.052045	7	10.92261	9
7	--	1.451338	1.024815	8	11.94743	10
8	--	0.988201	1.344863	7	12.93563	11
7	--	1.221639	1.896001	6	14.15727	12
6	--	1.434229	1.08968	7	15.24695	13
7	--	1.518787	0.746684	8	15.99363	14
8	--	1.193546	1.740346	7	17.18718	15
7	--	0.922974	1.324313	6	18.11015	16
6	--	1.355095	0.777499	7	18.88765	17
7	--	1.679559	1.708038	6	20.56721	18
6	--	1.30333	1.15078	7	21.71799	19
7	--	1.991719	2.026927	6	23.70971	20
6	--	1.3202	1.102764	7	24.81247	21
7	--	1.803902	1.427916	8	26.24039	22
8	--	1.274071	2.284663	7	27.51446	23
7	--	0.807238	0.842195	6	28.3217	24
6	--	1.218174	1.434824	5	29.53987	25
5	--	1.342092	0.991809	6	30.53168	26
6	--	1.262785	1.040978	7	31.57266	27
7	--	1.398234	1.509305	6	32.97089	28
6	--	0.886839	1.612165	5	33.85773	29
5	--	1.613524	0.627038	6	34.48477	30
6	--	1.141402	1.093622	7	35.57839	31
7	--	1.066627	1.258764	6	36.64502	32
6	--	1.310373	0.658911	7	37.30393	33
7	--	2.032964	1.007409	8	38.31134	34
8	--	1.893147	1.830019	9	40.14136	35
9	--	4.00854	2.02254	10	42.1639	36

test #27
2	--	1.966973	1.737495	3	1.7375	1
3	--	1.214987	1.274443	2	2.95249	2
2	--	0.974502	1.548097	1	3.92699	3
1	--	4.680306	3.571823	2	7.49881	4
2	--	1.479283	2.137555	1	8.97809	5
1	--	2.412355	2.90437	0	11.39044	6

test #28
2	--	2.550791	1.108978	3	1.10898	1
3	--	1.376468	1.412615	2	2.48545	2
2	--	1.356635	1.894769	1	3.84209	3
1	--	2.711792	2.478593	2	6.32068	4
2	--	1.938865	1.962959	1	8.25955	5
1	--	4.00609	2.667389	2	10.92694	6
2	--	1.90426	1.78248	3	12.70942	7
3	--	1.437052	1.408511	4	14.11793	8
4	--	1.175116	1.524121	3	15.29305	9
3	--	1.170367	0.870709	4	16.16376	10
4	--	1.575379	0.791616	5	16.95538	11
5	--	0.821209	1.269063	4	17.77659	12
4	--	0.848528	0.952939	3	18.62512	13
3	--	0.90847	1.127538	2	19.53359	14
2	--	2.632571	2.362777	3	21.89637	15
3	--	0.973986	1.024599	2	22.87036	16
2	--	1.275778	1.011955	3	23.88231	17
3	--	1.559409	0.746507	4	24.62882	18
4	--	1.119547	1.763328	3	25.74837	19
3	--	1.290084	0.765803	4	26.51417	20
4	--	1.052823	0.658445	5	27.17261	21
5	--	1.197702	0.865065	6	28.03767	22
6	--	1.301018	0.844185	7	28.88185	23
7	--	1.650137	1.209307	8	30.09116	24
8	--	1.612479	1.91037	7	31.70364	25
7	--	1.301455	1.542606	6	33.0051	26
6	--	1.452757	0.692723	7	33.69782	27
7	--	0.791962	1.878268	6	34.48978	28
6	--	1.049936	1.527012	5	35.53972	29
5	--	1.144294	1.082731	6	36.62245	30
6	--	0.81944	1.045575	5	37.44189	31
5	--	1.090244	0.914658	6	38.35655	32
6	--	1.494757	0.773397	7	39.12995	33
7	--	1.324063	0.752582	8	39.88253	34
8	--	2.134884	1.438936	9	41.32147	35
9	--	1.751563	3.504956	8	43.07303	36
8	--	1.103607	2.071231	7	44.17664	37
7	--	0.84745	1.564376	6	45.02409	38
6	--	0.963946	1.150608	5	45.98804	39
5	--	1.053556	0.736883	6	46.72492	40
6	--	0.661175	1.27973	5	47.38609	41
5	--	1.024199	1.304904	4	48.41029	42
4	--	1.236496	1.553226	3	49.64679	43
3	--	1.603068	1.785517	2	51.24986	44
2	--	1.890578	1.170572	3	52.42043	45
3	--	1.06087	0.874741	4	53.29517	46
4	--	0.944184	0.787885	5	54.08305	47
5	--	1.220036	0.926771	6	55.00982	48
6	--	0.880001	0.770478	7	55.7803	49
7	--	1.096223	1.099484	6	56.87652	50
6	--	0.671555	0.662352	7	57.53887	51
7	--	1.132351	1.625561	6	58.67122	52
6	--	0.914431	0.825861	7	59.49708	53
7	--	1.952191	1.565531	8	61.06261	54
8	--	1.355615	2.249948	7	62.41823	55
7	--	1.002765	1.508754	6	63.42099	56
6	--	0.712334	1.317564	5	64.13332	57
5	--	0.902751	0.698578	6	64.8319	58
6	--	0.763709	0.702201	7	65.5341	59
7	--	1.053822	1.419527	6	66.58792	60
6	--	1.375	1.167633	7	67.75555	61
7	--	1.835255	1.238403	8	68.99395	62
8	--	2.64973	1.018136	9	70.01209	63
9	--	2.323697	3.115463	8	72.33579	64
8	--	2.587484	2.638312	7	74.92327	65
7	--	1.834538	1.250289	8	76.17356	66
8	--	1.042528	1.609288	7	77.21609	67
7	--	1.374112	1.909042	6	78.5902	68
6	--	1.775486	0.68272	7	79.27292	69
7	--	1.316056	1.031293	8	80.30421	70
8	--	1.763598	1.428132	9	81.73234	71
9	--	3.873954	2.000361	10	83.7327	72

test #29
2	--	1.743249	1.480892	3	1.48089	1
3	--	1.455463	1.096777	4	2.57767	2
4	--	1.73091	0.842327	5	3.42	3
5	--	1.57972	1.448704	6	4.8687	4
6	--	1.453399	0.952621	7	5.82132	5
7	--	0.983361	1.923907	6	6.80468	6
6	--	1.471937	0.656653	7	7.46133	7
7	--	1.768116	1.187715	8	8.64905	8
8	--	1.491582	2.228139	7	10.14063	9
7	--	1.025206	1.049088	6	11.16584	10
6	--	0.892714	0.899556	5	12.05855	11
5	--	0.650483	1.600787	4	12.70903	12
4	--	1.286299	1.676786	3	13.99533	13
3	--	1.507395	0.996067	4	14.9914	14
4	--	1.564951	0.77902	5	15.77042	15
5	--	1.264972	1.284005	4	17.03539	16
4	--	0.636398	1.553326	3	17.67179	17
3	--	1.418095	1.265445	4	18.93723	18
4	--	1.632519	0.787728	5	19.72496	19
5	--	0.780148	1.045916	4	20.50511	20
4	--	1.702582	1.646321	5	22.15143	21
5	--	1.068821	0.88325	6	23.03468	22
6	--	0.645545	0.900229	5	23.68023	23
5	--	1.436218	0.797656	6	24.47789	24
6	--	1.733517	1.400548	7	25.87844	25
7	--	1.966206	1.62948	8	27.50792	26
8	--	2.384349	1.740612	9	29.24853	27
9	--	2.724529	2.573557	10	31.82209	28

test #30
2	--	1.298643	1.43169	1	1.29864	1
1	--	3.107913	3.944911	0	4.40655	2

test #31
2	--	1.929837	1.020088	3	1.02009	1
3	--	1.510394	1.333817	4	2.35391	2
4	--	0.733704	0.860956	3	3.08761	3
3	--	1.098232	0.850338	4	3.93795	4
4	--	1.226276	0.987521	5	4.92547	5
5	--	1.545571	1.234458	6	6.15993	6
6	--	1.049929	1.325749	5	7.20986	7
5	--	1.088482	1.217887	4	8.29834	8
4	--	0.861859	0.761235	5	9.05957	9
5	--	0.985261	1.095454	4	10.04483	10
4	--	0.873567	1.031435	3	10.9184	11
3	--	0.746311	1.144998	2	11.66471	12
2	--	1.215266	1.27106	1	12.87998	13
1	--	2.541448	3.496399	0	15.42143	14

test #32
2	--	0.97337	1.691979	1	0.97337	1
1	--	1.79962	2.535399	0	2.77299	2

test #33
2	--	2.380001	1.976613	3	1.97661	1
3	--	0.976704	0.924059	4	2.90067	2
4	--	1.107334	1.337508	3	4.008	3
3	--	1.983408	0.814491	4	4.82249	4
4	--	1.360508	1.377648	3	6.183	5
3	--	0.776926	1.761753	2	6.95993	6
2	--	2.190306	1.944906	3	8.90484	7
3	--	1.648948	1.735957	2	10.55379	8
2	--	1.195048	1.716295	1	11.74884	9
1	--	1.968564	1.769411	2	13.51825	10
2	--	2.398716	2.010386	3	15.52864	11
3	--	1.698351	0.90874	4	16.43738	12
4	--	0.706155	0.737297	3	17.14353	13
3	--	1.304249	0.867498	4	18.01103	14
4	--	1.165769	1.492623	3	19.1768	15
3	--	1.51159	0.800152	4	19.97695	16
4	--	0.876493	1.647175	3	20.85344	17
3	--	1.596581	1.692302	2	22.45002	18
2	--	0.961198	1.037458	1	23.41122	19
1	--	4.103318	3.217264	2	26.62848	20
2	--	1.064595	1.922037	1	27.69307	21
1	--	3.128793	3.343135	0	30.82186	22

test #34
2	--	1.686221	2.315116	1	1.68622	1
1	--	2.956787	3.143423	0	4.64301	2

test #35
2	--	1.432001	2.002484	1	1.432	1
1	--	1.878674	4.722343	0	3.31067	2

test #36
2	--	1.09055	1.377732	1	1.09055	1
1	--	3.853438	2.003847	2	3.0944	2
2	--	1.147344	2.315547	1	4.24174	3
1	--	2.018841	2.660076	0	6.26058	4

test #37
2	--	1.619997	2.050712	1	1.62	1
1	--	2.493882	2.336828	2	3.95683	2
2	--	0.96006	1.785335	1	4.91689	3
1	--	4.688472	4.396753	2	9.31364	4
2	--	2.482247	1.976895	3	11.29054	5
3	--	1.052792	0.863444	4	12.15398	6
4	--	1.531261	1.432615	5	13.58659	7
5	--	1.568661	1.214843	6	14.80143	8
6	--	1.241345	1.564607	5	16.04277	9
5	--	0.695268	1.442963	4	16.73804	10
4	--	0.988944	0.82648	5	17.56452	11
5	--	1.613639	0.816099	6	18.38062	12
6	--	1.065196	0.701103	7	19.08172	13
7	--	1.166761	0.771924	8	19.85364	14
8	--	1.011683	2.429169	7	20.86532	15
7	--	1.090457	1.567627	6	21.95578	16
6	--	0.878771	0.883929	5	22.83455	17
5	--	0.741589	0.856729	4	23.57614	18
4	--	0.851071	1.120901	3	24.42721	19
3	--	0.975688	0.824218	4	25.25143	20
4	--	0.872841	0.761168	5	26.0126	21
5	--	1.624623	1.313704	6	27.3263	22
6	--	1.384224	1.413116	5	28.71052	23
5	--	1.211176	1.145384	6	29.8559	24
6	--	1.354026	0.803462	7	30.65936	25
7	--	0.987717	0.995577	6	31.64708	26
6	--	1.377465	1.287212	7	32.93429	27
7	--	1.119373	1.918098	6	34.05366	28
6	--	1.243194	1.016767	7	35.07043	29
7	--	1.521383	1.532486	6	36.59181	30
6	--	0.876282	1.266717	5	37.46809	31
5	--	1.534597	0.612613	6	38.0807	32
6	--	1.321362	1.09509	7	39.17579	33
7	--	1.13871	1.623953	6	40.3145	34
6	--	1.728329	1.453796	7	41.7683	35
7	--	1.846576	1.087631	8	42.85593	36
8	--	1.525648	2.443743	7	44.38158	37
7	--	1.344343	1.862449	6	45.72592	38
6	--	1.224702	0.742181	7	46.4681	39
7	--	1.109044	1.665621	6	47.57714	40
6	--	0.963633	0.751006	7	48.32815	41
7	--	0.908092	1.06669	6	49.23624	42
6	--	1.056471	1.752905	5	50.29271	43
5	--	1.591816	0.841401	6	51.13411	44
6	--	0.927108	1.398274	5	52.06122	45
5	--	1.289439	0.675207	6	52.73643	46
6	--	1.141498	0.725603	7	53.46203	47
7	--	1.216167	0.869266	8	54.3313	48
8	--	1.748269	2.171195	7	56.07957	49
7	--	1.38051	0.789985	8	56.86956	50
8	--	2.458946	1.378244	9	58.2478	51
9	--	2.828867	2.696661	10	60.94446	52

test #38
2	--	1.146699	2.060385	1	1.1467	1
1	--	2.457194	2.410713	2	3.55741	2
2	--	1.003676	1.181087	1	4.56109	3
1	--	4.717747	1.718893	2	6.27998	4
2	--	1.142647	2.579704	1	7.42263	5
1	--	3.772139	2.602178	2	10.02481	6
2	--	1.429708	1.38	3	11.40481	7
3	--	0.988546	1.565699	2	12.39336	8
2	--	1.027523	2.03071	1	13.42088	9
1	--	1.868858	2.600579	0	15.28974	10

test #39
2	--	2.515414	1.718047	3	1.71805	1
3	--	1.544941	1.159292	4	2.87734	2
4	--	1.120901	1.706997	3	3.99824	3
3	--	0.732703	1.306355	2	4.73094	4
2	--	2.211061	1.419953	3	6.15089	5
3	--	0.89751	1.351292	2	7.0484	6
2	--	1.319867	2.270327	1	8.36827	7
1	--	3.426864	3.004768	2	11.37304	8
2	--	1.529567	1.840961	1	12.90261	9
1	--	2.302057	3.442212	0	15.20467	10

test #40
2	--	1.641663	2.297794	1	1.64166	1
1	--	2.750364	3.29364	0	4.39202	2

test #41
2	--	1.872727	1.980083	1	1.87273	1
1	--	2.971329	2.304454	2	4.17718	2
2	--	1.737456	1.808718	1	5.91464	3
1	--	1.745499	3.771332	0	7.66014	4

test #42
2	--	1.236851	2.084546	1	1.23685	1
1	--	3.430559	4.209669	0	4.66741	2

test #43
2	--	1.630605	1.306948	3	1.30695	1
3	--	0.883644	1.987814	2	2.19059	2
2	--	2.050435	2.320147	1	4.24102	3
1	--	2.650157	4.014988	0	6.89118	4

test #44
2	--	2.451345	1.138361	3	1.13836	1
3	--	1.4122	1.513177	2	2.55056	2
2	--	2.217553	1.265828	3	3.81639	3
3	--	1.581108	1.674725	2	5.3975	4
2	--	1.588862	1.058874	3	6.45637	5
3	--	0.728517	0.870428	2	7.18489	6
2	--	1.11813	1.241583	1	8.30302	7
1	--	2.478887	3.379427	0	10.78191	8

test #45
2	--	1.173421	1.282254	1	1.17342	1
1	--	1.744676	2.224289	0	2.9181	2

test #46
2	--	1.893912	1.617195	3	1.61719	1
3	--	1.533573	1.420823	4	3.03801	2
4	--	0.697137	1.100675	3	3.73515	3
3	--	1.453219	0.980153	4	4.7153	4
4	--	1.449183	1.241179	5	5.95648	5
5	--	0.656434	1.680544	4	6.61291	6
4	--	0.657022	1.048291	3	7.26993	7
3	--	1.259567	1.304233	2	8.5295	8
2	--	2.379431	1.049575	3	9.57907	9
3	--	1.965136	0.963507	4	10.54258	10
4	--	0.717108	0.877894	3	11.25969	11
3	--	0.742957	1.01136	2	12.00265	12
2	--	1.841825	2.085886	1	13.84448	13
1	--	1.871704	1.903929	0	15.71618	14

test #47
2	--	1.671502	1.273813	3	1.27381	1
3	--	2.020186	0.93728	4	2.21109	2
4	--	1.641853	0.974523	5	3.18561	3
5	--	0.875466	0.741232	6	3.92684	4
6	--	0.768501	1.328919	5	4.69534	5
5	--	1.507131	1.491959	6	6.1873	6
6	--	1.696144	1.483659	7	7.67096	7
7	--	1.583383	1.143406	8	8.81437	8
8	--	1.223387	1.751361	7	10.03776	9
7	--	1.253661	1.481527	6	11.29142	10
6	--	0.696385	1.747063	5	11.98781	11
5	--	0.834934	1.470084	4	12.82274	12
4	--	1.344599	1.009734	5	13.83247	13
5	--	0.783666	1.017354	4	14.61614	14
4	--	1.106342	1.019192	5	15.63533	15
5	--	1.572478	0.759098	6	16.39443	16
6	--	1.412388	0.869977	7	17.26441	17
7	--	0.744433	1.119526	6	18.00884	18
6	--	0.967921	1.025424	5	18.97676	19
5	--	0.815055	0.70381	6	19.68057	20
6	--	1.199614	1.079216	7	20.75979	21
7	--	1.568159	1.843149	6	22.32795	22
6	--	0.778628	0.84044	5	23.10658	23
5	--	1.389578	1.45088	4	24.49616	24
4	--	1.09995	1.073461	5	25.56962	25
5	--	0.881508	0.643624	6	26.21324	26
6	--	0.960184	0.655151	7	26.86839	27
7	--	2.024374	0.984624	8	27.85301	28
8	--	2.463757	1.176047	9	29.02906	29
9	--	3.912031	3.823355	10	32.85241	30

test #48
2	--	2.456559	2.658548	1	2.45656	1
1	--	2.466776	3.531973	0	4.92334	2

test #49
2	--	2.470957	1.773733	3	1.77373	1
3	--	1.019845	0.889282	4	2.66301	2
4	--	0.986565	1.0386	3	3.64958	3
3	--	1.318349	1.115692	4	4.76527	4
4	--	1.678606	1.728674	3	6.44388	5
3	--	1.01433	1.693231	2	7.45821	6
2	--	2.578091	2.255904	3	9.71411	7
3	--	1.815186	0.785113	4	10.49922	8
4	--	0.792649	0.669151	5	11.16837	9
5	--	0.717412	0.950249	4	11.88578	10
4	--	0.868623	1.190409	3	12.7544	11
3	--	1.995081	1.04808	4	13.80248	12
4	--	1.018677	1.302155	3	14.82116	13
3	--	1.948233	1.578087	4	16.39925	14
4	--	0.734179	1.158409	3	17.13343	15
3	--	1.605874	1.080523	4	18.21395	16
4	--	0.767109	1.061056	3	18.98106	17
3	--	1.333432	1.749216	2	20.31449	18
2	--	2.236771	2.24477	1	22.55126	19
1	--	3.743308	2.235366	2	24.78663	20
2	--	1.102605	1.750852	1	25.88924	21
1	--	1.968998	2.896218	0	27.85824	22

test #50
2	--	1.351314	1.462854	1	1.35131	1
1	--	1.775018	3.753254	0	3.12633	2

test #51
2	--	2.087344	1.928444	3	1.92844	1
3	--	1.167152	0.954264	4	2.8827	2
4	--	0.970716	0.665174	5	3.54787	3
5	--	0.766326	0.784718	4	4.3142	4
4	--	1.47908	0.654404	5	4.9686	5
5	--	0.838301	1.007109	4	5.8069	6
4	--	0.919516	1.489197	3	6.72642	7
3	--	0.852652	0.90652	2	7.57907	8
2	--	1.639709	2.326575	1	9.21878	9
1	--	2.444779	2.792546	0	11.66356	10

test #52
2	--	1.489963	1.55729	1	1.48996	1
1	--	3.024305	2.880286	2	4.37025	2
2	--	1.483846	1.478962	3	5.84921	3
3	--	1.01358	1.152375	2	6.86279	4
2	--	2.247258	1.392329	3	8.25512	5
3	--	1.791402	1.922632	2	10.04652	6
2	--	1.636589	1.140895	3	11.18741	7
3	--	1.37409	1.188181	4	12.37559	8
4	--	1.621922	0.91713	5	13.29272	9
5	--	1.34984	0.93707	6	14.22979	10
6	--	1.757575	1.630798	7	15.86059	11
7	--	1.900109	1.226849	8	17.08744	12
8	--	1.497648	2.207311	7	18.58509	13
7	--	1.774325	1.732501	8	20.31759	14
8	--	1.895633	1.076119	9	21.39371	15
9	--	2.906873	3.707822	8	24.30058	16
8	--	2.439241	1.204873	9	25.50545	17
9	--	2.537086	3.027945	8	28.04254	18
8	--	2.147471	2.630012	7	30.19001	19
7	--	1.629526	1.010384	8	31.20039	20
8	--	1.438367	2.431838	7	32.63876	21
7	--	1.006211	1.042581	6	33.64497	22
6	--	1.413897	0.845781	7	34.49075	23
7	--	1.209904	0.851579	8	35.34233	24
8	--	1.893925	1.313869	9	36.6562	25
9	--	2.728126	2.019943	10	38.67614	26

test #53
2	--	2.612548	2.42276	3	2.42276	1
3	--	1.4945	1.850995	2	3.91726	2
2	--	1.759434	2.568947	1	5.67669	3
1	--	1.883684	3.316828	0	7.56037	4

test #54
2	--	1.969455	1.333182	3	1.33318	1
3	--	1.370477	0.914042	4	2.24722	2
4	--	1.761384	0.685138	5	2.93236	3
5	--	0.776282	1.518378	4	3.70864	4
4	--	1.523964	1.465232	5	5.17387	5
5	--	0.847165	0.917448	4	6.02103	6
4	--	0.982206	0.748209	5	6.76924	7
5	--	0.69815	1.106216	4	7.46739	8
4	--	0.941491	1.659805	3	8.40888	9
3	--	1.361129	0.864019	4	9.2729	10
4	--	1.083905	1.550456	3	10.3568	11
3	--	1.474237	1.92155	2	11.83104	12
2	--	2.352293	1.96338	3	13.79442	13
3	--	0.792862	0.803146	2	14.58728	14
2	--	1.817246	1.922883	1	16.40453	15
1	--	4.019483	3.038427	2	19.44296	16
2	--	1.79154	1.707957	3	21.15092	17
3	--	1.071076	1.639205	2	22.222	18
2	--	2.290147	1.586694	3	23.80869	19
3	--	0.880794	1.328303	2	24.68948	20
2	--	0.99274	1.381649	1	25.68222	21
1	--	2.367178	3.936625	0	28.0494	22

test #55
2	--	2.618256	1.224474	3	1.22447	1
3	--	0.950264	0.809849	4	2.03432	2
4	--	1.296593	1.098362	5	3.13268	3
5	--	1.500537	0.925235	6	4.05792	4
6	--	0.721225	1.369639	5	4.77915	5
5	--	0.900288	0.967118	4	5.67944	6
4	--	0.890219	1.742866	3	6.56966	7
3	--	1.493539	0.781303	4	7.35096	8
4	--	0.938249	0.805034	5	8.15599	9
5	--	0.995707	0.712933	6	8.86892	10
6	--	1.509139	0.930753	7	9.79967	11
7	--	1.61135	1.877188	6	11.41102	12
6	--	1.706612	1.278788	7	12.68981	13
7	--	0.878129	1.884457	6	13.56794	14
6	--	0.998704	0.862601	7	14.43054	15
7	--	2.035372	0.756949	8	15.18749	16
8	--	1.187241	0.991644	9	16.17913	17
9	--	3.615256	4.105386	8	19.79439	18
8	--	1.838024	2.536212	7	21.63241	19
7	--	0.860835	0.789944	8	22.42235	20
8	--	1.284093	1.568512	7	23.70644	21
7	--	1.301791	1.740324	6	25.00823	22
6	--	1.69189	1.108764	7	26.11699	23
7	--	1.96656	0.728764	8	26.84575	24
8	--	1.077591	2.198891	7	27.92334	25
7	--	1.213709	1.469418	6	29.13705	26
6	--	1.669373	0.758649	7	29.8957	27
7	--	1.985416	0.979347	8	30.87505	28
8	--	1.828469	1.707328	9	32.58238	29
9	--	3.732719	3.563423	10	36.1458	30

test #56
2	--	2.051583	1.787293	3	1.78729	1
3	--	0.779054	0.923502	2	2.56634	2
2	--	1.485121	1.980168	1	4.05146	3
1	--	2.953324	3.545235	0	7.00478	4

test #57
2	--	2.080313	1.554209	3	1.55421	1
3	--	1.938828	0.868081	4	2.42229	2
4	--	1.284668	0.809106	5	3.2314	3
5	--	1.212953	0.961818	6	4.19322	4
6	--	0.765713	0.786493	5	4.95893	5
5	--	0.67653	0.693922	4	5.63546	6
4	--	1.136655	0.905595	5	6.54106	7
5	--	0.795251	0.700778	6	7.24184	8
6	--	0.999868	0.989104	7	8.23094	9
7	--	1.020258	1.15842	6	9.2512	10
6	--	0.940317	1.100966	5	10.19152	11
5	--	1.170419	0.8811	6	11.07262	12
6	--	1.52038	1.324579	7	12.3972	13
7	--	0.985844	1.364881	6	13.38304	14
6	--	1.632104	1.621819	7	15.00486	15
7	--	1.131073	1.842526	6	16.13593	16
6	--	0.837328	1.326861	5	16.97326	17
5	--	0.775196	1.394593	4	17.74846	18
4	--	0.851942	1.381728	3	18.6004	19
3	--	1.620209	1.645341	2	20.22061	20
2	--	2.438393	1.838554	3	22.05916	21
3	--	1.16822	0.769336	4	22.8285	22
4	--	0.787997	0.841022	3	23.6165	23
3	--	0.807141	1.138271	2	24.42364	24
2	--	1.14294	1.634263	1	25.56658	25
1	--	3.938091	4.294106	0	29.50467	26

test #58
2	--	2.363876	1.463243	3	1.46324	1
3	--	0.870912	1.458356	2	2.33415	2
2	--	1.962017	1.312013	3	3.64616	3
3	--	1.358064	1.431551	2	5.00422	4
2	--	2.13571	1.213838	3	6.21806	5
3	--	0.833828	1.275008	2	7.05189	6
2	--	2.144188	1.001252	3	8.05314	7
3	--	1.595682	0.922494	4	8.97563	8
4	--	0.685728	1.364968	3	9.66136	9
3	--	0.841539	1.644831	2	10.5029	10
2	--	1.982407	1.606258	3	12.10916	11
3	--	0.850721	0.775361	4	12.88452	12
4	--	1.287382	1.680036	3	14.1719	13
3	--	1.642746	1.46834	4	15.64024	14
4	--	1.736333	0.97026	5	16.6105	15
5	--	1.435682	1.651722	4	18.04618	16
4	--	0.870231	0.82299	5	18.86917	17
5	--	1.69706	0.893975	6	19.76314	18
6	--	0.760822	0.986772	5	20.52396	19
5	--	1.192363	0.909292	6	21.43325	20
6	--	1.241328	1.233941	7	22.66719	21
7	--	0.942893	1.744027	6	23.61008	22
6	--	1.426657	1.37473	7	24.98481	23
7	--	0.775649	1.13258	6	25.76046	24
6	--	1.522156	1.369868	7	27.13033	25
7	--	1.32502	1.418467	6	28.45535	26
6	--	1.359689	1.212036	7	29.66739	27
7	--	0.785619	1.844576	6	30.45301	28
6	--	1.747114	0.808619	7	31.26163	29
7	--	0.944581	1.986929	6	32.20621	30
6	--	0.840974	0.930792	5	33.04718	31
5	--	1.337103	0.65008	6	33.69726	32
6	--	1.362171	0.767013	7	34.46427	33
7	--	1.287632	0.840734	8	35.305	34
8	--	1.62324	2.18357	7	36.92824	35
7	--	1.197677	0.957173	8	37.88541	36
8	--	1.082144	2.252802	7	38.96755	37
7	--	1.251653	0.883628	8	39.85118	38
8	--	1.320376	1.820365	7	41.17156	39
7	--	0.867574	1.083519	6	42.03913	40
6	--	0.748008	1.135046	5	42.78714	41
5	--	0.647092	0.779873	4	43.43423	42
4	--	1.048143	1.082054	3	44.48237	43
3	--	0.874881	1.568085	2	45.35725	44
2	--	2.009248	1.241104	3	46.59835	45
3	--	1.681823	0.743537	4	47.34189	46
4	--	0.669853	1.205392	3	48.01174	47
3	--	0.740144	1.10597	2	48.75188	48
2	--	2.146069	1.105656	3	49.85754	49
3	--	0.956383	0.933748	4	50.79129	50
4	--	1.259087	1.208875	5	52.00016	51
5	--	0.843207	0.641976	6	52.64214	52
6	--	0.980777	1.109717	5	53.62292	53
5	--	1.683116	1.459474	6	55.08239	54
6	--	0.667018	1.629454	5	55.74941	55
5	--	0.787086	0.921037	4	56.5365	56
4	--	0.890555	0.933679	3	57.42705	57
3	--	1.102823	1.977088	2	58.52987	58
2	--	1.208509	1.430733	1	59.73838	59
1	--	3.238339	2.852535	2	62.59092	60
2	--	1.211255	0.959253	3	63.55017	61
3	--	1.337419	1.017006	4	64.56718	62
4	--	1.613329	1.663928	3	66.18051	63
3	--	1.189733	1.120997	4	67.30151	64
4	--	1.04841	0.928181	5	68.22969	65
5	--	1.00882	0.667424	6	68.89711	66
6	--	1.52703	1.106451	7	70.00356	67
7	--	1.573774	1.770504	6	71.57733	68
6	--	1.615679	0.759347	7	72.33668	69
7	--	0.901986	1.282388	6	73.23867	70
6	--	0.837526	1.336237	5	74.0762	71
5	--	1.552508	0.930438	6	75.00664	72
6	--	1.363468	1.102067	7	76.10871	73
7	--	0.921006	1.803655	6	77.02972	74
6	--	0.766834	1.716387	5	77.79655	75
5	--	0.889951	0.828875	6	78.62543	76
6	--	0.933624	0.713601	7	79.33903	77
7	--	1.05001	1.739705	6	80.38904	78
6	--	1.310446	1.092267	7	81.48131	79
7	--	1.351048	1.100386	8	82.5817	80
8	--	1.683248	1.435733	9	84.01743	81
9	--	2.354095	1.761827	10	85.77926	82

test #59
2	--	1.313161	1.240404	3	1.2404	1
3	--	1.601665	1.268081	4	2.50848	2
4	--	1.109729	0.700814	5	3.20929	3
5	--	1.366996	1.394637	4	4.57629	4
4	--	1.1434	0.760116	5	5.33641	5
5	--	1.032606	1.213472	4	6.36902	6
4	--	0.673044	1.226274	3	7.04206	7
3	--	1.744206	1.013424	4	8.05548	8
4	--	1.042294	1.220799	3	9.09777	9
3	--	1.362791	1.955749	2	10.46056	10
2	--	2.248492	1.237423	3	11.69798	11
3	--	1.62073	0.84197	4	12.53995	12
4	--	1.458808	0.751189	5	13.29114	13
5	--	1.68316	1.666388	6	14.95753	14
6	--	0.661293	1.258527	5	15.61882	15
5	--	0.941213	1.167009	4	16.56003	16
4	--	0.94235	0.769225	5	17.32926	17
5	--	0.966069	1.546617	4	18.29533	18
4	--	1.452814	1.553157	3	19.74814	19
3	--	0.977093	1.111378	2	20.72523	20
2	--	2.370285	1.805791	3	22.53102	21
3	--	1.210428	0.792734	4	23.32375	22
4	--	0.745	1.289139	3	24.06875	23
3	--	0.853339	0.799877	4	24.86863	24
4	--	0.738247	1.276743	3	25.60688	25
3	--	1.704857	1.321385	4	26.92827	26
4	--	1.324902	1.436611	3	28.25317	27
3	--	1.23768	0.81541	4	29.06858	28
4	--	1.008906	1.778508	3	30.07749	29
3	--	1.67179	1.802157	2	31.74928	30
2	--	2.265792	1.007428	3	32.75671	31
3	--	1.093279	0.979487	4	33.7362	32
4	--	0.856959	1.102622	3	34.59316	33
3	--	1.652727	1.990868	2	36.24589	34
2	--	1.772435	1.220527	3	37.46642	35
3	--	0.826084	1.459085	2	38.2925	36
2	--	1.439408	2.00294	1	39.73191	37
1	--	2.660107	4.702655	0	42.39202	38

test #60
2	--	1.768197	1.503249	3	1.50325	1
3	--	0.799903	1.498911	2	2.30315	2
2	--	2.496541	1.694907	3	3.99806	3
3	--	1.237854	0.971893	4	4.96995	4
4	--	0.87486	1.304057	3	5.84481	5
3	--	0.849558	2.013504	2	6.69437	6
2	--	1.323583	1.336287	1	8.01795	7
1	--	1.816923	3.015606	0	9.83487	8

test #61
2	--	1.432281	1.747335	1	1.43228	1
1	--	3.120794	2.615745	2	4.04802	2
2	--	1.619552	2.043254	1	5.66757	3
1	--	3.419446	2.600059	2	8.26763	4
2	--	1.103095	2.388944	1	9.37072	5
1	--	1.803786	1.83588	0	11.17451	6

test #62
2	--	2.143811	1.851018	3	1.85102	1
3	--	0.900824	1.257741	2	2.75184	2
2	--	2.500796	2.470295	3	5.22214	3
3	--	1.325033	1.77402	2	6.54717	4
2	--	2.180112	2.38941	1	8.72728	5
1	--	2.852133	3.735672	0	11.57941	6

test #63
2	--	1.622669	1.965592	1	1.62267	1
1	--	3.840114	3.304127	2	4.9268	2
2	--	1.126307	1.719266	1	6.05311	3
1	--	3.3452	2.642628	2	8.69574	4
2	--	1.500433	2.128683	1	10.19617	5
1	--	2.146512	2.708183	0	12.34268	6

test #64
2	--	1.3153	2.073933	1	1.3153	1
1	--	3.769472	4.105388	0	5.08477	2

test #65
2	--	1.545947	1.946524	1	1.54595	1
1	--	2.693908	3.230213	0	4.23986	2

test #66
2	--	1.761458	1.508364	3	1.50836	1
3	--	1.588637	0.765101	4	2.27346	2
4	--	1.351967	1.021196	5	3.29466	3
5	--	1.582795	1.106388	6	4.40105	4
6	--	1.22753	0.72161	7	5.12266	5
7	--	1.519989	1.806789	6	6.64265	6
6	--	1.595387	0.903205	7	7.54586	7
7	--	1.902131	1.711258	8	9.25712	8
8	--	1.003683	2.408548	7	10.2608	9
7	--	1.929491	1.440728	8	11.70153	10
8	--	1.260172	2.577973	7	12.9617	11
7	--	1.323491	1.926801	6	14.28519	12
6	--	1.018185	1.148294	5	15.30337	13
5	--	0.661316	1.279074	4	15.96469	14
4	--	1.412913	1.640163	3	17.3776	15
3	--	1.918905	1.145568	4	18.52317	16
4	--	1.298197	0.844782	5	19.36795	17
5	--	0.681899	0.923218	4	20.04985	18
4	--	1.625992	1.527703	5	21.57755	19
5	--	1.588441	1.378723	6	22.95627	20
6	--	1.11348	1.588377	5	24.06975	21
5	--	0.917992	0.683077	6	24.75283	22
6	--	1.649768	1.508031	7	26.26086	23
7	--	1.121549	1.506442	6	27.38241	24
6	--	1.747023	1.286259	7	28.66867	25
7	--	1.099207	1.229055	6	29.76788	26
6	--	1.337765	1.512851	5	31.10565	27
5	--	1.549512	0.948103	6	32.05375	28
6	--	1.506668	0.702093	7	32.75584	29
7	--	1.908643	1.553786	8	34.30963	30
8	--	2.076928	1.84815	9	36.15778	31
9	--	2.956112	2.792525	10	38.9503	32

test #67
2	--	2.263816	2.115149	3	2.11515	1
3	--	1.048249	1.447483	2	3.1634	2
2	--	1.848173	2.23264	1	5.01157	3
1	--	3.987107	3.681028	2	8.6926	4
2	--	1.040688	1.930631	1	9.73329	5
1	--	4.716788	3.057233	2	12.79052	6
2	--	1.361584	1.916274	1	14.1521	7
1	--	2.885709	4.669831	0	17.03781	8

test #68
2	--	2.574465	1.484127	3	1.48413	1
3	--	0.974368	0.820516	4	2.30465	2
4	--	0.877993	1.444933	3	3.18264	3
3	--	1.400021	1.524264	2	4.58266	4
2	--	1.975435	1.907862	3	6.49052	5
3	--	1.773474	1.186335	4	7.67685	6
4	--	1.409004	1.352945	5	9.0298	7
5	--	1.485979	1.259773	6	10.28957	8
6	--	0.704697	0.968445	5	10.99427	9
5	--	1.149191	0.957997	6	11.95227	10
6	--	1.032018	1.734825	5	12.98429	11
5	--	0.970651	1.096563	4	13.95494	12
4	--	1.773316	0.985468	5	14.94041	13
5	--	1.620166	0.69584	6	15.63625	14
6	--	0.708355	1.317365	5	16.3446	15
5	--	1.245788	1.058616	6	17.40322	16
6	--	0.869203	1.733656	5	18.27242	17
5	--	0.921781	1.685083	4	19.1942	18
4	--	1.092099	0.833025	5	20.02723	19
5	--	0.666391	1.311149	4	20.69362	20
4	--	1.761528	0.852428	5	21.54605	21
5	--	1.585941	0.788452	6	22.3345	22
6	--	1.089601	0.962888	7	23.29739	23
7	--	1.363194	0.884932	8	24.18232	24
8	--	2.513637	2.356915	9	26.53923	25
9	--	2.397821	3.572878	8	28.93705	26
8	--	2.274846	2.616087	7	31.2119	27
7	--	1.259797	1.346944	6	32.4717	28
6	--	1.033394	1.449744	5	33.50509	29
5	--	0.661387	1.419873	4	34.16648	30
4	--	1.100996	1.666011	3	35.26748	31
3	--	1.532837	1.33011	4	36.59759	32
4	--	0.751541	0.948329	3	37.34913	33
3	--	0.894993	0.937941	2	38.24412	34
2	--	0.981507	1.969788	1	39.22563	35
1	--	4.084152	2.393777	2	41.61941	36
2	--	1.079936	1.500826	1	42.69935	37
1	--	3.346631	2.486887	2	45.18624	38
2	--	1.09382	2.375907	1	46.28006	39
1	--	4.073133	2.525552	2	48.80561	40
2	--	2.019026	2.152243	1	50.82464	41
1	--	3.528831	2.060638	2	52.88528	42
2	--	1.550292	1.319082	3	54.20436	43
3	--	0.800637	1.345675	2	55.005	44
2	--	1.812223	1.317732	3	56.32273	45
3	--	1.219864	1.992644	2	57.54259	46
2	--	2.503283	2.497931	3	60.04052	47
3	--	1.310367	1.199931	4	61.24045	48
4	--	1.596616	0.923729	5	62.16418	49
5	--	0.888175	1.669753	4	63.05236	50
4	--	1.232849	0.881626	5	63.93399	51
5	--	1.156387	0.742102	6	64.67609	52
6	--	0.635025	1.078793	5	65.31111	53
5	--	1.134435	0.90471	6	66.21582	54
6	--	1.425338	0.784054	7	66.99987	55
7	--	1.714418	1.661943	8	68.66181	56
8	--	1.596102	2.057968	7	70.25791	57
7	--	1.2444	0.943228	8	71.20114	58
8	--	1.337547	1.729189	7	72.53869	59
7	--	1.600222	1.734077	6	74.13891	60
6	--	1.524928	0.648235	7	74.78715	61
7	--	1.169308	1.060217	8	75.84737	62
8	--	1.216924	0.986131	9	76.8335	63
9	--	3.999483	2.800435	10	79.63393	64

test #69
2	--	1.898019	1.18116	3	1.18116	1
3	--	1.750314	1.281684	4	2.46284	2
4	--	0.778776	1.651563	3	3.24162	3
3	--	0.831264	1.464719	2	4.07288	4
2	--	1.125873	1.241096	1	5.19875	5
1	--	3.80699	3.232925	2	8.43167	6
2	--	1.625467	1.369016	3	9.80069	7
3	--	1.942443	1.425768	4	11.22646	8
4	--	0.915376	0.731455	5	11.95791	9
5	--	0.914383	1.601204	4	12.87229	10
4	--	1.240562	0.704413	5	13.5767	11
5	--	1.012137	1.083743	4	14.58884	12
4	--	1.293163	1.386259	3	15.882	13
3	--	1.407815	0.982891	4	16.86489	14
4	--	1.638215	1.326347	5	18.19124	15
5	--	0.958592	1.062764	4	19.14983	16
4	--	1.126334	1.60949	3	20.27616	17
3	--	1.886347	1.539481	4	21.81564	18
4	--	1.103184	1.638733	3	22.91882	19
3	--	0.96943	0.786215	4	23.70503	20
4	--	1.222072	1.030261	5	24.73529	21
5	--	1.437428	0.790225	6	25.52551	22
6	--	0.643239	1.656276	5	26.16875	23
5	--	1.118066	0.773985	6	26.94274	24
6	--	1.578149	0.697212	7	27.63995	25
7	--	1.124525	1.332538	6	28.76447	26
6	--	1.156184	1.225197	5	29.92065	27
5	--	0.988303	1.169345	4	30.90895	28
4	--	0.923552	1.11862	3	31.8325	29
3	--	1.374586	1.252558	4	33.08506	30
4	--	1.003704	0.671337	5	33.7564	31
5	--	0.664873	1.33433	4	34.42127	32
4	--	1.232543	1.58088	3	35.65381	33
3	--	1.260988	1.150527	4	36.80434	34
4	--	0.777472	0.779418	3	37.58181	35
3	--	1.642514	1.314722	4	38.89653	36
4	--	0.678551	1.223253	3	39.57508	37
3	--	0.73313	2.003172	2	40.30821	38
2	--	1.854017	2.121469	1	42.16223	39
1	--	2.469816	2.287217	2	44.44945	40
2	--	1.181148	1.227416	1	45.6306	41
1	--	2.035804	2.508423	0	47.6664	42

test #70
2	--	1.5301	2.073038	1	1.5301	1
1	--	2.003663	1.90928	2	3.43938	2
2	--	2.227214	1.130419	3	4.5698	3
3	--	1.127901	1.115961	4	5.68576	4
4	--	1.123574	1.606397	3	6.80933	5
3	--	1.379412	0.859675	4	7.669	6
4	--	1.106324	0.721258	5	8.39026	7
5	--	1.514774	1.156194	6	9.54645	8
6	--	0.722851	1.616476	5	10.2693	9
5	--	0.866827	0.662477	6	10.93178	10
6	--	1.078169	1.472019	5	12.00995	11
5	--	1.492269	0.636952	6	12.6469	12
6	--	1.024527	1.066254	5	13.67143	13
5	--	0.654625	1.451006	4	14.32606	14
4	--	0.669916	0.998292	3	14.99598	15
3	--	1.356528	1.745383	2	16.35251	16
2	--	2.010265	1.345232	3	17.69774	17
3	--	0.79983	1.981659	2	18.49757	18
2	--	1.056195	1.748078	1	19.55376	19
1	--	3.864994	3.270479	2	22.82424	20
2	--	1.931452	1.307267	3	24.13151	21
3	--	1.035733	1.029252	4	25.16076	22
4	--	1.207907	0.926211	5	26.08697	23
5	--	0.89864	0.899343	4	26.98561	24
4	--	1.206081	0.785116	5	27.77073	25
5	--	1.32663	0.779936	6	28.55067	26
6	--	0.762858	1.222764	5	29.31353	27
5	--	1.360641	0.852207	6	30.16574	28
6	--	1.20248	1.39081	5	31.36822	29
5	--	0.889442	1.566741	4	32.25766	30
4	--	1.38361	1.18473	5	33.44239	31
5	--	0.951072	0.862876	6	34.30527	32
6	--	1.514934	0.979511	7	35.28478	33
7	--	1.970277	0.801538	8	36.08632	34
8	--	1.978228	2.115406	7	38.06455	35
7	--	1.217948	1.48706	6	39.2825	36
6	--	1.452946	1.000075	7	40.28258	37
7	--	1.588041	1.072447	8	41.35503	38
8	--	1.747731	2.29032	7	43.10276	39
7	--	1.812269	1.422779	8	44.52554	40
8	--	2.052751	2.478689	7	46.57829	41
7	--	1.783661	1.730282	8	48.30857	42
8	--	0.969753	1.650055	7	49.27832	43
7	--	1.461173	1.365493	8	50.64381	44
8	--	1.141803	2.252222	7	51.78561	45
7	--	1.825191	1.736708	8	53.52232	46
8	--	1.35454	1.497333	7	54.87686	47
7	--	1.663625	1.050414	8	55.92727	48
8	--	1.068571	1.796233	7	56.99584	49
7	--	1.271486	0.941469	8	57.93731	50
8	--	2.39424	1.152507	9	59.08982	51
9	--	2.076876	2.53547	8	61.1667	52
8	--	1.907263	1.941747	7	63.07396	53
7	--	0.926636	2.012255	6	64.0006	54
6	--	0.9118	1.384114	5	64.9124	55
5	--	0.668999	0.639032	6	65.55143	56
6	--	1.301045	1.574869	5	66.85248	57
5	--	1.307475	0.84342	6	67.6959	58
6	--	1.724165	1.317889	7	69.01379	59
7	--	1.004536	1.378303	6	70.01833	60
6	--	1.568252	1.166817	7	71.18515	61
7	--	0.93345	1.940009	6	72.1186	62
6	--	1.252686	1.334541	5	73.37129	63
5	--	1.598958	0.751972	6	74.12326	64
6	--	0.884944	1.632118	5	75.0082	65
5	--	0.681332	1.571283	4	75.68953	66
4	--	1.101934	0.831033	5	76.52056	67
5	--	1.170465	0.712567	6	77.23313	68
6	--	1.470793	1.191827	7	78.42496	69
7	--	1.141947	1.4759	6	79.56691	70
6	--	1.236855	1.03971	7	80.60662	71
7	--	1.134947	1.281064	6	81.74157	72
6	--	1.031475	1.081145	5	82.77304	73
5	--	0.831089	1.044338	4	83.60413	74
4	--	0.811229	0.759394	5	84.36352	75
5	--	1.019501	0.711881	6	85.0754	76
6	--	0.771981	1.184117	5	85.84738	77
5	--	0.753606	0.703546	6	86.55093	78
6	--	1.743894	1.242183	7	87.79311	79
7	--	0.984466	1.798921	6	88.77758	80
6	--	1.322282	1.317678	7	90.09526	81
7	--	1.982936	1.434995	8	91.53026	82
8	--	1.783407	2.01845	7	93.31367	83
7	--	1.385473	1.242842	8	94.55651	84
8	--	1.681388	2.646408	7	96.2379	85
7	--	0.826757	1.980185	6	97.06466	86
6	--	1.077375	0.904584	7	97.96924	87
7	--	1.338407	1.197258	8	99.1665	88
8	--	1.858725	1.254892	9	100.42139	89
9	--	2.112658	1.930459	10	102.35185	90

test #71
2	--	2.396583	1.216636	3	1.21664	1
3	--	1.267221	1.197648	4	2.41429	2
4	--	1.383101	1.072441	5	3.48673	3
5	--	1.281954	0.727986	6	4.21472	4
6	--	0.700011	1.445671	5	4.91473	5
5	--	0.971453	0.841443	6	5.75617	6
6	--	1.098537	0.933006	7	6.68918	7
7	--	0.769004	1.243432	6	7.45818	8
6	--	1.32417	1.492344	5	8.78235	9
5	--	0.873984	1.219203	4	9.65633	10
4	--	1.461566	1.43376	5	11.09009	11
5	--	1.371832	1.198036	6	12.28813	12
6	--	0.810702	0.783544	7	13.07167	13
7	--	1.786379	0.780926	8	13.8526	14
8	--	1.926245	2.116749	7	15.77884	15
7	--	1.582534	1.95979	6	17.36137	16
6	--	1.61517	0.774557	7	18.13593	17
7	--	1.581386	1.465812	8	19.60174	18
8	--	1.449976	2.566532	7	21.05172	19
7	--	1.536864	1.904745	6	22.58858	20
6	--	1.455574	1.3079	7	23.89648	21
7	--	1.366089	0.868105	8	24.76459	22
8	--	2.362983	1.540174	9	26.30476	23
9	--	3.955527	2.664463	10	28.96922	24

test #72
2	--	2.181357	1.606241	3	1.60624	1
3	--	1.74207	1.078344	4	2.68458	2
4	--	1.030708	1.163879	3	3.71529	3
3	--	1.051287	1.520417	2	4.76658	4
2	--	1.046432	1.228166	1	5.81301	5
1	--	2.002727	4.710272	0	7.81574	6

test #73
2	--	1.158087	1.635419	1	1.15809	1
1	--	2.251184	2.029898	2	3.18799	2
2	--	1.973316	2.354458	1	5.16131	3
1	--	3.15899	2.594854	2	7.75616	4
2	--	1.601451	1.994419	1	9.35761	5
1	--	3.326945	2.308481	2	11.66609	6
2	--	2.066038	2.235298	1	13.73213	7
1	--	3.746582	2.572783	2	16.30491	8
2	--	2.538659	2.197091	3	18.502	9
3	--	1.822298	1.485994	4	19.98799	10
4	--	1.270356	0.904308	5	20.8923	11
5	--	1.574204	0.845226	6	21.73753	12
6	--	0.853786	1.301347	5	22.59132	13
5	--	0.826887	0.675762	6	23.26708	14
6	--	1.353421	1.671521	5	24.6205	15
5	--	0.925766	1.625206	4	25.54627	16
4	--	1.680798	1.23181	5	26.77808	17
5	--	1.059606	1.389268	4	27.83769	18
4	--	1.188144	0.705871	5	28.54356	19
5	--	1.260752	0.948201	6	29.49176	20
6	--	1.753814	1.055903	7	30.54766	21
7	--	1.327249	1.213475	8	31.76114	22
8	--	1.750053	1.615852	9	33.37699	23
9	--	2.444006	2.485506	8	35.821	24
8	--	2.483222	2.651352	7	38.30422	25
7	--	1.24848	0.831223	8	39.13544	26
8	--	2.035026	1.773161	9	40.9086	27
9	--	2.53092	3.984049	8	43.43952	28
8	--	1.274919	1.862006	7	44.71444	29
7	--	1.574237	1.132082	8	45.84652	30
8	--	1.780837	0.989853	9	46.83637	31
9	--	3.540216	3.14652	10	49.98289	32

test #74
2	--	2.486913	1.576612	3	1.57661	1
3	--	1.139071	1.236439	2	2.71568	2
2	--	1.092881	2.344532	1	3.80856	3
1	--	2.232634	3.960907	0	6.04119	4

test #75
2	--	0.961691	2.312405	1	0.96169	1
1	--	1.995949	2.622807	0	2.95764	2

test #76
2	--	1.080247	1.433623	1	1.08025	1
1	--	4.210636	2.345865	2	3.42611	2
2	--	2.292744	1.579049	3	5.00516	3
3	--	1.986086	0.998855	4	6.00402	4
4	--	1.413435	1.349885	5	7.35391	5
5	--	0.616059	1.076128	4	7.96997	6
4	--	1.64631	1.392547	5	9.36252	7
5	--	1.078986	1.072135	6	10.43466	8
6	--	1.418241	0.980522	7	11.41518	9
7	--	0.990533	1.982813	6	12.40571	10
6	--	1.482438	0.947203	7	13.35291	11
7	--	1.489474	0.966175	8	14.31909	12
8	--	2.105469	2.139464	7	16.42456	13
7	--	1.694255	1.033697	8	17.45826	14
8	--	1.997121	1.552598	9	19.01086	15
9	--	2.347137	4.111826	8	21.358	16
8	--	0.998886	2.159648	7	22.35689	17
7	--	1.922495	1.64295	8	23.99984	18
8	--	2.595264	1.129799	9	25.12964	19
9	--	3.114437	2.338144	10	27.46778	20

test #77
2	--	2.491559	2.587549	1	2.49156	1
1	--	2.158064	2.72382	0	4.64962	2

test #78
2	--	1.130223	0.976229	3	0.97623	1
3	--	0.731274	1.105069	2	1.7075	2
2	--	1.377235	2.339207	1	3.08473	3
1	--	2.179752	2.385683	0	5.26448	4

test #79
2	--	1.274955	1.012442	3	1.01244	1
3	--	1.636861	1.572021	4	2.58446	2
4	--	0.871578	0.753806	5	3.33827	3
5	--	1.066896	1.530242	4	4.40517	4
4	--	0.69755	0.970514	3	5.10272	5
3	--	1.300429	1.184439	4	6.28716	6
4	--	0.947209	1.326975	3	7.23437	7
3	--	1.063271	1.107245	2	8.29764	8
2	--	1.344289	2.643716	1	9.64193	9
1	--	2.908152	4.332228	0	12.55008	10

test #80
2	--	2.059045	0.995444	3	0.99544	1
3	--	1.00186	0.985756	4	1.9812	2
4	--	1.56667	0.942944	5	2.92414	3
5	--	1.459986	1.341203	6	4.26534	4
6	--	1.052466	0.69602	7	4.96136	5
7	--	0.771409	1.704279	6	5.73277	6
6	--	0.862948	1.106091	5	6.59572	7
5	--	0.90551	0.839775	6	7.4355	8
6	--	1.182931	1.607799	5	8.61843	9
5	--	0.692595	1.183488	4	9.31102	10
4	--	0.812391	0.911246	3	10.12341	11
3	--	1.808047	1.180239	4	11.30365	12
4	--	1.665465	0.661065	5	11.96472	13
5	--	0.728158	1.028798	4	12.69288	14
4	--	1.031254	1.324987	3	13.72413	15
3	--	1.565593	1.453071	4	15.1772	16
4	--	0.751791	1.449263	3	15.92899	17
3	--	0.862583	1.474774	2	16.79157	18
2	--	2.438829	1.787228	3	18.5788	19
3	--	1.058078	0.858224	4	19.43702	20
4	--	1.403475	0.963147	5	20.40017	21
5	--	0.907986	1.086361	4	21.30816	22
4	--	1.080598	0.720585	5	22.02875	23
5	--	1.305935	1.486245	4	23.33469	24
4	--	0.814759	0.941731	3	24.14945	25
3	--	1.207485	0.862011	4	25.01146	26
4	--	1.008902	1.087066	3	26.02036	27
3	--	1.378198	1.584132	2	27.39856	28
2	--	2.367445	1.991081	3	29.38964	29
3	--	0.766635	1.25189	2	30.15627	30
2	--	0.966563	1.60086	1	31.12283	31
1	--	3.447871	3.071387	2	34.19422	32
2	--	1.701071	1.451548	3	35.64577	33
3	--	0.931667	1.928303	2	36.57744	34
2	--	1.09876	2.077133	1	37.6762	35
1	--	3.726625	3.46493	2	41.14113	36
2	--	1.110782	1.338808	1	42.25191	37
1	--	2.392813	4.747585	0	44.64472	38

test #81
2	--	1.581176	2.323024	1	1.58118	1
1	--	4.644943	2.524906	2	4.10609	2
2	--	1.880873	2.668425	1	5.98696	3
1	--	3.233155	4.730231	0	9.22012	4

test #82
2	--	2.582386	1.219086	3	1.21909	1
3	--	1.118796	1.625321	2	2.33789	2
2	--	1.196988	1.214336	1	3.53488	3
1	--	1.765265	3.307687	0	5.30015	4

test #83
2	--	1.271332	1.46198	1	1.27133	1
1	--	2.345121	4.723312	0	3.61645	2

test #84
2	--	2.523861	1.609113	3	1.60911	1
3	--	1.129222	1.233899	2	2.73833	2
2	--	2.649927	1.9256	3	4.66393	3
3	--	1.609282	1.954695	2	6.27321	4
2	--	2.290398	1.619541	3	7.89275	5
3	--	1.808723	0.732764	4	8.62551	6
4	--	0.892808	1.441774	3	9.51832	7
3	--	1.18024	1.404271	2	10.69856	8
2	--	1.026117	1.481683	1	11.72468	9
1	--	3.626598	3.150327	2	14.87501	10
2	--	2.192923	1.715484	3	16.59049	11
3	--	1.172134	1.296386	2	17.76262	12
2	--	2.567137	1.240088	3	19.00271	13
3	--	1.071301	1.101146	2	20.07401	14
2	--	1.024115	1.975129	1	21.09813	15
1	--	3.391298	1.723228	2	22.82136	16
2	--	2.432177	1.746571	3	24.56793	17
3	--	1.00699	0.762415	4	25.33034	18
4	--	1.569975	1.303717	5	26.63406	19
5	--	1.558652	1.124872	6	27.75893	20
6	--	0.963323	1.580841	5	28.72225	21
5	--	1.194738	1.444608	4	29.91699	22
4	--	1.083362	0.905956	5	30.82295	23
5	--	1.119321	1.233797	4	31.94227	24
4	--	1.754323	0.7872	5	32.72947	25
5	--	1.68323	1.382467	6	34.11194	26
6	--	1.54122	1.395865	7	35.5078	27
7	--	1.51107	1.700432	6	37.01887	28
6	--	1.524205	0.928022	7	37.94689	29
7	--	1.496498	1.250986	8	39.19788	30
8	--	1.339541	1.094283	9	40.29216	31
9	--	3.281093	2.800863	10	43.09302	32

test #85
2	--	1.392946	1.888741	1	1.39295	1
1	--	3.448872	2.312965	2	3.70592	2
2	--	1.173185	1.530052	1	4.8791	3
1	--	3.258342	4.14306	0	8.13744	4

test #86
2	--	2.110004	2.593042	1	2.11	1
1	--	1.806396	1.752275	2	3.86228	2
2	--	2.47123	2.57904	1	6.33351	3
1	--	3.788432	2.590126	2	8.92364	4
2	--	1.259017	1.075094	3	9.99873	5
3	--	0.827991	1.976752	2	10.82672	6
2	--	1.503768	1.528749	1	12.33049	7
1	--	2.790681	3.063549	0	15.12117	8

test #87
2	--	1.922364	0.986457	3	0.98646	1
3	--	1.324487	0.903647	4	1.89011	2
4	--	0.690811	0.737116	3	2.58092	3
3	--	0.963204	1.884477	2	3.54412	4
2	--	1.599903	1.085535	3	4.62965	5
3	--	1.554474	0.806371	4	5.43602	6
4	--	1.170646	1.384918	3	6.60667	7
3	--	1.385405	2.03137	2	7.99207	8
2	--	2.186232	1.657214	3	9.64928	9
3	--	0.757043	1.223379	2	10.40632	10
2	--	1.418934	2.14906	1	11.82525	11
1	--	4.675043	3.004911	2	14.83016	12
2	--	1.446011	1.151898	3	15.98206	13
3	--	0.750845	0.950597	2	16.7329	14
2	--	1.991516	1.797245	3	18.53014	15
3	--	0.971423	1.050323	2	19.50156	16
2	--	1.791641	1.849311	1	21.2932	17
1	--	1.924805	2.258118	0	23.21801	18

test #88
2	--	1.255276	1.985049	1	1.25528	1
1	--	3.543153	2.044115	2	3.2994	2
2	--	2.261857	2.118573	3	5.41797	3
3	--	1.306409	1.797134	2	6.72438	4
2	--	2.171296	1.960764	3	8.68514	5
3	--	0.945778	1.217422	2	9.63092	6
2	--	1.984975	0.987331	3	10.61825	7
3	--	0.858281	1.989363	2	11.47653	8
2	--	2.253065	2.357941	1	13.72959	9
1	--	4.618378	2.907545	2	16.63713	10
2	--	1.611713	1.437317	3	18.07445	11
3	--	1.877098	0.870564	4	18.94501	12
4	--	1.079445	0.869521	5	19.81453	13
5	--	0.724269	1.276843	4	20.5388	14
4	--	0.961542	1.24191	3	21.50034	15
3	--	0.777282	1.882728	2	22.27762	16
2	--	1.451661	1.36874	3	23.64636	17
3	--	0.884976	1.486457	2	24.53134	18
2	--	1.757544	2.244604	1	26.28888	19
1	--	1.865024	2.526228	0	28.1539	20

test #89
2	--	1.976991	1.736565	3	1.73656	1
3	--	1.304006	0.997604	4	2.73416	2
4	--	1.463099	1.373789	5	4.10795	3
5	--	0.962638	1.073336	4	5.07059	4
4	--	0.666609	0.74959	3	5.7372	5
3	--	0.825458	0.824056	4	6.56126	6
4	--	0.915648	0.739647	5	7.30091	7
5	--	1.093146	1.016714	6	8.31762	8
6	--	1.208154	1.571778	5	9.52577	9
5	--	1.355027	0.705251	6	10.23102	10
6	--	0.654815	1.456478	5	10.88584	11
5	--	1.683181	1.590174	6	12.47601	12
6	--	0.992266	0.860772	7	13.33678	13
7	--	1.309462	1.230589	8	14.56737	14
8	--	1.450972	1.55491	7	16.01834	15
7	--	1.212517	1.302092	6	17.23086	16
6	--	1.179951	1.199861	5	18.41081	17
5	--	0.92454	1.274544	4	19.33535	18
4	--	1.762756	1.481963	5	20.81731	19
5	--	0.84747	1.441395	4	21.66478	20
4	--	1.239608	1.30818	3	22.90439	21
3	--	1.080908	1.704031	2	23.9853	22
2	--	1.006359	1.595057	1	24.99166	23
1	--	2.939387	2.756619	2	27.74828	24
2	--	1.479755	2.362953	1	29.22803	25
1	--	3.068291	4.084121	0	32.29632	26

test #90
2	--	1.428587	1.730329	1	1.42859	1
1	--	1.715081	2.317535	0	3.14367	2

test #91
2	--	1.19683	2.069916	1	1.19683	1
1	--	4.215312	3.349153	2	4.54598	2
2	--	2.276052	1.789789	3	6.33577	3
3	--	0.838932	1.846875	2	7.1747	4
2	--	1.715286	1.977943	1	8.88999	5
1	--	2.492736	2.684545	0	11.38273	6

test #92
2	--	1.379065	1.133865	3	1.13386	1
3	--	1.405697	0.763378	4	1.89724	2
4	--	0.954548	1.24762	3	2.85179	3
3	--	1.996334	0.956061	4	3.80785	4
4	--	1.252024	0.969505	5	4.77735	5
5	--	1.174055	1.323039	4	5.95141	6
4	--	0.827448	1.190442	3	6.77886	7
3	--	0.752083	1.082162	2	7.53094	8
2	--	2.40103	1.279846	3	8.81079	9
3	--	1.364345	0.902785	4	9.71357	10
4	--	1.325561	0.742769	5	10.45634	11
5	--	1.597054	1.000995	6	11.45734	12
6	--	0.642226	1.279719	5	12.09957	13
5	--	1.546274	1.079169	6	13.17874	14
6	--	1.405233	1.323222	7	14.50196	15
7	--	1.028557	0.826688	8	15.32865	16
8	--	2.581762	1.701237	9	17.02989	17
9	--	3.426108	3.164819	10	20.19471	18

test #93
2	--	1.014237	2.52636	1	1.01424	1
1	--	2.928746	2.433865	2	3.4481	2
2	--	1.811233	2.044413	1	5.25933	3
1	--	3.894985	2.595523	2	7.85485	4
2	--	1.735263	1.172291	3	9.02714	5
3	--	1.94644	1.306729	4	10.33387	6
4	--	0.90758	1.242749	3	11.24145	7
3	--	0.817309	1.062208	2	12.05876	8
2	--	1.027418	1.552152	1	13.08618	9
1	--	2.553964	3.138218	0	15.64014	10

test #94
2	--	2.30364	1.990791	3	1.99079	1
3	--	1.108159	0.73043	4	2.72122	2
4	--	0.734924	0.914894	3	3.45614	3
3	--	1.070504	1.362355	2	4.52664	4
2	--	1.822826	0.982183	3	5.50882	5
3	--	1.774757	1.19084	4	6.69966	6
4	--	1.338086	1.203196	5	7.90286	7
5	--	1.644917	1.341671	6	9.24453	8
6	--	1.641426	1.560221	7	10.80475	9
7	--	1.867686	1.660864	8	12.46561	10
8	--	1.833478	1.930048	7	14.29909	11
7	--	1.195008	0.739694	8	15.03878	12
8	--	2.494487	2.07211	9	17.11089	13
9	--	4.540337	3.259007	10	20.3699	14

test #95
2	--	1.728808	1.088624	3	1.08862	1
3	--	1.283383	1.420462	2	2.372	2
2	--	2.455657	1.75593	3	4.12793	3
3	--	1.60946	1.870299	2	5.73739	4
2	--	2.639574	1.138976	3	6.87637	5
3	--	1.546309	1.401757	4	8.27813	6
4	--	0.981053	0.723352	5	9.00148	7
5	--	0.849735	1.492741	4	9.85122	8
4	--	0.874496	0.804774	5	10.65599	9
5	--	1.59434	1.094677	6	11.75067	10
6	--	1.403749	1.609154	5	13.15442	11
5	--	1.494276	1.429685	6	14.58411	12
6	--	0.883865	0.756002	7	15.34011	13
7	--	1.07785	1.107425	6	16.41796	14
6	--	1.052608	0.936299	7	17.35426	15
7	--	0.995987	1.634741	6	18.35025	16
6	--	1.425602	0.718411	7	19.06866	17
7	--	1.936832	1.277703	8	20.34636	18
8	--	1.445731	1.563292	7	21.79209	19
7	--	1.23596	1.005527	8	22.79762	20
8	--	1.848455	1.962054	7	24.64607	21
7	--	1.657968	1.277021	8	25.92309	22
8	--	1.848152	1.582591	9	27.50568	23
9	--	2.452303	2.865182	8	29.95798	24
8	--	1.855219	1.087504	9	31.04548	25
9	--	1.940242	2.943368	8	32.98572	26
8	--	1.508055	2.23145	7	34.49377	27
7	--	1.250776	1.120137	8	35.61391	28
8	--	1.682452	2.018901	7	37.29636	29
7	--	0.96246	0.856813	8	38.15317	30
8	--	2.079712	1.313972	9	39.46714	31
9	--	3.588026	2.495759	10	41.9629	32

test #96
2	--	2.585081	1.777111	3	1.77711	1
3	--	0.744456	1.862035	2	2.52157	2
2	--	2.294575	2.203615	3	4.72519	3
3	--	0.76837	1.677849	2	5.49356	4
2	--	1.085985	2.526525	1	6.57954	5
1	--	2.931865	3.019831	0	9.51141	6

test #97
2	--	2.313151	1.356859	3	1.35686	1
3	--	1.107071	0.91505	4	2.27191	2
4	--	1.677192	1.622645	5	3.89455	3
5	--	1.174232	0.944667	6	4.83922	4
6	--	1.773189	0.798566	7	5.63779	5
7	--	1.336987	1.113546	8	6.75134	6
8	--	1.09891	2.315601	7	7.85025	7
7	--	1.17229	1.141725	8	8.99198	8
8	--	1.467409	1.266147	9	10.25813	9
9	--	4.62042	4.681995	8	14.87855	10
8	--	1.713569	1.29377	9	16.17232	11
9	--	4.258024	3.341333	10	19.51365	12

test #98
2	--	1.970437	1.870845	3	1.87085	1
3	--	2.019172	1.358877	4	3.22973	2
4	--	1.398132	0.821113	5	4.05084	3
5	--	1.43783	0.792736	6	4.84358	4
6	--	1.247371	1.117717	7	5.9613	5
7	--	1.466313	1.958275	6	7.42761	6
6	--	1.08222	1.681645	5	8.50983	7
5	--	0.611538	1.214196	4	9.12137	8
4	--	1.306279	1.161866	5	10.28324	9
5	--	1.288074	1.14508	6	11.42832	10
6	--	1.470676	1.403278	7	12.8316	11
7	--	1.691636	1.626443	8	14.45804	12
8	--	1.185254	1.772919	7	15.64329	13
7	--	0.942751	1.215825	6	16.58604	14
6	--	1.018112	0.952205	7	17.53824	15
7	--	0.949461	1.240338	6	18.4877	16
6	--	1.072449	0.733062	7	19.22076	17
7	--	1.898709	1.104898	8	20.32566	18
8	--	1.910693	1.535561	9	21.86122	19
9	--	3.359619	1.959676	10	23.8209	20

test #99
2	--	1.229546	1.948297	1	1.22955	1
1	--	3.98494	4.719215	0	5.21449	2
