N_times
i	r_arr		v_i_n	tau_i
0	[0.05072954]	0.03028	0.03323
1	[0.0469718]	0.03884	0.0596
2	[0.0142593]	0.01368	0.01766
3	[0.00814817]	0.00923	0.01059
4	[0.00679014]	0.00806	0.00829
5	[0.00760496]	0.00958	0.00898
6	[0.0112346]	0.01421	0.01379
7	[0.02246919]	0.02822	0.02737
8	[0.06654338]	0.08178	0.08499
9	[0.38024791]	0.41411	0.49163
10	[0.38500101]	0.35199	0.24386
N_avar=9367.0
T_avar=[2934.03278]

Average number of individs A1:
r_arr:[8.1944]
v_i_n_test:8.35796
tau_i_test:8.02227
Max_v_i_differ=0.40732
Max_tau_i_differ:0.48484
R_i_n2:=[ 293.  376.  132.   89.   77.   91.  134.  265.  762. 3863. 3285.]
v_i_n2:[0.03028 0.03884 0.01368 0.00923 0.00806 0.00958 0.01421 0.02822 0.08178
 0.41411 0.35199]
tau_i2:[0.03323 0.0596  0.01766 0.01059 0.00829 0.00898 0.01379 0.02737 0.08499
 0.49163 0.24386]
