N_times
i	r_arr		v_i_n	tau_i
0	[0.05072954]	0.02631	0.02949
1	[0.0469718]	0.03541	0.05585
2	[0.0142593]	0.01488	0.01906
3	[0.00814817]	0.01051	0.01148
4	[0.00679014]	0.00976	0.01002
5	[0.00760496]	0.01096	0.01053
6	[0.0112346]	0.01511	0.01489
7	[0.02246919]	0.0294	0.02854
8	[0.06654338]	0.08108	0.08561
9	[0.38024791]	0.41367	0.48771
10	[0.38500101]	0.35292	0.2468
N_avar=9133.0
T_avar=[2852.43979]

Average number of individs A1:
r_arr:[8.1944]
v_i_n_test:8.38787
tau_i_test:8.05253
Max_v_i_differ=0.40688
Max_tau_i_differ:0.48092
R_i_n2:=[ 242.  326.  137.   96.   89.  100.  138.  268.  740. 3776. 3221.]
v_i_n2:[0.02631 0.03541 0.01488 0.01051 0.00976 0.01096 0.01511 0.0294  0.08108
 0.41367 0.35292]
tau_i2:[0.02949 0.05585 0.01906 0.01148 0.01002 0.01053 0.01489 0.02854 0.08561
 0.48771 0.2468 ]
