N_times
i	r_arr		v_i_n	tau_i
0	[0.05072954]	0.03392	0.03691
1	[0.0469718]	0.04434	0.06679
2	[0.0142593]	0.01703	0.02196
3	[0.00814817]	0.01126	0.01227
4	[0.00679014]	0.00956	0.00957
5	[0.00760496]	0.01116	0.01106
6	[0.0112346]	0.01581	0.01528
7	[0.02246919]	0.03011	0.03007
8	[0.06654338]	0.08042	0.08584
9	[0.38024791]	0.40313	0.47188
10	[0.38500101]	0.34325	0.2384
N_avar=9609.0
T_avar=[3020.15562]

Average number of individs A1:
r_arr:[8.1944]
v_i_n_test:8.21588
tau_i_test:7.86091
Max_v_i_differ=0.39634
Max_tau_i_differ:0.46509
R_i_n2:=[ 327.  427.  164.  109.   92.  107.  151.  289.  772. 3872. 3297.]
v_i_n2:[0.03392 0.04434 0.01703 0.01126 0.00956 0.01116 0.01581 0.03011 0.08042
 0.40313 0.34325]
tau_i2:[0.03691 0.06679 0.02196 0.01227 0.00957 0.01106 0.01528 0.03007 0.08584
 0.47188 0.2384 ]
