N_times
i	r_arr		v_i_n	tau_i
0	[0.05072954]	0.02063	0.02228
1	[0.0469718]	0.02761	0.04379
2	[0.0142593]	0.01125	0.01431
3	[0.00814817]	0.00879	0.00969
4	[0.00679014]	0.00911	0.00933
5	[0.00760496]	0.00962	0.00968
6	[0.0112346]	0.01419	0.01375
7	[0.02246919]	0.02908	0.02886
8	[0.06654338]	0.08017	0.08621
9	[0.38024791]	0.42485	0.5024
10	[0.38500101]	0.36471	0.25971
N_avar=9044.0
T_avar=[2795.5624]

Average number of individs A1:
r_arr:[8.1944]
v_i_n_test:8.56183
tau_i_test:8.2801
Max_v_i_differ=0.41806
Max_tau_i_differ:0.49561
R_i_n2:=[ 198.  264.  107.   83.   85.   88.  129.  262.  723. 3824. 3281.]
v_i_n2:[0.02063 0.02761 0.01125 0.00879 0.00911 0.00962 0.01419 0.02908 0.08017
 0.42485 0.36471]
tau_i2:[0.02228 0.04379 0.01431 0.00969 0.00933 0.00968 0.01375 0.02886 0.08621
 0.5024  0.25971]
