N_times
i	r_arr		v_i_n	tau_i
0	[0.05072954]	0.0218	0.02432
1	[0.0469718]	0.02898	0.047
2	[0.0142593]	0.01101	0.01406
3	[0.00814817]	0.00726	0.00805
4	[0.00679014]	0.0066	0.00671
5	[0.00760496]	0.00802	0.00775
6	[0.0112346]	0.01385	0.01327
7	[0.02246919]	0.02951	0.0285
8	[0.06654338]	0.08344	0.08836
9	[0.38024791]	0.42623	0.50712
10	[0.38500101]	0.3633	0.25485
N_avar=9224.0
T_avar=[2857.10223]

Average number of individs A1:
r_arr:[8.1944]
v_i_n_test:8.56554
tau_i_test:8.26344
Max_v_i_differ=0.41944
Max_tau_i_differ:0.50033
R_i_n2:=[ 199.  265.  101.   66.   60.   74.  128.  272.  770. 3935. 3356.]
v_i_n2:[0.0218  0.02898 0.01101 0.00726 0.0066  0.00802 0.01385 0.02951 0.08344
 0.42623 0.3633 ]
tau_i2:[0.02432 0.047   0.01406 0.00805 0.00671 0.00775 0.01327 0.0285  0.08836
 0.50712 0.25485]
