N_times
i	r_arr		v_i_n	tau_i
0	[0.05072954]	0.03793	0.04128
1	[0.0469718]	0.04964	0.07717
2	[0.0142593]	0.01741	0.02169
3	[0.00814817]	0.01036	0.01127
4	[0.00679014]	0.00896	0.009
5	[0.00760496]	0.00916	0.00923
6	[0.0112346]	0.0144	0.01347
7	[0.02246919]	0.02807	0.02765
8	[0.06654338]	0.07841	0.08088
9	[0.38024791]	0.4027	0.47227
10	[0.38500101]	0.34295	0.23607
N_avar=9245.0
T_avar=[2906.30335]

Average number of individs A1:
r_arr:[8.1944]
v_i_n_test:8.16115
tau_i_test:7.76905
Max_v_i_differ=0.39591
Max_tau_i_differ:0.46548
R_i_n2:=[ 351.  459.  161.   96.   82.   85.  133.  259.  725. 3722. 3170.]
v_i_n2:[0.03793 0.04964 0.01741 0.01036 0.00896 0.00916 0.0144  0.02807 0.07841
 0.4027  0.34295]
tau_i2:[0.04128 0.07717 0.02169 0.01127 0.009   0.00923 0.01347 0.02765 0.08088
 0.47227 0.23607]
