N_times
i	r_arr		v_i_n	tau_i
0	[0.05072954]	0.03859	0.04327
1	[0.0469718]	0.05107	0.07816
2	[0.0142593]	0.01924	0.0234
3	[0.00814817]	0.01232	0.01341
4	[0.00679014]	0.01035	0.01037
5	[0.00760496]	0.01001	0.00962
6	[0.0112346]	0.01316	0.01246
7	[0.02246919]	0.02681	0.02549
8	[0.06654338]	0.07995	0.08154
9	[0.38024791]	0.3998	0.47104
10	[0.38500101]	0.33873	0.23125
N_avar=9527.0
T_avar=[3020.65825]

Average number of individs A1:
r_arr:[8.1944]
v_i_n_test:8.10969
tau_i_test:7.71214
Max_v_i_differ=0.39301
Max_tau_i_differ:0.46425
R_i_n2:=[ 367.  486.  183.  118.   99.   96.  126.  255.  762. 3811. 3228.]
v_i_n2:[0.03859 0.05107 0.01924 0.01232 0.01035 0.01001 0.01316 0.02681 0.07995
 0.3998  0.33873]
tau_i2:[0.04327 0.07816 0.0234  0.01341 0.01037 0.00962 0.01246 0.02549 0.08154
 0.47104 0.23125]
