N_times
i	r_arr		v_i_n	tau_i
0	[0.05072954]	0.03209	0.03541
1	[0.0469718]	0.0428	0.06982
2	[0.0142593]	0.01649	0.02095
3	[0.00814817]	0.01064	0.0122
4	[0.00679014]	0.01029	0.01084
5	[0.00760496]	0.01163	0.01166
6	[0.0112346]	0.01636	0.01567
7	[0.02246919]	0.02933	0.02905
8	[0.06654338]	0.07814	0.08087
9	[0.38024791]	0.40554	0.47062
10	[0.38500101]	0.34666	0.2429
N_avar=9638.0
T_avar=[2993.40836]

Average number of individs A1:
r_arr:[8.1944]
v_i_n_test:8.25206
tau_i_test:7.85889
Max_v_i_differ=0.39875
Max_tau_i_differ:0.46383
R_i_n2:=[ 308.  411.  159.  101.   99.  112.  158.  283.  753. 3909. 3342.]
v_i_n2:[0.03209 0.0428  0.01649 0.01064 0.01029 0.01163 0.01636 0.02933 0.07814
 0.40554 0.34666]
tau_i2:[0.03541 0.06982 0.02095 0.0122  0.01084 0.01166 0.01567 0.02905 0.08087
 0.47062 0.2429 ]
