N_times
i	r_arr		v_i_n	tau_i
0	[0.05072954]	0.01599	0.01786
1	[0.0469718]	0.02094	0.03308
2	[0.0142593]	0.00874	0.01191
3	[0.00814817]	0.00702	0.00799
4	[0.00679014]	0.00711	0.00723
5	[0.00760496]	0.0095	0.00934
6	[0.0112346]	0.0152	0.01473
7	[0.02246919]	0.02933	0.03005
8	[0.06654338]	0.08459	0.08891
9	[0.38024791]	0.43321	0.51821
10	[0.38500101]	0.36839	0.26068
N_avar=8979.0
T_avar=[2762.44576]

Average number of individs A1:
r_arr:[8.1944]
v_i_n_test:8.69144
tau_i_test:8.43719
Max_v_i_differ=0.42642
Max_tau_i_differ:0.51142
R_i_n2:=[ 144.  190.   79.   64.   65.   86.  138.  264.  758. 3888. 3307.]
v_i_n2:[0.01599 0.02094 0.00874 0.00702 0.00711 0.0095  0.0152  0.02933 0.08459
 0.43321 0.36839]
tau_i2:[0.01786 0.03308 0.01191 0.00799 0.00723 0.00934 0.01473 0.03005 0.08891
 0.51821 0.26068]
