N_times
i	r_arr		v_i_n	tau_i
0	[0.05072954]	0.03041	0.03442
1	[0.0469718]	0.04049	0.06472
2	[0.0142593]	0.01544	0.01982
3	[0.00814817]	0.00961	0.01062
4	[0.00679014]	0.00817	0.00844
5	[0.00760496]	0.00857	0.00845
6	[0.0112346]	0.01301	0.01255
7	[0.02246919]	0.02647	0.02631
8	[0.06654338]	0.07763	0.08113
9	[0.38024791]	0.41488	0.48329
10	[0.38500101]	0.35535	0.25025
N_avar=9154.0
T_avar=[2844.8891]

Average number of individs A1:
r_arr:[8.1944]
v_i_n_test:8.34754
tau_i_test:7.97285
Max_v_i_differ=0.40809
Max_tau_i_differ:0.4765
R_i_n2:=[ 283.  376.  143.   89.   75.   78.  119.  243.  709. 3790. 3247.]
v_i_n2:[0.03041 0.04049 0.01544 0.00961 0.00817 0.00857 0.01301 0.02647 0.07763
 0.41488 0.35535]
tau_i2:[0.03442 0.06472 0.01982 0.01062 0.00844 0.00845 0.01255 0.02631 0.08113
 0.48329 0.25025]
