N_times
i	r_arr		v_i_n	tau_i
0	[0.05072954]	0.02981	0.03362
1	[0.0469718]	0.0384	0.05831
2	[0.0142593]	0.01402	0.01795
3	[0.00814817]	0.01006	0.01073
4	[0.00679014]	0.00946	0.00975
5	[0.00760496]	0.01053	0.01005
6	[0.0112346]	0.01512	0.01486
7	[0.02246919]	0.03024	0.02854
8	[0.06654338]	0.08393	0.08962
9	[0.38024791]	0.41071	0.4856
10	[0.38500101]	0.3477	0.24096
N_avar=9302.0
T_avar=[2922.41178]

Average number of individs A1:
r_arr:[8.1944]
v_i_n_test:8.33434
tau_i_test:8.00155
Max_v_i_differ=0.40392
Max_tau_i_differ:0.47881
R_i_n2:=[ 278.  359.  131.   94.   88.   98.  141.  282.  781. 3817. 3231.]
v_i_n2:[0.02981 0.0384  0.01402 0.01006 0.00946 0.01053 0.01512 0.03024 0.08393
 0.41071 0.3477 ]
tau_i2:[0.03362 0.05831 0.01795 0.01073 0.00975 0.01005 0.01486 0.02854 0.08962
 0.4856  0.24096]
