N_times
i	r_arr		v_i_n	tau_i
0	[0.05072954]	0.02292	0.02597
1	[0.0469718]	0.02985	0.04634
2	[0.0142593]	0.01172	0.01533
3	[0.00814817]	0.00801	0.00869
4	[0.00679014]	0.00722	0.00756
5	[0.00760496]	0.00972	0.00939
6	[0.0112346]	0.01607	0.01555
7	[0.02246919]	0.03197	0.03175
8	[0.06654338]	0.08574	0.09129
9	[0.38024791]	0.42044	0.50004
10	[0.38500101]	0.35633	0.24808
N_avar=10664.0
T_avar=[5238.38613]

Average number of individs A1:
r_arr:[8.1944]
v_i_n_test:8.50819
tau_i_test:8.20729
Max_v_i_differ=0.41365
Max_tau_i_differ:0.49325
R_i_n2:=[ 249.  324.  127.   86.   77.  102.  169.  338.  913. 4480. 3797.]
v_i_n2:[0.02292 0.02985 0.01172 0.00801 0.00722 0.00972 0.01607 0.03197 0.08574
 0.42044 0.35633]
tau_i2:[0.02597 0.04634 0.01533 0.00869 0.00756 0.00939 0.01555 0.03175 0.09129
 0.50004 0.24808]
