N_times
i	r_arr		v_i_n	tau_i
0	[0.05072954]	0.02774	0.03099
1	[0.0469718]	0.03721	0.06006
2	[0.0142593]	0.01475	0.01827
3	[0.00814817]	0.0102	0.01145
4	[0.00679014]	0.00971	0.00985
5	[0.00760496]	0.01059	0.01032
6	[0.0112346]	0.01541	0.01511
7	[0.02246919]	0.0301	0.02995
8	[0.06654338]	0.07996	0.08561
9	[0.38024791]	0.41184	0.48121
10	[0.38500101]	0.35246	0.24717
N_avar=10656.0
T_avar=[5217.16145]

Average number of individs A1:
r_arr:[8.1944]
v_i_n_test:8.3631
tau_i_test:8.00973
Max_v_i_differ=0.40505
Max_tau_i_differ:0.47442
R_i_n2:=[ 296.  398.  157.  109.  104.  113.  164.  321.  852. 4390. 3756.]
v_i_n2:[0.02774 0.03721 0.01475 0.0102  0.00971 0.01059 0.01541 0.0301  0.07996
 0.41184 0.35246]
tau_i2:[0.03099 0.06006 0.01827 0.01145 0.00985 0.01032 0.01511 0.02995 0.08561
 0.48121 0.24717]
