N_times
i	r_arr		v_i_n	tau_i
0	[0.05072954]	0.02857	0.03117
1	[0.0469718]	0.03758	0.05854
2	[0.0142593]	0.014	0.0175
3	[0.00814817]	0.00945	0.01043
4	[0.00679014]	0.00884	0.00848
5	[0.00760496]	0.00922	0.00896
6	[0.0112346]	0.01341	0.01232
7	[0.02246919]	0.02835	0.02794
8	[0.06654338]	0.08054	0.08583
9	[0.38024791]	0.4154	0.48965
10	[0.38500101]	0.35464	0.24917
N_avar=10583.0
T_avar=[5189.99985]

Average number of individs A1:
r_arr:[8.1944]
v_i_n_test:8.38362
tau_i_test:8.05824
Max_v_i_differ=0.40861
Max_tau_i_differ:0.48286
R_i_n2:=[ 313.  411.  153.  103.   96.   99.  143.  300.  850. 4379. 3738.]
v_i_n2:[0.02857 0.03758 0.014   0.00945 0.00884 0.00922 0.01341 0.02835 0.08054
 0.4154  0.35464]
tau_i2:[0.03117 0.05854 0.0175  0.01043 0.00848 0.00896 0.01232 0.02794 0.08583
 0.48965 0.24917]
