N_times
i	r_arr		v_i_n	tau_i
0	[0.05072954]	0.02986	0.03329
1	[0.0469718]	0.0394	0.06096
2	[0.0142593]	0.01475	0.01859
3	[0.00814817]	0.00904	0.00966
4	[0.00679014]	0.00757	0.0075
5	[0.00760496]	0.0092	0.00898
6	[0.0112346]	0.01428	0.01355
7	[0.02246919]	0.02709	0.02685
8	[0.06654338]	0.0803	0.08217
9	[0.38024791]	0.41525	0.49007
10	[0.38500101]	0.35331	0.24839
N_avar=10774.0
T_avar=[5298.80966]

Average number of individs A1:
r_arr:[8.1944]
v_i_n_test:8.36036
tau_i_test:8.02316
Max_v_i_differ=0.40846
Max_tau_i_differ:0.48328
R_i_n2:=[ 328.  434.  162.   99.   83.  100.  154.  292.  865. 4463. 3796.]
v_i_n2:[0.02986 0.0394  0.01475 0.00904 0.00757 0.0092  0.01428 0.02709 0.0803
 0.41525 0.35331]
tau_i2:[0.03329 0.06096 0.01859 0.00966 0.0075  0.00898 0.01355 0.02685 0.08217
 0.49007 0.24839]
