N_times
i	r_arr		v_i_n	tau_i
0	[0.05072954]	0.03219	0.03578
1	[0.0469718]	0.04282	0.06832
2	[0.0142593]	0.01653	0.0206
3	[0.00814817]	0.0107	0.01187
4	[0.00679014]	0.01019	0.01036
5	[0.00760496]	0.01162	0.0111
6	[0.0112346]	0.01665	0.01576
7	[0.02246919]	0.0303	0.03013
8	[0.06654338]	0.08073	0.08417
9	[0.38024791]	0.40451	0.47293
10	[0.38500101]	0.34375	0.239
N_avar=10659.0
T_avar=[5262.75425]

Average number of individs A1:
r_arr:[8.1944]
v_i_n_test:8.24277
tau_i_test:7.86727
Max_v_i_differ=0.39772
Max_tau_i_differ:0.46614
R_i_n2:=[ 346.  459.  176.  115.  108.  125.  179.  324.  860. 4307. 3661.]
v_i_n2:[0.03219 0.04282 0.01653 0.0107  0.01019 0.01162 0.01665 0.0303  0.08073
 0.40451 0.34375]
tau_i2:[0.03578 0.06832 0.0206  0.01187 0.01036 0.0111  0.01576 0.03013 0.08417
 0.47293 0.239  ]
