N_times
i	r_arr		v_i_n	tau_i
0	[0.05072954]	0.02681	0.03013
1	[0.0469718]	0.03495	0.05487
2	[0.0142593]	0.01406	0.0186
3	[0.00814817]	0.0104	0.01163
4	[0.00679014]	0.00939	0.00975
5	[0.00760496]	0.01127	0.011
6	[0.0112346]	0.01503	0.01497
7	[0.02246919]	0.02706	0.02709
8	[0.06654338]	0.07749	0.08139
9	[0.38024791]	0.4163	0.48749
10	[0.38500101]	0.35722	0.25305
N_avar=10979.0
T_avar=[5316.57496]

Average number of individs A1:
r_arr:[8.1944]
v_i_n_test:8.4066
tau_i_test:8.06944
Max_v_i_differ=0.40951
Max_tau_i_differ:0.4807
R_i_n2:=[ 298.  387.  155.  116.  103.  123.  165.  297.  851. 4567. 3918.]
v_i_n2:[0.02681 0.03495 0.01406 0.0104  0.00939 0.01127 0.01503 0.02706 0.07749
 0.4163  0.35722]
tau_i2:[0.03013 0.05487 0.0186  0.01163 0.00975 0.011   0.01497 0.02709 0.08139
 0.48749 0.25305]
