N_times
i	r_arr		v_i_n	tau_i
0	[0.05072954]	0.01892	0.021
1	[0.0469718]	0.02471	0.03847
2	[0.0142593]	0.00908	0.01174
3	[0.00814817]	0.00588	0.00681
4	[0.00679014]	0.00543	0.00557
5	[0.00760496]	0.00778	0.00746
6	[0.0112346]	0.01371	0.01307
7	[0.02246919]	0.02945	0.02913
8	[0.06654338]	0.08456	0.09028
9	[0.38024791]	0.4321	0.51447
10	[0.38500101]	0.36834	0.26198
N_avar=10597.0
T_avar=[5113.95566]

Average number of individs A1:
r_arr:[8.1944]
v_i_n_test:8.65832
tau_i_test:8.39656
Max_v_i_differ=0.42531
Max_tau_i_differ:0.50768
R_i_n2:=[ 199.  260.   96.   63.   58.   82.  146.  313.  896. 4580. 3905.]
v_i_n2:[0.01892 0.02471 0.00908 0.00588 0.00543 0.00778 0.01371 0.02945 0.08456
 0.4321  0.36834]
tau_i2:[0.021   0.03847 0.01174 0.00681 0.00557 0.00746 0.01307 0.02913 0.09028
 0.51447 0.26198]
