N_times
i	r_arr		v_i_n	tau_i
0	[0.05072954]	0.03346	0.03777
1	[0.0469718]	0.04415	0.06857
2	[0.0142593]	0.01642	0.02061
3	[0.00814817]	0.00986	0.01076
4	[0.00679014]	0.00807	0.00827
5	[0.00760496]	0.00809	0.00808
6	[0.0112346]	0.01172	0.01112
7	[0.02246919]	0.02611	0.02492
8	[0.06654338]	0.07815	0.08108
9	[0.38024791]	0.41181	0.4818
10	[0.38500101]	0.35219	0.247
N_avar=11195.0
T_avar=[5485.55996]

Average number of individs A1:
r_arr:[8.1944]
v_i_n_test:8.28578
tau_i_test:7.91155
Max_v_i_differ=0.40502
Max_tau_i_differ:0.47501
R_i_n2:=[ 378.  500.  185.  111.   91.   90.  131.  292.  874. 4605. 3937.]
v_i_n2:[0.03346 0.04415 0.01642 0.00986 0.00807 0.00809 0.01172 0.02611 0.07815
 0.41181 0.35219]
tau_i2:[0.03777 0.06857 0.02061 0.01076 0.00827 0.00808 0.01112 0.02492 0.08108
 0.4818  0.247  ]
