N_times
i	r_arr		v_i_n	tau_i
0	[0.05072954]	0.02701	0.03015
1	[0.0469718]	0.03549	0.0557
2	[0.0142593]	0.01309	0.016
3	[0.00814817]	0.00831	0.00892
4	[0.00679014]	0.00808	0.00819
5	[0.00760496]	0.0098	0.00978
6	[0.0112346]	0.0154	0.01451
7	[0.02246919]	0.02961	0.02963
8	[0.06654338]	0.08123	0.08541
9	[0.38024791]	0.41675	0.4927
10	[0.38500101]	0.35525	0.24898
N_avar=10551.0
T_avar=[5174.23131]

Average number of individs A1:
r_arr:[8.1944]
v_i_n_test:8.42068
tau_i_test:8.09797
Max_v_i_differ=0.40996
Max_tau_i_differ:0.48591
R_i_n2:=[ 291.  384.  140.   88.   86.  104.  163.  314.  855. 4385. 3740.]
v_i_n2:[0.02701 0.03549 0.01309 0.00831 0.00808 0.0098  0.0154  0.02961 0.08123
 0.41675 0.35525]
tau_i2:[0.03015 0.0557  0.016   0.00892 0.00819 0.00978 0.01451 0.02963 0.08541
 0.4927  0.24898]
