N_times
i	r_arr		v_i_n	tau_i
0	[0.05072954]	0.02303	0.02623
1	[0.0469718]	0.02999	0.04719
2	[0.0142593]	0.01128	0.01471
3	[0.00814817]	0.00853	0.00997
4	[0.00679014]	0.00865	0.00887
5	[0.00760496]	0.01004	0.00988
6	[0.0112346]	0.01523	0.01498
7	[0.02246919]	0.02897	0.0292
8	[0.06654338]	0.08094	0.08492
9	[0.38024791]	0.42247	0.50015
10	[0.38500101]	0.36087	0.2539
N_avar=10371.0
T_avar=[5012.70177]

Average number of individs A1:
r_arr:[8.1944]
v_i_n_test:8.51556
tau_i_test:8.20539
Max_v_i_differ=0.41568
Max_tau_i_differ:0.49336
R_i_n2:=[ 243.  315.  117.   89.   89.  103.  157.  300.  838. 4379. 3743.]
v_i_n2:[0.02303 0.02999 0.01128 0.00853 0.00865 0.01004 0.01523 0.02897 0.08094
 0.42247 0.36087]
tau_i2:[0.02623 0.04719 0.01471 0.00997 0.00887 0.00988 0.01498 0.0292  0.08492
 0.50015 0.2539 ]
