N_times
i	r_arr		v_i_n	tau_i
0	[0.05072954]	0.0285	0.03194
1	[0.0469718]	0.03762	0.05986
2	[0.0142593]	0.01466	0.01881
3	[0.00814817]	0.01066	0.01226
4	[0.00679014]	0.00936	0.00952
5	[0.00760496]	0.01032	0.00983
6	[0.0112346]	0.01551	0.01526
7	[0.02246919]	0.02963	0.02918
8	[0.06654338]	0.07973	0.08475
9	[0.38024791]	0.41177	0.48105
10	[0.38500101]	0.35224	0.24749
N_avar=10834.0
T_avar=[5299.01144]

Average number of individs A1:
r_arr:[8.1944]
v_i_n_test:8.3546
tau_i_test:7.99966
Max_v_i_differ=0.40498
Max_tau_i_differ:0.47426
R_i_n2:=[ 309.  406.  158.  116.  101.  111.  168.  321.  863. 4464. 3819.]
v_i_n2:[0.0285  0.03762 0.01466 0.01066 0.00936 0.01032 0.01551 0.02963 0.07973
 0.41177 0.35224]
tau_i2:[0.03194 0.05986 0.01881 0.01226 0.00952 0.00983 0.01526 0.02918 0.08475
 0.48105 0.24749]
