start i C()	t_left		t_right 	New i	Total time generation

test #0
8	--	1.141697	1.188868	7	1.1417	1
7	--	0.944892	1.1877	6	2.08659	2
6	--	0.577925	1.244807	5	2.66452	3
5	--	0.961028	0.702821	6	3.36734	4
6	--	0.979654	0.661399	7	4.02874	5
7	--	1.057352	0.529877	8	4.55862	6
8	--	1.002585	0.702277	9	5.2609	7
9	--	1.613005	2.022713	8	6.87391	8
8	--	0.860633	0.606327	9	7.48024	9
9	--	1.38096	1.3896	8	8.8612	10
8	--	0.596741	0.734493	7	9.45794	11
7	--	0.82775	1.033156	6	10.28569	12
6	--	0.356246	0.982203	5	10.64194	13
5	--	0.430275	0.992131	4	11.07222	14
4	--	1.110476	0.647939	5	11.72016	15
5	--	0.674921	1.067134	4	12.39508	16
4	--	1.000535	1.010116	3	13.39561	17
3	--	1.333738	0.491685	4	13.88729	18
4	--	0.62786	0.561239	5	14.44853	19
5	--	1.000666	0.346673	6	14.7952	20
6	--	0.640847	0.923807	5	15.43605	21
5	--	0.357366	0.783352	4	15.79342	22
4	--	0.704624	0.88572	3	16.49804	23
3	--	0.649445	0.78479	2	17.14749	24
2	--	1.302003	1.30364	1	18.44949	25
1	--	0.960483	1.907464	0	19.40997	26

test #1
8	--	0.8091	1.058003	7	0.8091	1
7	--	0.99906	1.020416	6	1.80816	2
6	--	1.128036	0.419352	7	2.22751	3
7	--	1.226178	0.811589	8	3.0391	4
8	--	0.88063	0.863844	9	3.90294	5
9	--	1.836536	2.038543	8	5.73948	6
8	--	1.852993	1.562551	9	7.30203	7
9	--	1.89894	1.297948	10	8.59998	8

test #2
8	--	0.878031	1.698472	7	0.87803	1
7	--	0.762292	1.320647	6	1.64032	2
6	--	1.068938	0.768183	7	2.4085	3
7	--	0.457598	0.654498	6	2.8661	4
6	--	0.512801	1.158954	5	3.3789	5
5	--	0.649779	0.857078	4	4.02868	6
4	--	0.614392	0.555053	5	4.58373	7
5	--	1.190322	0.464697	6	5.04843	8
6	--	0.438094	0.973744	5	5.48652	9
5	--	0.364958	0.440371	4	5.85148	10
4	--	0.348777	1.058404	3	6.20026	11
3	--	0.628161	0.951591	2	6.82842	12
2	--	0.54913	1.489518	1	7.37755	13
1	--	2.135128	1.428671	2	8.80622	14
2	--	0.694763	1.092521	1	9.50098	15
1	--	2.411527	1.386873	2	10.88785	16
2	--	0.809229	0.956664	1	11.69708	17
1	--	2.456877	2.901307	0	14.15396	18

test #3
8	--	1.228273	0.728339	9	0.72834	1
9	--	2.957999	1.385474	10	2.11381	2

test #4
8	--	1.366117	1.128957	9	1.12896	1
9	--	1.06165	2.083133	8	2.19061	2
8	--	0.567322	0.638071	7	2.75793	3
7	--	0.511642	0.482042	8	3.23997	4
8	--	0.780247	0.543607	9	3.78358	5
9	--	2.52971	1.321109	10	5.10469	6

test #5
8	--	1.363372	1.524914	7	1.36337	1
7	--	0.441362	0.75247	6	1.80473	2
6	--	0.395002	1.086577	5	2.19973	3
5	--	0.736958	0.352905	6	2.55264	4
6	--	0.755905	1.017032	5	3.30855	5
5	--	0.424962	0.338897	6	3.64745	6
6	--	1.052102	0.687532	7	4.33498	7
7	--	1.155406	0.442208	8	4.77719	8
8	--	1.446783	0.64975	9	5.42694	9
9	--	1.547195	1.573804	8	6.97414	10
8	--	0.888481	1.071424	7	7.86262	11
7	--	1.400365	1.071109	8	8.93373	12
8	--	0.877938	1.646949	7	9.81167	13
7	--	1.225128	0.444821	8	10.25649	14
8	--	1.572826	0.794987	9	11.05148	15
9	--	2.783838	2.701926	10	13.75341	16

test #6
8	--	1.848478	0.816056	9	0.81606	1
9	--	1.121923	2.781187	8	1.93798	2
8	--	0.928107	0.622702	9	2.56068	3
9	--	1.478127	1.179592	10	3.74027	4

test #7
8	--	0.832975	0.58874	9	0.58874	1
9	--	1.698989	1.356517	10	1.94526	2

test #8
8	--	0.635615	1.705562	7	0.63562	1
7	--	1.045575	1.295248	6	1.68119	2
6	--	0.955747	0.968967	5	2.63694	3
5	--	1.141954	0.42299	6	3.05993	4
6	--	0.621545	1.077654	5	3.68148	5
5	--	0.572152	0.745849	4	4.25363	6
4	--	0.832967	0.594146	5	4.84778	7
5	--	1.197129	0.909804	6	5.75758	8
6	--	0.479203	0.893304	5	6.23678	9
5	--	0.50993	0.586725	4	6.74671	10
4	--	0.784515	0.508874	5	7.25558	11
5	--	0.475009	0.369102	6	7.62468	12
6	--	0.356612	0.756059	5	7.98129	13
5	--	0.387301	0.903376	4	8.36859	14
4	--	1.178112	0.617249	5	8.98584	15
5	--	0.435488	0.398688	6	9.38453	16
6	--	0.581174	0.898554	5	9.9657	17
5	--	0.384016	0.939127	4	10.34972	18
4	--	0.938007	0.782225	5	11.13194	19
5	--	0.647628	0.62851	6	11.76045	20
6	--	0.459989	0.759037	5	12.22044	21
5	--	0.347014	0.413012	4	12.56745	22
4	--	0.573062	0.715532	3	13.14051	23
3	--	1.126987	1.243575	2	14.2675	24
2	--	1.01095	0.821261	3	15.08876	25
3	--	0.797984	0.690141	4	15.7789	26
4	--	0.539348	0.688634	3	16.31825	27
3	--	0.749366	0.597905	4	16.91616	28
4	--	0.823864	0.391954	5	17.30811	29
5	--	1.095505	0.373838	6	17.68195	30
6	--	1.237211	0.76279	7	18.44474	31
7	--	0.670706	0.899267	6	19.11545	32
6	--	1.240299	0.691279	7	19.80673	33
7	--	0.871283	0.848319	8	20.65505	34
8	--	1.051709	1.026417	9	21.68147	35
9	--	1.784918	1.123556	10	22.80503	36

test #9
8	--	0.787962	1.012226	7	0.78796	1
7	--	0.977386	0.393376	8	1.18134	2
8	--	1.338289	1.303875	9	2.48521	3
9	--	1.176995	0.942338	10	3.42755	4

test #10
8	--	1.120819	0.884825	9	0.88482	1
9	--	1.239473	3.0822	8	2.12429	2
8	--	0.67242	0.709409	7	2.79671	3
7	--	0.755117	0.806259	6	3.55183	4
6	--	0.618129	0.62422	5	4.16996	5
5	--	0.405225	0.629809	4	4.57519	6
4	--	0.834344	0.601259	5	5.17645	7
5	--	0.840536	0.510417	6	5.68687	8
6	--	0.666749	0.953306	5	6.35362	9
5	--	0.622681	0.871477	4	6.9763	10
4	--	0.694593	0.821212	3	7.67089	11
3	--	0.686558	0.781781	2	8.35745	12
2	--	1.190725	0.940725	3	9.29818	13
3	--	1.259224	1.202074	4	10.50025	14
4	--	0.347942	0.348485	3	10.84819	15
3	--	1.306694	0.890892	4	11.73908	16
4	--	0.975979	0.693784	5	12.43286	17
5	--	0.607358	0.660242	4	13.04022	18
4	--	0.721731	1.193413	3	13.76195	19
3	--	0.573268	0.596246	2	14.33522	20
2	--	0.700826	1.04664	1	15.03605	21
1	--	1.007594	1.207038	0	16.04364	22

test #11
8	--	1.523492	0.562079	9	0.56208	1
9	--	1.970762	2.411904	8	2.53284	2
8	--	0.555174	0.515304	9	3.04814	3
9	--	2.930749	2.092407	10	5.14055	4

test #12
8	--	1.622973	0.93884	9	0.93884	1
9	--	1.107249	2.678644	8	2.04609	2
8	--	0.855698	1.450673	7	2.90179	3
7	--	1.316467	0.603232	8	3.50502	4
8	--	1.007337	1.192236	7	4.51236	5
7	--	0.417736	1.357794	6	4.9301	6
6	--	0.358444	0.699627	5	5.28854	7
5	--	0.506075	0.349092	6	5.63763	8
6	--	0.805373	0.36748	7	6.00511	9
7	--	0.667585	1.085747	6	6.67269	10
6	--	1.224162	0.533179	7	7.20587	11
7	--	0.714173	1.184371	6	7.92004	12
6	--	0.5597	0.891458	5	8.47974	13
5	--	1.123143	0.387593	6	8.86733	14
6	--	0.670292	0.570628	7	9.43796	15
7	--	0.576189	0.503042	8	9.941	16
8	--	0.595251	1.558891	7	10.53625	17
7	--	0.770766	0.618737	8	11.15499	18
8	--	0.758619	0.926049	7	11.91361	19
7	--	0.615737	1.092758	6	12.52935	20
6	--	0.886065	0.693471	7	13.22282	21
7	--	0.547008	1.137358	6	13.76983	22
6	--	0.674533	0.835219	5	14.44436	23
5	--	0.409808	0.753546	4	14.85417	24
4	--	0.620889	0.434376	5	15.28855	25
5	--	0.635222	0.838338	4	15.92377	26
4	--	0.660186	0.595057	5	16.51883	27
5	--	0.372963	0.652201	4	16.89179	28
4	--	1.176524	1.057248	5	17.94904	29
5	--	0.804175	0.922615	4	18.75321	30
4	--	1.067931	0.47302	5	19.22623	31
5	--	1.049527	0.461055	6	19.68728	32
6	--	0.356229	0.542135	5	20.04351	33
5	--	0.532607	0.734705	4	20.57612	34
4	--	0.812046	1.063136	3	21.38817	35
3	--	0.636318	1.271834	2	22.02449	36
2	--	1.655663	1.377352	3	23.40184	37
3	--	0.679508	0.859301	2	24.08135	38
2	--	1.296402	1.83445	1	25.37775	39
1	--	3.256166	2.901668	2	28.27942	40
2	--	1.351256	1.431234	1	29.63068	41
1	--	3.034444	1.086433	2	30.71711	42
2	--	0.560338	0.76524	1	31.27745	43
1	--	2.117297	2.985059	0	33.39475	44

test #13
8	--	0.809741	1.040973	7	0.80974	1
7	--	0.739513	1.243497	6	1.54925	2
6	--	0.793202	0.95059	5	2.34245	3
5	--	0.438671	0.904174	4	2.78112	4
4	--	0.783824	0.982859	3	3.56494	5
3	--	0.809922	0.560356	4	4.1253	6
4	--	0.607663	0.628814	3	4.73296	7
3	--	1.26691	0.619089	4	5.35205	8
4	--	0.561657	0.560335	5	5.91239	9
5	--	0.55794	0.335013	6	6.2474	10
6	--	0.912803	0.708746	7	6.95615	11
7	--	1.151113	0.425544	8	7.38169	12
8	--	0.664021	1.196145	7	8.04571	13
7	--	0.849092	0.579978	8	8.62569	14
8	--	1.108736	0.661178	9	9.28687	15
9	--	0.979442	2.578828	8	10.26631	16
8	--	1.407753	1.693797	7	11.67406	17
7	--	0.476753	1.208126	6	12.15081	18
6	--	0.652955	0.726759	5	12.80376	19
5	--	1.182042	0.34812	6	13.15188	20
6	--	1.002718	0.55506	7	13.70694	21
7	--	0.664784	0.413498	8	14.12044	22
8	--	1.318313	1.180499	9	15.30094	23
9	--	0.912161	2.149679	8	16.2131	24
8	--	0.580616	0.603339	7	16.79372	25
7	--	0.506829	0.863674	6	17.30055	26
6	--	0.379651	0.554412	5	17.6802	27
5	--	0.536123	1.08808	4	18.21632	28
4	--	0.648915	1.045565	3	18.86524	29
3	--	0.50135	0.519396	2	19.36659	30
2	--	0.75091	0.887385	1	20.1175	31
1	--	1.248157	2.966571	0	21.36566	32

test #14
8	--	1.633649	0.70716	9	0.70716	1
9	--	3.049831	1.737465	10	2.44463	2

test #15
8	--	1.454133	0.988414	9	0.98841	1
9	--	3.148548	1.409059	10	2.39747	2

test #16
8	--	0.618787	1.157857	7	0.61879	1
7	--	0.612216	1.068936	6	1.23101	2
6	--	0.826171	0.976553	5	2.05718	3
5	--	0.851641	0.592645	6	2.64982	4
6	--	0.449691	0.666977	5	3.09951	5
5	--	1.178631	0.84691	6	3.94642	6
6	--	0.623573	0.853728	5	4.56999	7
5	--	1.118753	0.392756	6	4.96275	8
6	--	0.662192	1.226111	5	5.62494	9
5	--	1.028011	0.561822	6	6.18676	10
6	--	0.655155	0.415013	7	6.60177	11
7	--	0.95063	0.650404	8	7.25217	12
8	--	1.220736	1.491403	7	8.47291	13
7	--	0.639035	0.812202	6	9.11195	14
6	--	0.798125	0.707871	7	9.81982	15
7	--	0.57258	1.096533	6	10.3924	16
6	--	0.812842	0.578395	7	10.97079	17
7	--	1.423815	0.986055	8	11.95685	18
8	--	1.788523	0.850709	9	12.80756	19
9	--	1.723259	0.997615	10	13.80518	20

test #17
8	--	0.70624	1.684612	7	0.70624	1
7	--	1.186963	1.080013	8	1.78625	2
8	--	0.640103	0.643129	7	2.42635	3
7	--	0.445685	1.25625	6	2.87203	4
6	--	1.244515	0.985427	7	3.85746	5
7	--	0.535714	0.715373	6	4.39317	6
6	--	1.147214	0.647416	7	5.04059	7
7	--	0.483052	1.020694	6	5.52364	8
6	--	0.610223	0.476902	7	6.00054	9
7	--	0.739153	0.718093	8	6.71863	10
8	--	1.53889	1.80835	7	8.25752	11
7	--	0.614326	0.647284	6	8.87185	12
6	--	0.507001	0.916451	5	9.37885	13
5	--	0.948317	0.496853	6	9.8757	14
6	--	1.098986	0.627367	7	10.50307	15
7	--	1.130758	0.50491	8	11.00798	16
8	--	1.023758	1.640115	7	12.03174	17
7	--	0.452724	1.213412	6	12.48446	18
6	--	1.069647	0.384289	7	12.86875	19
7	--	1.176645	0.60307	8	13.47182	20
8	--	1.227035	0.914483	9	14.3863	21
9	--	0.980294	1.340604	8	15.36659	22
8	--	0.547172	1.026267	7	15.91376	23
7	--	1.059755	1.237194	6	16.97352	24
6	--	0.608411	0.507638	7	17.48116	25
7	--	0.647811	1.370425	6	18.12897	26
6	--	0.397496	0.513992	5	18.52647	27
5	--	0.558644	0.4255	6	18.95197	28
6	--	1.069696	0.745153	7	19.69712	29
7	--	1.292875	0.634838	8	20.33196	30
8	--	1.225894	1.355796	7	21.55785	31
7	--	0.481913	0.442699	8	22.00055	32
8	--	1.574396	1.147004	9	23.14755	33
9	--	1.053505	2.020468	8	24.20105	34
8	--	0.683679	0.760692	7	24.88473	35
7	--	0.491863	0.745707	6	25.37659	36
6	--	0.564037	0.600365	5	25.94063	37
5	--	0.777704	0.747751	6	26.68838	38
6	--	0.69011	0.738012	5	27.37849	39
5	--	0.728917	0.829589	4	28.10741	40
4	--	0.471212	0.525936	3	28.57862	41
3	--	0.971287	1.347788	2	29.54991	42
2	--	0.554668	1.746111	1	30.10458	43
1	--	1.475812	1.106573	2	31.21115	44
2	--	0.765818	0.683679	3	31.89483	45
3	--	0.783792	1.038096	2	32.67862	46
2	--	1.383652	1.167702	3	33.84632	47
3	--	1.032826	0.4256	4	34.27192	48
4	--	0.801987	0.678451	5	34.95037	49
5	--	0.919443	0.812419	6	35.76279	50
6	--	1.042233	0.366199	7	36.12899	51
7	--	0.946517	0.442668	8	36.57166	52
8	--	1.501735	0.601887	9	37.17355	53
9	--	2.383135	1.363799	10	38.53735	54

test #18
8	--	1.46186	0.807251	9	0.80725	1
9	--	2.574609	2.23217	10	3.03942	2

test #19
8	--	0.646044	1.571901	7	0.64604	1
7	--	0.766153	0.646554	8	1.29259	2
8	--	1.837746	1.154895	9	2.44749	3
9	--	2.064672	2.189864	8	4.51216	4
8	--	0.759014	1.71992	7	5.27117	5
7	--	0.988159	1.388621	6	6.25933	6
6	--	0.836874	0.954392	5	7.0962	7
5	--	0.536321	0.346673	6	7.44287	8
6	--	0.893419	0.810785	7	8.25365	9
7	--	1.37372	0.513545	8	8.7672	10
8	--	0.591498	0.598929	7	9.3587	11
7	--	0.793718	1.260323	6	10.15242	12
6	--	0.967934	0.487986	7	10.64041	13
7	--	1.04128	0.913002	8	11.55341	14
8	--	0.935687	0.840253	9	12.39366	15
9	--	2.425655	2.793727	8	14.81931	16
8	--	0.860853	0.996142	7	15.68016	17
7	--	0.869769	0.484517	8	16.16468	18
8	--	0.889315	1.293486	7	17.05399	19
7	--	0.704065	0.836349	6	17.75806	20
6	--	1.049099	1.089045	5	18.80716	21
5	--	1.045966	0.480276	6	19.28744	22
6	--	0.710155	0.943559	5	19.99759	23
5	--	0.508946	0.444556	6	20.44215	24
6	--	0.909375	0.569224	7	21.01137	25
7	--	1.131199	0.547873	8	21.55924	26
8	--	0.848341	1.17955	7	22.40758	27
7	--	0.596658	1.066095	6	23.00424	28
6	--	0.374106	0.540468	5	23.37835	29
5	--	0.629314	0.66738	4	24.00766	30
4	--	0.648077	0.64684	5	24.6545	31
5	--	0.37904	0.911225	4	25.03354	32
4	--	0.412905	0.371603	5	25.40514	33
5	--	0.385825	0.699292	4	25.79096	34
4	--	0.441253	0.794959	3	26.23221	35
3	--	0.833938	0.582338	4	26.81455	36
4	--	0.599736	0.490265	5	27.30482	37
5	--	0.677118	0.726744	4	27.98194	38
4	--	0.753795	1.120212	3	28.73573	39
3	--	0.417954	1.33618	2	29.15368	40
2	--	0.915387	0.613941	3	29.76762	41
3	--	0.766975	0.636221	4	30.40384	42
4	--	0.70248	0.856253	3	31.10632	43
3	--	0.891576	0.720858	4	31.82718	44
4	--	0.58382	0.588627	3	32.411	45
3	--	0.598561	1.190516	2	33.00956	46
2	--	0.98985	0.559908	3	33.56947	47
3	--	0.784535	0.57612	4	34.14559	48
4	--	0.490688	0.711902	3	34.63628	49
3	--	0.516677	0.659624	2	35.15296	50
2	--	1.241273	0.539254	3	35.69221	51
3	--	0.47806	1.389456	2	36.17027	52
2	--	1.2459	1.305009	1	37.41617	53
1	--	1.013436	2.103667	0	38.42961	54

test #20
8	--	1.25395	1.05894	9	1.05894	1
9	--	1.829026	2.073996	8	2.88797	2
8	--	0.940712	0.753837	9	3.64181	3
9	--	2.894874	1.394629	10	5.03644	4

test #21
8	--	0.927924	1.102383	7	0.92792	1
7	--	0.539673	0.393505	8	1.32142	2
8	--	1.66699	1.379907	9	2.70133	3
9	--	2.664399	3.054293	8	5.36573	4
8	--	1.29479	1.54209	7	6.66052	5
7	--	0.988051	0.521072	8	7.18159	6
8	--	1.485128	0.79822	9	7.97981	7
9	--	2.412805	3.200701	8	10.39262	8
8	--	1.342099	1.277907	9	11.67053	9
9	--	1.030596	1.694876	8	12.70113	10
8	--	1.367423	1.611109	7	14.06855	11
7	--	0.79773	0.397031	8	14.46558	12
8	--	1.751834	1.000224	9	15.4658	13
9	--	1.170031	1.096897	10	16.5627	14

test #22
8	--	1.222006	1.194256	9	1.19426	1
9	--	2.5344	1.093496	10	2.28776	2

test #23
8	--	0.704972	0.893867	7	0.70497	1
7	--	0.545195	1.216159	6	1.25016	2
6	--	1.125873	1.215792	5	2.37603	3
5	--	0.529841	0.676932	4	2.90587	4
4	--	0.562927	0.722022	3	3.4688	5
3	--	1.230602	0.90771	4	4.37651	6
4	--	0.650719	0.449787	5	4.8263	7
5	--	0.600147	0.698968	4	5.42645	8
4	--	0.481504	1.040675	3	5.90795	9
3	--	0.563205	1.417389	2	6.47115	10
2	--	0.660204	1.797013	1	7.13135	11
1	--	1.632423	1.071334	2	8.20268	12
2	--	1.84986	0.725175	3	8.92786	13
3	--	0.848278	0.870974	2	9.77614	14
2	--	1.521081	1.809052	1	11.29722	15
1	--	1.146448	1.661979	0	12.44367	16

test #24
8	--	0.628826	1.000865	7	0.62883	1
7	--	0.593496	0.612961	6	1.22233	2
6	--	0.692514	0.812799	5	1.91484	3
5	--	1.070567	0.510835	6	2.42568	4
6	--	0.651735	0.373337	7	2.79902	5
7	--	1.259492	1.193977	8	3.993	6
8	--	1.572211	0.845549	9	4.83855	7
9	--	1.777641	1.605141	10	6.44369	8

test #25
8	--	0.641057	1.7461	7	0.64106	1
7	--	0.560875	1.350005	6	1.20194	2
6	--	0.509795	1.086978	5	1.71173	3
5	--	0.857073	1.182448	4	2.5688	4
4	--	0.378388	0.592899	3	2.94719	5
3	--	1.057155	0.887208	4	3.8344	6
4	--	1.129129	1.051958	5	4.88636	7
5	--	0.922941	1.192451	4	5.8093	8
4	--	0.452451	0.767428	3	6.26175	9
3	--	0.436964	0.624466	2	6.69871	10
2	--	1.190162	1.107624	3	7.80633	11
3	--	0.590891	1.326833	2	8.39722	12
2	--	0.855808	0.921249	1	9.25303	13
1	--	3.126909	2.938766	2	12.1918	14
2	--	1.673754	1.029085	3	13.22089	15
3	--	0.686414	0.472564	4	13.69345	16
4	--	0.77292	0.491041	5	14.18449	17
5	--	0.367173	0.683461	4	14.55166	18
4	--	1.044124	0.652138	5	15.2038	19
5	--	0.411977	1.160688	4	15.61578	20
4	--	0.964987	0.529859	5	16.14564	21
5	--	0.338886	0.935203	4	16.48453	22
4	--	0.399763	0.853722	3	16.88429	23
3	--	0.400509	0.7206	2	17.2848	24
2	--	1.105126	1.275549	1	18.38993	25
1	--	1.294859	2.692031	0	19.68479	26

test #26
8	--	1.450233	0.721116	9	0.72112	1
9	--	0.974252	2.172299	8	1.69537	2
8	--	0.818314	0.876776	7	2.51368	3
7	--	0.91902	0.452068	8	2.96575	4
8	--	1.441272	1.373526	9	4.33928	5
9	--	1.363651	1.192146	10	5.53143	6

test #27
8	--	1.059196	1.199624	7	1.0592	1
7	--	0.802253	1.19499	6	1.86145	2
6	--	0.540588	1.118281	5	2.40204	3
5	--	1.078931	0.887639	6	3.28968	4
6	--	0.424797	0.682503	5	3.71448	5
5	--	0.359056	0.949216	4	4.07354	6
4	--	0.527979	0.429729	5	4.50327	7
5	--	0.544892	0.475882	6	4.97915	8
6	--	0.793234	0.827435	5	5.77238	9
5	--	0.530567	0.403488	6	6.17587	10
6	--	0.598843	0.818605	5	6.77471	11
5	--	0.806816	0.704294	6	7.479	12
6	--	0.4809	0.724017	5	7.9599	13
5	--	0.679541	1.109784	4	8.63944	14
4	--	0.480062	1.010922	3	9.1195	15
3	--	0.835508	1.340746	2	9.95501	16
2	--	0.579724	1.240897	1	10.53473	17
1	--	1.469568	1.185798	2	11.72053	18
2	--	1.727815	0.626318	3	12.34685	19
3	--	1.107203	0.543667	4	12.89052	20
4	--	0.977781	0.589559	5	13.48008	21
5	--	0.831153	0.802564	6	14.28264	22
6	--	0.666711	0.778307	5	14.94935	23
5	--	0.419311	0.96931	4	15.36866	24
4	--	0.521461	0.534672	3	15.89012	25
3	--	0.937025	1.065608	2	16.82714	26
2	--	0.704673	1.030464	1	17.53181	27
1	--	1.68225	1.132075	2	18.66388	28
2	--	0.878775	1.596282	1	19.54265	29
1	--	2.060374	1.060943	2	20.60359	30
2	--	0.761572	0.882682	1	21.36516	31
1	--	1.532106	1.419977	2	22.78514	32
2	--	1.442119	1.179494	3	23.96463	33
3	--	0.907361	1.02267	2	24.87199	34
2	--	1.013758	1.293779	1	25.88575	35
1	--	1.42268	2.320214	0	27.30843	36

test #28
8	--	0.662642	0.794672	7	0.66264	1
7	--	0.945795	0.806755	8	1.46939	2
8	--	1.268072	1.130106	9	2.5995	3
9	--	1.376447	2.022747	8	3.97595	4
8	--	1.039535	1.206101	7	5.01549	5
7	--	1.03087	0.614623	8	5.63011	6
8	--	1.755412	1.065637	9	6.69575	7
9	--	1.929124	1.901193	10	8.59694	8

test #29
8	--	1.329192	0.772543	9	0.77254	1
9	--	2.230293	1.305417	10	2.07796	2

test #30
8	--	0.798435	1.369662	7	0.79844	1
7	--	0.462967	0.632614	6	1.26141	2
6	--	0.639059	0.670551	5	1.90047	3
5	--	0.723818	0.442803	6	2.34327	4
6	--	0.514562	0.841854	5	2.85783	5
5	--	0.439935	0.416938	6	3.27477	6
6	--	0.526726	0.356239	7	3.63101	7
7	--	1.389288	1.052347	8	4.68336	8
8	--	0.744117	1.322374	7	5.42748	9
7	--	1.345019	1.343669	8	6.77115	10
8	--	0.848985	1.853783	7	7.62013	11
7	--	0.535729	0.638333	6	8.15586	12
6	--	0.938383	0.628795	7	8.78465	13
7	--	1.239224	0.761874	8	9.54652	14
8	--	1.741727	0.732908	9	10.27943	15
9	--	1.777485	1.143802	10	11.42323	16

test #31
8	--	1.210696	0.577374	9	0.57737	1
9	--	2.539053	2.617533	8	3.11642	2
8	--	1.087317	1.426011	7	4.20374	3
7	--	0.884077	0.715863	8	4.9196	4
8	--	0.996807	0.638784	9	5.55838	5
9	--	1.38869	1.808116	8	6.94707	6
8	--	1.684407	1.355243	9	8.30231	7
9	--	2.211076	2.970913	8	10.51339	8
8	--	0.837315	1.173244	7	11.35071	9
7	--	1.147201	1.3692	6	12.49791	10
6	--	0.497133	0.77002	5	12.99504	11
5	--	0.38482	0.716413	4	13.37986	12
4	--	0.5449	0.941268	3	13.92476	13
3	--	0.42869	1.247373	2	14.35345	14
2	--	1.807276	1.173943	3	15.52739	15
3	--	1.080789	0.547977	4	16.07537	16
4	--	0.917999	0.692531	5	16.7679	17
5	--	0.408345	1.172456	4	17.17625	18
4	--	0.562787	0.763684	3	17.73904	19
3	--	0.859285	0.983542	2	18.59832	20
2	--	0.670732	1.334749	1	19.26905	21
1	--	1.857176	1.149203	2	20.41825	22
2	--	0.913431	0.953715	1	21.33168	23
1	--	0.965022	2.564782	0	22.2967	24

test #32
8	--	0.810862	0.720433	9	0.72043	1
9	--	2.591502	1.87133	10	2.59176	2

test #33
8	--	0.742731	1.183203	7	0.74273	1
7	--	0.798796	1.177322	6	1.54153	2
6	--	0.718733	0.365406	7	1.90694	3
7	--	1.298534	0.642519	8	2.54946	4
8	--	0.839462	1.098395	7	3.38892	5
7	--	0.778956	1.119628	6	4.16788	6
6	--	0.687581	0.447298	7	4.61518	7
7	--	0.616121	1.152749	6	5.2313	8
6	--	0.49021	0.581607	5	5.72151	9
5	--	0.55352	0.866406	4	6.27503	10
4	--	1.192222	0.575752	5	6.85078	11
5	--	1.094866	0.924071	6	7.77485	12
6	--	0.949056	1.15314	5	8.72391	13
5	--	0.860415	1.151592	4	9.58433	14
4	--	0.389018	1.150722	3	9.97335	15
3	--	0.398239	1.223422	2	10.37159	16
2	--	0.735759	1.026082	1	11.10735	17
1	--	1.627223	2.307254	0	12.73457	18

test #34
8	--	1.775854	0.584375	9	0.58437	1
9	--	1.013385	1.428472	8	1.59775	2
8	--	0.892875	0.897867	7	2.49062	3
7	--	0.655785	1.05899	6	3.1464	4
6	--	0.786299	0.764518	7	3.91092	5
7	--	1.037064	0.928446	8	4.83937	6
8	--	1.149973	1.520003	7	5.98934	7
7	--	1.300653	1.359554	6	7.28999	8
6	--	0.42973	0.901782	5	7.71972	9
5	--	1.190323	0.921846	6	8.64157	10
6	--	0.899361	0.62858	7	9.27015	11
7	--	1.030619	0.485318	8	9.75547	12
8	--	1.085137	0.808509	9	10.56398	13
9	--	1.789535	2.674308	8	12.35352	14
8	--	1.212923	1.851819	7	13.56644	15
7	--	1.268582	1.060656	8	14.6271	16
8	--	1.164099	0.789114	9	15.41621	17
9	--	1.160401	1.404782	8	16.57661	18
8	--	1.842692	1.266879	9	17.84349	19
9	--	2.193464	1.066378	10	18.90987	20

test #35
8	--	1.493422	0.986832	9	0.98683	1
9	--	2.458907	1.889212	10	2.87604	2

test #36
8	--	1.299809	1.503761	7	1.29981	1
7	--	0.842988	0.574802	8	1.87461	2
8	--	1.294605	0.523016	9	2.39763	3
9	--	1.605806	1.79351	8	4.00344	4
8	--	0.882085	0.857463	9	4.8609	5
9	--	1.244112	2.676474	8	6.10501	6
8	--	1.155147	1.161444	7	7.26016	7
7	--	0.626089	0.628972	6	7.88625	8
6	--	0.792838	1.047291	5	8.67909	9
5	--	0.712729	0.364218	6	9.04331	10
6	--	1.173389	0.658531	7	9.70184	11
7	--	0.910145	0.757582	8	10.45942	12
8	--	0.53056	0.74591	7	10.98998	13
7	--	0.515233	0.855308	6	11.50521	14
6	--	0.641505	0.521872	7	12.02708	15
7	--	0.753169	0.505331	8	12.53241	16
8	--	0.658165	0.616844	9	13.14925	17
9	--	1.659428	2.737497	8	14.80868	18
8	--	1.286253	0.636287	9	15.44497	19
9	--	1.506011	2.129983	8	16.95098	20
8	--	1.739162	1.594938	9	18.54592	21
9	--	2.497527	1.398116	10	19.94404	22

test #37
8	--	1.276741	1.807188	7	1.27674	1
7	--	1.122433	1.229095	6	2.39917	2
6	--	0.939348	1.228113	5	3.33852	3
5	--	0.929032	0.915755	6	4.25427	4
6	--	0.692385	0.861944	5	4.94666	5
5	--	0.553379	0.679606	4	5.50004	6
4	--	1.116175	0.445632	5	5.94567	7
5	--	1.154213	0.965212	6	6.91088	8
6	--	0.447749	0.73027	5	7.35863	9
5	--	0.795217	0.425568	6	7.7842	10
6	--	0.515879	0.863608	5	8.30008	11
5	--	0.440817	0.658741	4	8.7409	12
4	--	0.37328	1.10108	3	9.11418	13
3	--	1.069674	1.322898	2	10.18385	14
2	--	0.980574	0.97896	3	11.16281	15
3	--	0.686695	1.139617	2	11.84951	16
2	--	0.620112	0.980822	1	12.46962	17
1	--	1.276631	2.617356	0	13.74625	18

test #38
8	--	1.296653	0.841841	9	0.84184	1
9	--	1.557211	1.742511	8	2.39905	2
8	--	0.901631	1.575823	7	3.30068	3
7	--	0.61071	0.525671	8	3.82635	4
8	--	0.843348	1.539558	7	4.6697	5
7	--	0.997763	0.501487	8	5.17119	6
8	--	0.919023	1.791789	7	6.09021	7
7	--	0.526615	0.48731	8	6.57752	8
8	--	0.917182	1.615872	7	7.4947	9
7	--	0.537431	0.745471	6	8.03213	10
6	--	0.955567	1.05796	5	8.9877	11
5	--	1.022844	0.869439	6	9.85714	12
6	--	1.079696	1.126992	5	10.93684	13
5	--	0.903232	0.383875	6	11.32072	14
6	--	0.683943	0.816199	5	12.00466	15
5	--	0.621051	0.416424	6	12.42108	16
6	--	0.471401	0.557532	5	12.89248	17
5	--	0.646857	0.929522	4	13.53934	18
4	--	0.99567	0.551499	5	14.09084	19
5	--	0.396264	0.447221	4	14.4871	20
4	--	0.467892	1.130635	3	14.95499	21
3	--	0.618245	1.207301	2	15.57324	22
2	--	1.061756	0.607375	3	16.18061	23
3	--	0.45587	1.261441	2	16.63648	24
2	--	1.265507	1.347929	1	17.90199	25
1	--	1.255016	1.523444	0	19.15701	26

test #39
8	--	1.793143	0.831233	9	0.83123	1
9	--	2.748128	1.762672	10	2.5939	2

test #40
8	--	0.98879	1.034339	7	0.98879	1
7	--	0.720254	1.180858	6	1.70904	2
6	--	0.361089	1.084564	5	2.07013	3
5	--	0.935166	0.517094	6	2.58722	4
6	--	1.044396	0.658007	7	3.24523	5
7	--	0.777905	0.408263	8	3.65349	6
8	--	0.68113	0.522348	9	4.17584	7
9	--	2.701117	1.268667	10	5.44451	8

test #41
8	--	1.211922	1.011495	9	1.0115	1
9	--	3.186344	1.764319	10	2.77582	2

test #42
8	--	1.456169	0.939862	9	0.93986	1
9	--	2.652832	2.037919	10	2.97778	2

test #43
8	--	0.991029	0.607167	9	0.60717	1
9	--	2.192341	0.979465	10	1.58664	2

test #44
8	--	1.694165	1.679807	9	1.67981	1
9	--	1.951822	1.514316	10	3.19413	2

test #45
8	--	1.207666	1.409317	7	1.20767	1
7	--	0.488406	1.22459	6	1.69608	2
6	--	0.428367	0.491202	5	2.12445	3
5	--	0.43553	0.458921	4	2.55998	4
4	--	0.529228	0.448035	5	3.00802	5
5	--	0.615228	0.543866	6	3.55189	6
6	--	1.133396	0.410224	7	3.96211	7
7	--	0.517114	1.32246	6	4.47922	8
6	--	0.667266	0.534758	7	5.01398	9
7	--	0.788992	0.661729	8	5.67571	10
8	--	1.268811	0.633103	9	6.30881	11
9	--	1.762018	1.949348	8	8.07083	12
8	--	1.471831	1.14146	9	9.21229	13
9	--	3.070326	1.6328	10	10.84509	14

test #46
8	--	1.199507	1.663998	7	1.19951	1
7	--	0.67984	0.894786	6	1.87935	2
6	--	0.582238	0.666038	5	2.46159	3
5	--	1.085001	0.63137	6	3.09296	4
6	--	1.102513	0.781089	7	3.87405	5
7	--	0.39934	0.506815	6	4.27339	6
6	--	0.573545	0.395625	7	4.66902	7
7	--	1.158347	0.614552	8	5.28357	8
8	--	0.996824	1.618011	7	6.28039	9
7	--	0.589686	0.407742	8	6.68813	10
8	--	1.205599	1.509883	7	7.89373	11
7	--	0.71222	0.623497	8	8.51723	12
8	--	1.037825	0.763127	9	9.28036	13
9	--	1.642208	3.078986	8	10.92257	14
8	--	1.626176	0.560138	9	11.48271	15
9	--	1.175963	3.044624	8	12.65867	16
8	--	1.21689	1.011616	9	13.67029	17
9	--	2.743982	1.384896	10	15.05519	18

test #47
8	--	1.26952	1.10768	9	1.10768	1
9	--	3.144908	2.313583	10	3.42126	2

test #48
8	--	1.340169	1.483506	7	1.34017	1
7	--	0.535642	0.828735	6	1.87581	2
6	--	0.454715	0.961937	5	2.33052	3
5	--	0.654944	0.63834	6	2.96886	4
6	--	0.656676	0.400401	7	3.36926	5
7	--	0.429172	0.82332	6	3.79843	6
6	--	0.593054	0.731488	5	4.39148	7
5	--	0.566969	1.08764	4	4.95845	8
4	--	0.519466	0.580767	3	5.47792	9
3	--	1.051704	0.447627	4	5.92555	10
4	--	0.555803	0.805093	3	6.48135	11
3	--	1.105902	1.027845	4	7.50919	12
4	--	0.389399	0.621105	3	7.89859	13
3	--	1.211301	0.931829	4	8.83042	14
4	--	0.712188	0.624744	5	9.45516	15
5	--	0.465746	0.401263	6	9.85642	16
6	--	0.854887	1.218235	5	10.71131	17
5	--	0.355557	0.862632	4	11.06687	18
4	--	0.983178	0.807369	5	11.87424	19
5	--	1.149961	0.478809	6	12.35305	20
6	--	0.343487	0.775065	5	12.69654	21
5	--	0.442939	0.577253	4	13.13948	22
4	--	0.486256	1.065367	3	13.62574	23
3	--	1.289014	0.496345	4	14.12208	24
4	--	0.717963	0.480246	5	14.60233	25
5	--	0.967565	0.919983	6	15.52231	26
6	--	0.472275	0.380117	7	15.90243	27
7	--	1.365246	0.78728	8	16.68971	28
8	--	1.078419	1.497338	7	17.76813	29
7	--	0.391741	0.39593	6	18.15987	30
6	--	0.379164	0.596154	5	18.53903	31
5	--	1.13165	0.474946	6	19.01398	32
6	--	0.832375	0.351948	7	19.36593	33
7	--	1.24251	0.504561	8	19.87049	34
8	--	1.012037	0.583439	9	20.45393	35
9	--	1.013184	2.585543	8	21.46711	36
8	--	1.091115	0.945461	9	22.41257	37
9	--	1.700031	2.149801	8	24.1126	38
8	--	1.78955	1.499084	9	25.61168	39
9	--	1.315512	1.683389	8	26.92719	40
8	--	0.852529	0.990035	7	27.77972	41
7	--	0.787483	0.441245	8	28.22096	42
8	--	0.588143	1.394333	7	28.8091	43
7	--	0.604919	0.960357	6	29.41402	44
6	--	0.878099	0.722219	7	30.13624	45
7	--	0.920002	1.105545	6	31.05624	46
6	--	1.076553	0.394705	7	31.45094	47
7	--	0.574113	0.870042	6	32.02505	48
6	--	0.563106	0.378766	7	32.40382	49
7	--	0.489	1.253804	6	32.89282	50
6	--	0.568376	1.13798	5	33.4612	51
5	--	0.394271	0.79205	4	33.85547	52
4	--	1.028073	1.138575	3	34.88354	53
3	--	0.74576	1.323366	2	35.6293	54
2	--	1.635146	1.142671	3	36.77197	55
3	--	0.775887	0.721521	4	37.49349	56
4	--	0.585271	0.588233	3	38.07876	57
3	--	0.453118	0.870993	2	38.53188	58
2	--	0.692171	1.260149	1	39.22405	59
1	--	2.605562	2.599604	2	41.82365	60
2	--	0.937023	1.634594	1	42.76067	61
1	--	2.505712	2.373249	2	45.13392	62
2	--	1.150048	0.734608	3	45.86853	63
3	--	0.392977	1.067815	2	46.26151	64
2	--	1.765449	1.768722	1	48.02696	65
1	--	1.6606	1.106334	2	49.13329	66
2	--	1.169292	1.22711	1	50.30258	67
1	--	2.623462	1.475757	2	51.77834	68
2	--	1.001671	1.688002	1	52.78001	69
1	--	2.190621	1.127618	2	53.90763	70
2	--	0.729546	1.15749	1	54.63718	71
1	--	1.769887	3.24405	0	56.40707	72

test #49
8	--	0.603992	1.234454	7	0.60399	1
7	--	0.929603	0.864033	8	1.46802	2
8	--	1.800607	1.157312	9	2.62533	3
9	--	1.803109	1.69021	10	4.31554	4

test #50
8	--	0.896391	1.502737	7	0.89639	1
7	--	0.393631	0.677256	6	1.29002	2
6	--	0.705736	1.091215	5	1.99576	3
5	--	0.550285	0.574275	4	2.54605	4
4	--	0.576962	0.443391	5	2.98944	5
5	--	0.418526	0.652028	4	3.40797	6
4	--	1.025411	0.70461	5	4.11258	7
5	--	0.358041	0.87826	4	4.47062	8
4	--	0.754776	1.202085	3	5.2254	9
3	--	0.736065	1.18929	2	5.96146	10
2	--	1.009293	1.333681	1	6.97075	11
1	--	1.393759	2.243202	0	8.36451	12

test #51
8	--	0.609961	0.954435	7	0.60996	1
7	--	1.313064	0.528059	8	1.13802	2
8	--	1.648085	0.954986	9	2.09301	3
9	--	2.787742	1.512011	10	3.60502	4

test #52
8	--	0.811602	1.036007	7	0.8116	1
7	--	1.168171	0.46624	8	1.27784	2
8	--	1.307495	0.821326	9	2.09917	3
9	--	1.897788	2.379514	8	3.99696	4
8	--	1.680527	1.671797	9	5.66876	5
9	--	1.348218	1.09428	10	6.76304	6

test #53
8	--	1.015393	1.045715	7	1.01539	1
7	--	0.9868	0.683729	8	1.69912	2
8	--	1.42697	1.698283	7	3.12609	3
7	--	0.49828	1.050886	6	3.62437	4
6	--	0.763316	1.068033	5	4.38769	5
5	--	0.39266	0.607258	4	4.78035	6
4	--	0.589079	0.661748	3	5.36943	7
3	--	0.839647	0.511705	4	5.88113	8
4	--	0.706087	1.060145	3	6.58722	9
3	--	1.130682	0.77154	4	7.35876	10
4	--	0.878516	0.34486	5	7.70362	11
5	--	0.999099	0.615176	6	8.3188	12
6	--	1.054402	0.617621	7	8.93642	13
7	--	1.156568	0.739881	8	9.6763	14
8	--	0.659673	1.435798	7	10.33597	15
7	--	0.432154	0.874046	6	10.76812	16
6	--	0.560634	0.51795	7	11.28607	17
7	--	1.058783	0.732946	8	12.01902	18
8	--	1.056249	0.907236	9	12.92626	19
9	--	2.469707	1.455852	10	14.38211	20

test #54
8	--	1.43201	1.713363	7	1.43201	1
7	--	1.220567	0.605749	8	2.03776	2
8	--	1.431664	0.943796	9	2.98156	3
9	--	2.969929	3.258907	8	5.95149	4
8	--	1.316406	1.309785	9	7.26127	5
9	--	1.952946	2.172286	8	9.21422	6
8	--	0.610335	0.567454	9	9.78167	7
9	--	2.150343	0.947021	10	10.72869	8

test #55
8	--	0.685166	0.932436	7	0.68517	1
7	--	0.433628	1.06354	6	1.1188	2
6	--	0.759305	0.757497	7	1.8763	3
7	--	0.393029	0.822653	6	2.26933	4
6	--	0.64673	0.419829	7	2.68916	5
7	--	0.674067	0.48021	8	3.16937	6
8	--	1.763716	1.152366	9	4.32174	7
9	--	1.384484	2.986701	8	5.70622	8
8	--	0.767163	0.744385	9	6.4506	9
9	--	2.210723	1.204481	10	7.65508	10

test #56
8	--	0.929771	1.371868	7	0.92977	1
7	--	0.447966	1.308265	6	1.37774	2
6	--	0.632827	0.731479	5	2.01057	3
5	--	0.972848	0.561939	6	2.57251	4
6	--	0.635197	0.712525	5	3.20771	5
5	--	0.8861	0.944122	4	4.09381	6
4	--	0.34247	0.930854	3	4.43628	7
3	--	0.869798	1.291484	2	5.30608	8
2	--	0.7168	0.918802	1	6.02288	9
1	--	2.527608	2.284729	2	8.30761	10
2	--	1.391374	1.363561	3	9.67117	11
3	--	1.077351	0.840393	4	10.51156	12
4	--	0.623843	0.524406	5	11.03597	13
5	--	0.338154	1.11872	4	11.37412	14
4	--	0.499873	1.077629	3	11.87399	15
3	--	1.162637	0.513292	4	12.38728	16
4	--	0.981076	0.587564	5	12.97484	17
5	--	0.660816	0.778162	4	13.63566	18
4	--	0.544959	0.360789	5	13.99645	19
5	--	0.480172	0.518373	4	14.47662	20
4	--	0.461835	0.46998	3	14.93845	21
3	--	0.887084	0.697405	4	15.63586	22
4	--	0.732457	0.912414	3	16.36832	23
3	--	1.139932	1.116401	4	17.48472	24
4	--	0.778717	0.739467	5	18.22419	25
5	--	0.502235	0.451542	6	18.67573	26
6	--	0.519147	0.779282	5	19.19488	27
5	--	0.586291	0.379712	6	19.57459	28
6	--	0.747076	0.651158	7	20.22575	29
7	--	0.492311	0.931231	6	20.71806	30
6	--	0.818563	0.714187	7	21.43225	31
7	--	0.825614	1.059831	6	22.25786	32
6	--	1.060065	0.664506	7	22.92237	33
7	--	1.129493	0.46378	8	23.38615	34
8	--	1.080676	0.875713	9	24.26186	35
9	--	1.035776	2.239056	8	25.29764	36
8	--	0.747245	1.632246	7	26.04489	37
7	--	0.934032	1.262146	6	26.97892	38
6	--	0.742019	0.438694	7	27.41761	39
7	--	0.714871	1.128894	6	28.13248	40
6	--	0.505831	1.247456	5	28.63831	41
5	--	0.529209	0.581907	4	29.16752	42
4	--	1.1262	0.577569	5	29.74509	43
5	--	0.396164	0.718151	4	30.14125	44
4	--	0.993131	1.118004	3	31.13438	45
3	--	0.816524	0.534833	4	31.66921	46
4	--	0.695531	1.002661	3	32.36474	47
3	--	1.233422	1.179381	4	33.54412	48
4	--	1.223898	0.366092	5	33.91021	49
5	--	0.364624	0.332082	6	34.24229	50
6	--	0.951205	0.923322	7	35.16561	51
7	--	0.455686	0.889265	6	35.6213	52
6	--	0.66342	1.028005	5	36.28472	53
5	--	0.943344	0.91042	6	37.19514	54
6	--	0.425181	0.885848	5	37.62032	55
5	--	0.886788	0.896944	4	38.50711	56
4	--	0.642975	0.695826	3	39.15008	57
3	--	0.394559	0.576664	2	39.54464	58
2	--	1.18104	0.643975	3	40.18861	59
3	--	0.648399	0.837758	2	40.83701	60
2	--	0.887185	1.677142	1	41.7242	61
1	--	2.072718	2.558423	0	43.79692	62

test #57
8	--	0.519965	0.973059	7	0.51997	1
7	--	0.947548	1.319831	6	1.46752	2
6	--	0.713222	0.350436	7	1.81796	3
7	--	1.105138	0.711342	8	2.5293	4
8	--	1.302545	1.84808	7	3.83185	5
7	--	0.691118	0.465195	8	4.29705	6
8	--	1.666298	1.46064	9	5.75769	7
9	--	2.295546	1.961338	10	7.71903	8

test #58
8	--	1.063963	1.450468	7	1.06396	1
7	--	1.207778	0.956163	8	2.02012	2
8	--	1.675858	1.093559	9	3.11368	3
9	--	1.10825	1.059554	10	4.17323	4

test #59
8	--	1.293565	0.611662	9	0.61166	1
9	--	2.038572	1.409027	10	2.02069	2

test #60
8	--	0.586642	1.393388	7	0.58664	1
7	--	0.981347	0.94532	8	1.53196	2
8	--	0.92757	1.833256	7	2.45953	3
7	--	1.290548	0.676519	8	3.13605	4
8	--	1.549176	1.861333	7	4.68523	5
7	--	1.094024	0.450197	8	5.13543	6
8	--	1.148197	0.924155	9	6.05958	7
9	--	2.390528	1.154324	10	7.2139	8

test #61
8	--	0.520047	0.779423	7	0.52005	1
7	--	0.557004	0.820968	6	1.07705	2
6	--	1.189203	1.071509	7	2.14856	3
7	--	0.56545	0.751365	6	2.71401	4
6	--	0.520005	0.792542	5	3.23402	5
5	--	0.775515	0.344331	6	3.57835	6
6	--	1.02592	0.836799	7	4.41515	7
7	--	0.669418	0.98094	6	5.08457	8
6	--	0.595808	1.018314	5	5.68038	9
5	--	0.493592	0.470991	6	6.15137	10
6	--	1.152354	0.703344	7	6.85471	11
7	--	0.6678	0.86123	6	7.52251	12
6	--	0.88983	0.638187	7	8.1607	13
7	--	0.760704	0.933135	6	8.9214	14
6	--	1.030332	0.509661	7	9.43106	15
7	--	0.667312	0.845197	6	10.09837	16
6	--	1.192305	0.746678	7	10.84505	17
7	--	1.226436	0.424596	8	11.26965	18
8	--	0.889858	1.475067	7	12.15951	19
7	--	0.941754	0.972717	6	13.10126	20
6	--	0.596259	0.568753	7	13.67001	21
7	--	0.796285	0.503926	8	14.17394	22
8	--	1.287054	0.830381	9	15.00432	23
9	--	1.895198	2.279363	8	16.89952	24
8	--	0.513255	1.255858	7	17.41278	25
7	--	1.304401	0.793737	8	18.20652	26
8	--	0.765764	1.330327	7	18.97228	27
7	--	1.120846	0.828068	8	19.80035	28
8	--	0.773639	0.92473	7	20.57399	29
7	--	0.925013	0.620616	8	21.19461	30
8	--	0.866249	1.293553	7	22.06086	31
7	--	0.774056	1.072689	6	22.83492	32
6	--	0.824095	0.481106	7	23.31603	33
7	--	0.425281	1.24648	6	23.74131	34
6	--	0.85038	0.385906	7	24.12722	35
7	--	0.798469	1.099079	6	24.92569	36
6	--	0.523986	1.052188	5	25.44968	37
5	--	1.032712	0.424708	6	25.87439	38
6	--	0.698434	0.791224	5	26.57282	39
5	--	0.776117	0.722749	6	27.29557	40
6	--	1.142377	0.405944	7	27.70151	41
7	--	0.629929	0.652575	6	28.33144	42
6	--	1.019283	0.905735	7	29.23717	43
7	--	1.308855	0.807536	8	30.04471	44
8	--	0.93547	0.513269	9	30.55798	45
9	--	1.135195	2.981507	8	31.69317	46
8	--	0.891515	0.696242	9	32.38941	47
9	--	1.668201	0.955476	10	33.34489	48

test #62
8	--	1.787522	1.336879	9	1.33688	1
9	--	1.708295	2.594135	8	3.04517	2
8	--	0.951087	1.449279	7	3.99626	3
7	--	1.384665	0.915102	8	4.91136	4
8	--	0.957615	0.85341	9	5.76477	5
9	--	1.612449	1.98979	8	7.37722	6
8	--	1.132869	0.847475	9	8.22469	7
9	--	2.730556	2.371611	10	10.5963	8

test #63
8	--	1.269129	0.82756	9	0.82756	1
9	--	1.641449	2.895649	8	2.46901	2
8	--	1.406437	1.559829	7	3.87545	3
7	--	0.958736	1.272829	6	4.83419	4
6	--	0.611253	0.406553	7	5.24074	5
7	--	0.827857	0.562632	8	5.80337	6
8	--	0.996439	1.817938	7	6.79981	7
7	--	1.40155	0.589022	8	7.38883	8
8	--	0.61371	0.847931	7	8.00254	9
7	--	0.77282	0.599333	8	8.60187	10
8	--	1.280573	0.838075	9	9.43995	11
9	--	2.351967	1.679531	10	11.11948	12

test #64
8	--	1.1304	1.329854	7	1.1304	1
7	--	0.955641	0.811856	8	1.94226	2
8	--	1.188297	0.678699	9	2.62096	3
9	--	2.054853	2.222912	8	4.67581	4
8	--	1.270059	0.900021	9	5.57583	5
9	--	1.823386	2.665411	8	7.39922	6
8	--	0.970884	1.08219	7	8.3701	7
7	--	0.901925	0.821413	8	9.19151	8
8	--	0.802131	0.882307	7	9.99364	9
7	--	0.651898	1.213529	6	10.64554	10
6	--	0.867252	1.011716	5	11.51279	11
5	--	0.639001	0.603523	6	12.11631	12
6	--	0.921013	1.233699	5	13.03732	13
5	--	0.69008	0.651404	6	13.68872	14
6	--	1.202665	0.433126	7	14.12185	15
7	--	0.78412	0.428111	8	14.54996	16
8	--	1.222583	1.342199	7	15.77254	17
7	--	1.27622	1.004725	8	16.77727	18
8	--	1.201056	0.924371	9	17.70164	19
9	--	2.50568	2.462607	10	20.16425	20

test #65
8	--	1.230024	0.76828	9	0.76828	1
9	--	1.805665	2.491534	8	2.57395	2
8	--	1.406698	0.701415	9	3.27537	3
9	--	1.158982	1.619409	8	4.43435	4
8	--	1.070665	1.665487	7	5.50501	5
7	--	0.415322	1.23503	6	5.92033	6
6	--	0.411676	0.967218	5	6.33201	7
5	--	1.13239	0.838263	6	7.17027	8
6	--	0.540576	0.68492	5	7.71085	9
5	--	0.736279	0.884024	4	8.44713	10
4	--	0.611147	1.007015	3	9.05828	11
3	--	0.445688	1.297621	2	9.50397	12
2	--	0.532439	1.801859	1	10.03641	13
1	--	2.367121	0.988811	2	11.02522	14
2	--	1.776248	1.839733	1	12.80147	15
1	--	2.011217	1.581851	2	14.38332	16
2	--	1.399166	0.561723	3	14.94504	17
3	--	0.486191	1.217172	2	15.43123	18
2	--	1.300759	1.628392	1	16.73199	19
1	--	2.349403	1.067493	2	17.79948	20
2	--	0.734845	1.730825	1	18.53432	21
1	--	2.386926	2.180357	2	20.71468	22
2	--	0.783544	1.83175	1	21.49822	23
1	--	1.321149	0.917117	2	22.41534	24
2	--	0.529141	0.928758	1	22.94448	25
1	--	1.697072	2.205331	0	24.64155	26

test #66
8	--	1.241244	0.949507	9	0.94951	1
9	--	2.727792	1.495594	10	2.4451	2

test #67
8	--	1.296649	1.263591	9	1.26359	1
9	--	1.928705	1.471703	10	2.73529	2

test #68
8	--	0.988286	0.987719	9	0.98772	1
9	--	2.949479	2.277159	10	3.26488	2

test #69
8	--	0.764993	0.748827	9	0.74883	1
9	--	1.458391	1.202365	10	1.95119	2

test #70
8	--	1.394064	0.992122	9	0.99212	1
9	--	2.56083	1.372233	10	2.36435	2

test #71
8	--	1.020126	1.356366	7	1.02013	1
7	--	1.00723	0.614734	8	1.63486	2
8	--	1.717171	1.711688	9	3.34655	3
9	--	0.9497	1.034448	8	4.29625	4
8	--	0.780345	0.854282	7	5.07659	5
7	--	0.766332	0.598884	8	5.67547	6
8	--	0.978309	0.806318	9	6.48179	7
9	--	1.743878	1.175469	10	7.65726	8

test #72
8	--	1.659883	0.900931	9	0.90093	1
9	--	2.618345	2.706303	8	3.51928	2
8	--	1.440924	1.002359	9	4.52164	3
9	--	1.469436	1.435456	10	5.9571	4

test #73
8	--	1.187392	1.411259	7	1.18739	1
7	--	0.734891	0.776261	6	1.92228	2
6	--	0.628262	0.722313	5	2.55054	3
5	--	0.628607	0.821913	4	3.17915	4
4	--	0.488241	0.750432	3	3.66739	5
3	--	1.243204	0.547869	4	4.21526	6
4	--	1.132902	1.094129	5	5.30939	7
5	--	0.375694	0.671023	4	5.68508	8
4	--	0.907002	0.613949	5	6.29903	9
5	--	0.550363	1.109557	4	6.84939	10
4	--	0.907904	0.469053	5	7.31844	11
5	--	0.640429	0.747396	4	7.95887	12
4	--	0.96814	0.662159	5	8.62103	13
5	--	0.556909	0.788628	4	9.17794	14
4	--	0.825966	0.422187	5	9.60013	15
5	--	0.96655	0.340711	6	9.94084	16
6	--	0.990666	0.765176	7	10.70602	17
7	--	0.816245	0.432075	8	11.13809	18
8	--	0.659627	0.739388	7	11.79772	19
7	--	0.497673	1.083568	6	12.29539	20
6	--	0.481216	0.870109	5	12.77661	21
5	--	0.897233	0.787645	6	13.56426	22
6	--	0.90818	0.994522	5	14.47244	23
5	--	0.987513	0.784423	6	15.25686	24
6	--	1.070749	0.635579	7	15.89244	25
7	--	0.725499	0.98112	6	16.61794	26
6	--	1.121512	1.153619	5	17.73945	27
5	--	0.383876	0.355872	6	18.09532	28
6	--	0.779194	0.872823	5	18.87451	29
5	--	0.731807	0.538742	6	19.41325	30
6	--	0.664063	0.853333	5	20.07731	31
5	--	0.649281	1.152894	4	20.72659	32
4	--	0.549	0.870257	3	21.27559	33
3	--	0.447281	0.661074	2	21.72287	34
2	--	0.819141	1.709261	1	22.54201	35
1	--	3.204842	1.35108	2	23.89309	36
2	--	1.46274	1.794314	1	25.35583	37
1	--	2.655842	2.584242	2	27.94007	38
2	--	1.004809	1.479099	1	28.94488	39
1	--	1.248747	0.958572	2	29.90345	40
2	--	1.498287	1.221826	3	31.12528	41
3	--	0.676933	0.555658	4	31.68094	42
4	--	0.647948	0.736734	3	32.32889	43
3	--	0.459058	0.594904	2	32.78795	44
2	--	0.529854	0.668202	1	33.3178	45
1	--	1.342547	3.050217	0	34.66035	46

test #74
8	--	1.730373	1.577793	9	1.57779	1
9	--	2.066298	1.278757	10	2.85655	2

test #75
8	--	1.054757	1.304644	7	1.05476	1
7	--	0.854924	0.538209	8	1.59297	2
8	--	0.53006	0.531108	7	2.12303	3
7	--	0.836753	0.920123	6	2.95978	4
6	--	0.619112	0.702485	5	3.57889	5
5	--	0.406281	1.054517	4	3.98517	6
4	--	0.581322	0.826736	3	4.56649	7
3	--	0.843626	0.73114	4	5.29763	8
4	--	1.235472	0.865264	5	6.16289	9
5	--	0.419518	1.164145	4	6.58241	10
4	--	0.370977	0.455493	3	6.95339	11
3	--	0.815624	0.639807	4	7.5932	12
4	--	0.836026	1.104749	3	8.42923	13
3	--	1.043142	0.740973	4	9.1702	14
4	--	1.072028	1.006927	5	10.17713	15
5	--	0.938614	1.173563	4	11.11574	16
4	--	0.714362	0.456136	5	11.57188	17
5	--	0.613349	1.084605	4	12.18523	18
4	--	0.494542	0.451955	5	12.63718	19
5	--	0.925805	0.513361	6	13.15054	20
6	--	0.402027	0.80969	5	13.55257	21
5	--	0.789432	0.416637	6	13.96921	22
6	--	0.728157	0.549307	7	14.51852	23
7	--	1.391139	0.610414	8	15.12893	24
8	--	1.356351	1.769721	7	16.48528	25
7	--	0.4347	0.534751	6	16.91998	26
6	--	1.211948	1.158796	7	18.07878	27
7	--	0.987585	0.616428	8	18.69521	28
8	--	1.782555	1.160864	9	19.85607	29
9	--	3.070755	1.017737	10	20.87381	30

test #76
8	--	0.663467	1.818174	7	0.66347	1
7	--	0.971079	0.554829	8	1.2183	2
8	--	1.467504	1.540493	7	2.6858	3
7	--	0.472123	1.015682	6	3.15792	4
6	--	0.445248	0.455569	5	3.60317	5
5	--	0.792219	0.358499	6	3.96167	6
6	--	0.63603	0.657324	5	4.5977	7
5	--	0.735156	0.573337	6	5.17104	8
6	--	0.701648	0.512168	7	5.68321	9
7	--	0.724319	0.390792	8	6.074	10
8	--	0.699091	1.10474	7	6.77309	11
7	--	0.875032	0.625583	8	7.39867	12
8	--	1.110419	0.849659	9	8.24833	13
9	--	1.102216	2.034692	8	9.35055	14
8	--	1.041708	1.465951	7	10.39226	15
7	--	0.528428	1.192296	6	10.92069	16
6	--	0.621716	0.908069	5	11.54241	17
5	--	0.746592	0.853594	4	12.289	18
4	--	0.71747	1.008484	3	13.00647	19
3	--	0.737771	0.578358	4	13.58483	20
4	--	1.011372	0.86197	5	14.4468	21
5	--	0.378951	0.623062	4	14.82575	22
4	--	1.245008	0.792176	5	15.61793	23
5	--	0.732745	0.373247	6	15.99118	24
6	--	0.875311	0.684864	7	16.67604	25
7	--	0.496957	0.928453	6	17.173	26
6	--	0.574731	1.22877	5	17.74773	27
5	--	1.088419	0.575814	6	18.32354	28
6	--	0.783688	0.996525	5	19.10723	29
5	--	0.377895	1.04387	4	19.48512	30
4	--	0.452555	0.353254	5	19.83837	31
5	--	0.75829	0.803642	4	20.59666	32
4	--	0.98681	1.208215	3	21.58347	33
3	--	1.03826	1.064295	2	22.62173	34
2	--	1.16382	0.623521	3	23.24525	35
3	--	0.938358	1.346442	2	24.18361	36
2	--	0.59096	1.823851	1	24.77457	37
1	--	2.030087	2.818515	0	26.80466	38

test #77
8	--	1.348373	1.432055	7	1.34837	1
7	--	0.66804	0.732576	6	2.01641	2
6	--	0.552573	0.583916	5	2.56898	3
5	--	0.349617	1.014389	4	2.9186	4
4	--	1.177329	0.914819	5	3.83342	5
5	--	0.38058	0.749689	4	4.214	6
4	--	0.413634	0.753545	3	4.62763	7
3	--	0.711211	0.688664	4	5.31629	8
4	--	0.49059	0.519864	3	5.80688	9
3	--	0.980317	0.443671	4	6.25055	10
4	--	0.670924	0.653929	5	6.90448	11
5	--	0.735751	0.488789	6	7.39327	12
6	--	0.628893	0.999096	5	8.02216	13
5	--	0.398878	1.095946	4	8.42104	14
4	--	0.839878	0.788678	5	9.20972	15
5	--	0.81752	0.408044	6	9.61776	16
6	--	0.7976	0.578053	7	10.19581	17
7	--	0.399517	0.520302	6	10.59533	18
6	--	0.456075	0.784296	5	11.05141	19
5	--	0.541434	0.657976	4	11.59284	20
4	--	0.683305	0.835205	3	12.27615	21
3	--	0.500439	0.414393	4	12.69054	22
4	--	0.709848	0.864844	3	13.40039	23
3	--	1.252194	0.841657	4	14.24205	24
4	--	1.224387	0.841183	5	15.08323	25
5	--	0.956401	0.929742	6	16.01297	26
6	--	0.904564	0.575195	7	16.58817	27
7	--	0.51075	1.389398	6	17.09892	28
6	--	0.53642	0.372397	7	17.47132	29
7	--	0.769066	0.755479	8	18.2268	30
8	--	0.898194	0.994241	7	19.12499	31
7	--	0.746648	0.789388	6	19.87164	32
6	--	0.93878	0.441563	7	20.3132	33
7	--	0.970661	0.694095	8	21.0073	34
8	--	1.363366	1.148164	9	22.15546	35
9	--	1.83204	1.9946	8	23.9875	36
8	--	0.643481	0.839256	7	24.63098	37
7	--	0.94788	1.36385	6	25.57886	38
6	--	0.353173	0.733802	5	25.93203	39
5	--	0.614243	0.332597	6	26.26463	40
6	--	0.539126	0.920066	5	26.80376	41
5	--	0.64518	0.734445	4	27.44894	42
4	--	0.682246	0.613014	5	28.06195	43
5	--	0.530655	0.809036	4	28.5926	44
4	--	0.590286	0.599848	3	29.18289	45
3	--	1.30094	0.874522	4	30.05741	46
4	--	1.214578	0.909946	5	30.96736	47
5	--	1.045012	0.583426	6	31.55079	48
6	--	0.929504	0.592062	7	32.14285	49
7	--	1.028831	0.448208	8	32.59106	50
8	--	1.431991	1.740915	7	34.02305	51
7	--	1.029449	0.678654	8	34.7017	52
8	--	1.135508	1.411321	7	35.83721	53
7	--	0.953351	0.410038	8	36.24725	54
8	--	0.708981	0.589755	9	36.83701	55
9	--	1.593128	1.408241	10	38.24525	56

test #78
8	--	0.71635	1.618786	7	0.71635	1
7	--	0.741223	1.119238	6	1.45757	2
6	--	1.018461	0.715923	7	2.17349	3
7	--	1.064545	0.39078	8	2.56427	4
8	--	1.857794	0.901949	9	3.46622	5
9	--	2.993055	1.914759	10	5.38098	6

test #79
8	--	0.669751	0.654251	9	0.65425	1
9	--	2.557858	1.642048	10	2.2963	2

test #80
8	--	0.916813	1.581383	7	0.91681	1
7	--	0.624113	1.055944	6	1.54092	2
6	--	0.950175	0.555566	7	2.09649	3
7	--	0.634866	0.733835	6	2.73136	4
6	--	0.859482	0.87136	5	3.59084	5
5	--	0.488972	0.364705	6	3.95555	6
6	--	0.531678	0.765891	5	4.48723	7
5	--	0.413611	0.430051	4	4.90084	8
4	--	0.963902	0.571545	5	5.47238	9
5	--	0.855116	0.389418	6	5.8618	10
6	--	1.015526	0.914184	7	6.77598	11
7	--	0.770103	1.411481	6	7.54608	12
6	--	0.857875	0.470698	7	8.01678	13
7	--	1.012211	0.507473	8	8.52425	14
8	--	0.893843	0.908438	7	9.41809	15
7	--	1.076232	1.274798	6	10.49432	16
6	--	1.043256	0.564315	7	11.05864	17
7	--	1.117978	0.979175	8	12.03782	18
8	--	1.583538	1.716557	7	13.62136	19
7	--	0.658705	0.984687	6	14.28006	20
6	--	0.500691	0.728101	5	14.78075	21
5	--	0.7169	1.068263	4	15.49765	22
4	--	0.668342	0.879174	3	16.16599	23
3	--	0.916372	1.111271	2	17.08236	24
2	--	0.631116	1.44662	1	17.71348	25
1	--	1.610713	1.07087	2	18.78435	26
2	--	1.20916	0.656744	3	19.44109	27
3	--	0.757608	0.989266	2	20.1987	28
2	--	0.817484	1.007101	1	21.01618	29
1	--	2.95378	1.320395	2	22.33657	30
2	--	1.414597	0.994744	3	23.33131	31
3	--	0.393045	0.699264	2	23.72435	32
2	--	0.529499	1.784047	1	24.25385	33
1	--	1.432649	2.011933	0	25.6865	34

test #81
8	--	1.723291	0.626584	9	0.62658	1
9	--	3.308802	1.160316	10	1.7869	2

test #82
8	--	0.756241	0.717523	9	0.71752	1
9	--	1.048702	2.472543	8	1.76622	2
8	--	1.009187	0.562877	9	2.3291	3
9	--	1.068856	1.678878	8	3.39796	4
8	--	0.548985	1.26181	7	3.94694	5
7	--	0.705532	0.725708	6	4.65247	6
6	--	0.629384	1.054467	5	5.28185	7
5	--	0.709025	1.163108	4	5.99088	8
4	--	0.650933	1.16943	3	6.64181	9
3	--	0.585063	0.769278	2	7.22687	10
2	--	1.376008	0.791055	3	8.01792	11
3	--	0.53582	0.886331	2	8.55374	12
2	--	1.342296	0.619649	3	9.17339	13
3	--	1.358153	0.986412	4	10.1598	14
4	--	1.163061	0.884734	5	11.04453	15
5	--	0.664043	1.023642	4	11.70857	16
4	--	1.21014	0.552829	5	12.2614	17
5	--	0.476012	0.328937	6	12.59034	18
6	--	0.543686	0.623981	5	13.13403	19
5	--	0.605614	0.965739	4	13.73964	20
4	--	0.379215	0.625295	3	14.11886	21
3	--	1.234376	0.605269	4	14.72413	22
4	--	1.19158	0.862163	5	15.58629	23
5	--	0.586622	0.452572	6	16.03886	24
6	--	0.53032	0.672574	5	16.56918	25
5	--	0.569306	1.070105	4	17.13849	26
4	--	0.563426	0.742394	3	17.70192	27
3	--	1.256265	0.583678	4	18.2856	28
4	--	0.503131	1.24128	3	18.78873	29
3	--	0.727262	1.059639	2	19.51599	30
2	--	1.612193	1.132956	3	20.64895	31
3	--	0.961437	0.497399	4	21.14635	32
4	--	1.083162	0.98134	5	22.12769	33
5	--	0.638598	1.053933	4	22.76629	34
4	--	0.495836	1.212303	3	23.26213	35
3	--	0.546924	0.465704	4	23.72783	36
4	--	0.892755	0.355672	5	24.0835	37
5	--	0.447605	1.133103	4	24.5311	38
4	--	0.552283	0.476971	5	25.00807	39
5	--	1.148163	1.020641	6	26.02871	40
6	--	0.711	0.917439	5	26.73971	41
5	--	0.543511	0.543908	4	27.28322	42
4	--	0.840678	0.904301	3	28.1239	43
3	--	1.149846	0.910088	4	29.03399	44
4	--	0.3611	0.719561	3	29.39509	45
3	--	0.623313	0.568193	4	29.96328	46
4	--	1.102625	0.459378	5	30.42266	47
5	--	0.513741	0.570476	4	30.9364	48
4	--	1.17579	0.899251	5	31.83565	49
5	--	0.35982	0.667645	4	32.19547	50
4	--	0.723433	0.362968	5	32.55844	51
5	--	1.011303	0.969521	6	33.52796	52
6	--	0.924066	0.930005	5	34.45203	53
5	--	0.582538	0.594334	4	35.03457	54
4	--	0.42657	1.17172	3	35.46114	55
3	--	1.26684	1.044151	4	36.50529	56
4	--	0.76699	0.804442	3	37.27228	57
3	--	1.173628	1.119769	4	38.39205	58
4	--	0.683088	0.849253	3	39.07514	59
3	--	0.836475	0.483215	4	39.55836	60
4	--	0.429089	0.354145	5	39.9125	61
5	--	0.576254	0.757111	4	40.48875	62
4	--	0.944774	0.779127	5	41.26788	63
5	--	0.575528	1.070979	4	41.84341	64
4	--	0.584074	0.695664	3	42.42748	65
3	--	0.420643	0.500268	2	42.84812	66
2	--	1.477057	1.419792	3	44.26791	67
3	--	0.960825	1.205095	2	45.22874	68
2	--	0.604108	1.303494	1	45.83285	69
1	--	2.351853	1.137428	2	46.97028	70
2	--	1.512235	0.928278	3	47.89856	71
3	--	1.293314	1.354542	2	49.19187	72
2	--	0.939458	1.083543	1	50.13133	73
1	--	1.816081	2.044574	0	51.94741	74

test #83
8	--	0.912561	0.918128	7	0.91256	1
7	--	1.254514	1.268768	6	2.16707	2
6	--	0.419398	0.700259	5	2.58647	3
5	--	0.415864	0.709342	4	3.00233	4
4	--	0.544065	0.561171	3	3.5464	5
3	--	0.721926	0.572479	4	4.11888	6
4	--	0.46015	1.006139	3	4.57903	7
3	--	0.901759	0.436036	4	5.01507	8
4	--	1.135683	0.45991	5	5.47498	9
5	--	0.487371	1.079035	4	5.96235	10
4	--	1.12128	1.163586	3	7.08363	11
3	--	0.735164	0.805982	2	7.81879	12
2	--	1.808607	1.051521	3	8.87031	13
3	--	0.816268	1.067482	2	9.68658	14
2	--	1.851001	1.513914	3	11.20049	15
3	--	1.0471	0.546382	4	11.74687	16
4	--	0.400413	0.453616	3	12.14728	17
3	--	0.506423	0.991256	2	12.6537	18
2	--	0.702168	0.640251	3	13.29395	19
3	--	0.648411	0.737404	2	13.94236	20
2	--	0.666826	1.669207	1	14.60919	21
1	--	1.287095	0.959525	2	15.56871	22
2	--	1.076764	1.564308	1	16.64547	23
1	--	2.124014	1.83596	2	18.48143	24
2	--	1.371428	0.899174	3	19.3806	25
3	--	1.034554	0.928312	4	20.30891	26
4	--	0.812804	0.398906	5	20.70782	27
5	--	1.127325	0.495222	6	21.20304	28
6	--	1.094278	0.948439	7	22.15148	29
7	--	0.696441	1.2237	6	22.84792	30
6	--	0.863397	0.404274	7	23.25219	31
7	--	0.725237	0.518157	8	23.77035	32
8	--	0.874577	0.877865	7	24.64493	33
7	--	0.484255	0.679661	6	25.12918	34
6	--	1.064033	0.49155	7	25.62073	35
7	--	0.838109	1.123678	6	26.45884	36
6	--	1.113455	0.648896	7	27.10774	37
7	--	1.108267	1.279803	6	28.21601	38
6	--	0.600047	0.770457	5	28.81606	39
5	--	0.823048	0.485521	6	29.30158	40
6	--	0.380753	0.687834	5	29.68233	41
5	--	0.513217	0.887419	4	30.19555	42
4	--	1.106212	0.862845	5	31.05839	43
5	--	1.16915	0.589173	6	31.64756	44
6	--	0.540041	0.525913	7	32.17347	45
7	--	0.89182	0.439819	8	32.61329	46
8	--	1.79975	0.67339	9	33.28668	47
9	--	2.162984	3.322444	8	35.44966	48
8	--	1.036291	0.604108	9	36.05377	49
9	--	2.701229	1.479458	10	37.53323	50

test #84
8	--	1.065271	0.670118	9	0.67012	1
9	--	2.03552	3.104551	8	2.70564	2
8	--	1.104716	1.631707	7	3.81036	3
7	--	0.692974	1.277695	6	4.50333	4
6	--	0.538385	0.850636	5	5.04172	5
5	--	0.584782	0.32943	6	5.37115	6
6	--	0.836146	0.962416	5	6.2073	7
5	--	0.838267	0.340063	6	6.54736	8
6	--	0.960243	0.904244	7	7.4516	9
7	--	1.130252	0.718625	8	8.17022	10
8	--	1.265194	1.178075	9	9.34829	11
9	--	3.045645	1.814828	10	11.16312	12

test #85
8	--	0.703179	0.72569	7	0.70318	1
7	--	0.671303	1.019219	6	1.37448	2
6	--	0.996617	0.531611	7	1.90609	3
7	--	1.248922	0.885855	8	2.79194	4
8	--	1.74656	0.541573	9	3.33351	5
9	--	1.129799	2.160908	8	4.46331	6
8	--	1.143135	1.028721	9	5.49203	7
9	--	1.774999	1.106436	10	6.59847	8

test #86
8	--	1.278646	0.754575	9	0.75457	1
9	--	3.197071	2.509668	10	3.26424	2

test #87
8	--	1.317264	1.362615	7	1.31726	1
7	--	0.689631	0.943874	6	2.00689	2
6	--	0.728452	0.70182	7	2.70871	3
7	--	0.760949	0.93819	6	3.46966	4
6	--	0.674804	0.357291	7	3.82695	5
7	--	1.119511	1.40137	6	4.94646	6
6	--	0.642002	0.714173	5	5.58846	7
5	--	1.12122	0.74335	6	6.33181	8
6	--	0.855991	0.406706	7	6.73852	9
7	--	0.7931	0.532058	8	7.27058	10
8	--	0.637727	0.658631	7	7.90831	11
7	--	0.557224	0.809989	6	8.46553	12
6	--	0.377704	0.534238	5	8.84323	13
5	--	0.560939	1.159063	4	9.40417	14
4	--	0.400581	0.413413	3	9.80475	15
3	--	0.530553	0.876663	2	10.3353	16
2	--	1.365704	1.372324	1	11.701	17
1	--	1.923628	2.574343	0	13.62463	18

test #88
8	--	1.037772	1.541307	7	1.03777	1
7	--	0.754833	0.943533	6	1.7926	2
6	--	0.823883	0.835128	5	2.61648	3
5	--	0.642957	0.740913	4	3.25944	4
4	--	0.88179	0.871744	5	4.13118	5
5	--	0.386183	0.698386	4	4.51736	6
4	--	0.388063	0.498763	3	4.90542	7
3	--	0.917104	1.249552	2	5.82252	8
2	--	1.004442	0.92534	3	6.74786	9
3	--	0.569951	0.673295	2	7.31781	10
2	--	0.733183	1.580925	1	8.05099	11
1	--	2.364642	1.978729	2	10.02972	12
2	--	1.569955	1.118789	3	11.14851	13
3	--	0.911047	1.103727	2	12.05956	14
2	--	0.79442	1.025797	1	12.85398	15
1	--	2.17764	1.713498	2	14.56748	16
2	--	1.614949	0.598016	3	15.1655	17
3	--	1.360404	0.78233	4	15.94783	18
4	--	0.540856	0.52035	5	16.46818	19
5	--	1.028945	1.039098	4	17.49712	20
4	--	1.208286	1.128142	5	18.62526	21
5	--	0.503081	0.405111	6	19.03037	22
6	--	0.486755	0.600701	5	19.51712	23
5	--	0.547225	0.590543	4	20.06434	24
4	--	0.398316	0.362353	5	20.42669	25
5	--	1.126647	0.945043	6	21.37173	26
6	--	0.668052	1.200413	5	22.03978	27
5	--	0.941793	0.427513	6	22.46729	28
6	--	0.384256	0.616287	5	22.85155	29
5	--	0.46549	0.740992	4	23.31704	30
4	--	1.031702	0.731385	5	24.04842	31
5	--	1.061375	0.682477	6	24.7309	32
6	--	0.806966	0.87723	5	25.53787	33
5	--	0.836193	1.050071	4	26.37406	34
4	--	0.440228	0.93198	3	26.81429	35
3	--	0.799046	1.192069	2	27.61334	36
2	--	1.270863	0.782976	3	28.39632	37
3	--	0.915893	0.779445	4	29.17577	38
4	--	0.626987	0.50266	5	29.67843	39
5	--	0.94779	0.590316	6	30.26875	40
6	--	0.734339	0.42087	7	30.68962	41
7	--	1.154874	0.912962	8	31.60258	42
8	--	1.351784	0.758945	9	32.36152	43
9	--	1.015934	2.252703	8	33.37745	44
8	--	0.854727	0.762973	9	34.14042	45
9	--	1.904043	2.116144	8	36.04446	46
8	--	0.982891	0.700962	9	36.74542	47
9	--	1.864739	1.829898	10	38.57532	48

test #89
8	--	1.364672	0.844012	9	0.84401	1
9	--	1.014465	2.078722	8	1.85847	2
8	--	0.577409	1.398339	7	2.43588	3
7	--	0.554599	0.620236	6	2.99048	4
6	--	1.129119	0.705192	7	3.69567	5
7	--	1.053935	1.331283	6	4.74961	6
6	--	0.912911	0.44276	7	5.19237	7
7	--	0.559465	0.641094	6	5.75183	8
6	--	0.751516	0.646359	7	6.39819	9
7	--	0.741211	1.370673	6	7.1394	10
6	--	1.009732	0.666214	7	7.80561	11
7	--	0.620492	0.830732	6	8.4261	12
6	--	0.357248	0.343257	7	8.76936	13
7	--	0.484778	1.385299	6	9.25414	14
6	--	1.221215	0.443328	7	9.69747	15
7	--	0.666421	1.249636	6	10.36389	16
6	--	1.029725	0.470359	7	10.83425	17
7	--	0.504779	0.431664	8	11.26591	18
8	--	1.449521	1.185611	9	12.45152	19
9	--	2.106768	1.161593	10	13.61311	20

test #90
8	--	0.570184	0.72742	7	0.57018	1
7	--	1.296761	0.766703	8	1.33688	2
8	--	0.576596	1.139446	7	1.91348	3
7	--	0.744678	1.096537	6	2.65816	4
6	--	0.873265	0.371754	7	3.02991	5
7	--	0.472303	0.822894	6	3.50221	6
6	--	1.001855	0.943283	7	4.44549	7
7	--	1.179868	1.377535	6	5.62536	8
6	--	0.709338	0.670169	7	6.29553	9
7	--	1.159667	1.403016	6	7.4552	10
6	--	0.794693	0.388872	7	7.84407	11
7	--	0.752202	0.555258	8	8.39933	12
8	--	0.835471	0.905786	7	9.2348	13
7	--	1.26341	0.448157	8	9.68296	14
8	--	0.795389	0.866954	7	10.47835	15
7	--	0.965567	0.409327	8	10.88768	16
8	--	1.194139	0.713363	9	11.60104	17
9	--	2.002204	2.175806	8	13.60324	18
8	--	1.218354	0.935165	9	14.53841	19
9	--	2.018298	2.336123	8	16.55671	20
8	--	1.239668	1.095546	9	17.65226	21
9	--	1.581457	2.435799	8	19.23372	22
8	--	0.61939	1.40898	7	19.85311	23
7	--	1.284624	0.724212	8	20.57732	24
8	--	0.775873	0.719204	9	21.29652	25
9	--	1.670709	2.453665	8	22.96723	26
8	--	0.815719	1.758379	7	23.78295	27
7	--	1.29512	0.664505	8	24.44746	28
8	--	1.569806	0.742572	9	25.19003	29
9	--	1.828865	2.764612	8	27.01889	30
8	--	1.466918	1.641675	7	28.48581	31
7	--	1.383377	0.584959	8	29.07077	32
8	--	1.267979	1.246776	9	30.31755	33
9	--	1.141937	1.575585	8	31.45949	34
8	--	0.922295	0.629138	9	32.08863	35
9	--	3.0449	2.438188	10	34.52682	36

test #91
8	--	0.893527	0.968855	7	0.89353	1
7	--	0.551659	0.911473	6	1.44519	2
6	--	0.63564	0.676569	5	2.08083	3
5	--	0.535087	0.914204	4	2.61592	4
4	--	0.922436	0.590481	5	3.2064	5
5	--	1.013319	0.62311	6	3.82951	6
6	--	0.590855	0.765959	5	4.42037	7
5	--	0.619798	0.93918	4	5.04017	8
4	--	0.498449	1.054786	3	5.53862	9
3	--	0.696098	1.080578	2	6.23472	10
2	--	1.37056	0.921624	3	7.15634	11
3	--	1.175118	1.324106	2	8.33146	12
2	--	1.054691	1.240128	1	9.38615	13
1	--	2.261586	3.02418	0	11.64774	14

test #92
8	--	1.346544	1.068254	9	1.06825	1
9	--	1.178285	1.399336	8	2.24654	2
8	--	0.837371	1.402953	7	3.08391	3
7	--	0.504975	0.489483	8	3.57339	4
8	--	0.860674	0.664881	9	4.23827	5
9	--	1.88056	1.269896	10	5.50817	6

test #93
8	--	1.662596	1.571497	9	1.5715	1
9	--	3.218142	0.916671	10	2.48817	2

test #94
8	--	1.279505	0.552356	9	0.55236	1
9	--	2.792951	0.984407	10	1.53677	2

test #95
8	--	1.074043	0.615112	9	0.61511	1
9	--	1.117944	2.98544	8	1.73305	2
8	--	1.787596	0.549314	9	2.28236	3
9	--	1.744077	2.202226	8	4.02644	4
8	--	1.684162	1.604662	9	5.6311	5
9	--	2.078601	3.162016	8	7.7097	6
8	--	0.962729	0.750339	9	8.46004	7
9	--	1.041995	2.126171	8	9.50204	8
8	--	0.530642	0.990198	7	10.03268	9
7	--	1.297277	0.618868	8	10.65155	10
8	--	0.831618	0.947005	7	11.48317	11
7	--	0.406629	0.775068	6	11.8898	12
6	--	0.466561	0.446341	7	12.33614	13
7	--	1.289055	1.336631	6	13.6252	14
6	--	0.773459	0.3785	7	14.0037	15
7	--	0.951498	0.621753	8	14.62545	16
8	--	1.158552	1.276358	7	15.784	17
7	--	1.326862	0.858876	8	16.64288	18
8	--	1.222234	0.939104	9	17.58198	19
9	--	1.253145	1.432975	8	18.83512	20
8	--	0.677448	0.764247	7	19.51257	21
7	--	0.561456	0.582163	6	20.07403	22
6	--	0.597713	0.558489	7	20.63252	23
7	--	0.905534	0.448844	8	21.08136	24
8	--	1.276449	1.148464	9	22.22982	25
9	--	3.036064	1.032978	10	23.2628	26

test #96
8	--	1.767189	1.710278	9	1.71028	1
9	--	1.299112	2.899249	8	3.00939	2
8	--	1.16944	1.085285	9	4.09468	3
9	--	1.054587	1.909648	8	5.14927	4
8	--	1.163846	0.517186	9	5.66646	5
9	--	0.925395	0.91448	10	6.58094	6

test #97
8	--	0.76638	1.259553	7	0.76638	1
7	--	0.583319	1.421895	6	1.3497	2
6	--	0.444865	0.549284	5	1.79457	3
5	--	0.647251	0.955397	4	2.44182	4
4	--	0.343786	0.689151	3	2.78561	5
3	--	0.710566	0.635577	4	3.42119	6
4	--	0.722432	0.866272	3	4.14362	7
3	--	0.837047	1.086614	2	4.98067	8
2	--	0.967062	0.965484	3	5.94615	9
3	--	0.940639	0.644854	4	6.591	10
4	--	0.870285	0.544301	5	7.1353	11
5	--	0.9217	0.436022	6	7.57132	12
6	--	0.57187	0.659318	5	8.14319	13
5	--	0.497383	0.61489	4	8.64057	14
4	--	0.824135	0.617699	5	9.25827	15
5	--	0.508658	0.379312	6	9.63758	16
6	--	0.452748	0.764865	5	10.09033	17
5	--	1.150677	0.749094	6	10.83942	18
6	--	0.94897	0.818928	7	11.65835	19
7	--	0.640562	1.06131	6	12.29891	20
6	--	0.579408	0.602468	5	12.87832	21
5	--	0.89899	0.644297	6	13.52262	22
6	--	0.445531	0.920827	5	13.96815	23
5	--	0.464906	0.468551	4	14.43306	24
4	--	1.207006	0.478645	5	14.9117	25
5	--	0.636446	0.828589	4	15.54815	26
4	--	0.536977	0.915641	3	16.08513	27
3	--	0.483352	1.029873	2	16.56848	28
2	--	0.860768	1.78775	1	17.42925	29
1	--	0.916001	1.838274	0	18.34525	30

test #98
8	--	1.719117	1.462399	9	1.4624	1
9	--	2.093815	2.481691	8	3.55622	2
8	--	1.370432	0.52199	9	4.07821	3
9	--	0.944362	0.968971	8	5.02257	4
8	--	1.315265	1.171936	9	6.19451	5
9	--	2.791571	1.13832	10	7.33283	6

test #99
8	--	1.427933	0.58806	9	0.58806	1
9	--	2.661302	1.90479	10	2.49285	2
