start i C()	t_left		t_right 	New i	Total time generation

test #0
2	--	0.586288	1.378748	1	0.58629	1
1	--	1.517475	1.670714	0	2.10376	2

test #1
2	--	1.822709	1.566031	3	1.56603	1
3	--	0.486865	0.487025	2	2.05289	2
2	--	0.95014	1.481012	1	3.00303	3
1	--	2.192915	1.225885	2	4.22891	4
2	--	0.693364	0.674422	3	4.90333	5
3	--	0.669176	0.58828	4	5.49161	6
4	--	0.409222	1.083786	3	5.90083	7
3	--	0.713881	0.804664	2	6.61471	8
2	--	0.895345	1.183279	1	7.51005	9
1	--	2.281493	2.627985	0	9.79154	10

test #2
2	--	1.659094	0.98535	3	0.98535	1
3	--	0.860473	0.690824	4	1.67617	2
4	--	0.887113	0.579251	5	2.25542	3
5	--	0.476968	0.886397	4	2.73239	4
4	--	0.802163	1.078421	3	3.53455	5
3	--	1.193451	1.407818	2	4.728	6
2	--	0.841602	1.35613	1	5.5696	7
1	--	2.851198	1.190652	2	6.76025	8
2	--	1.017279	1.062793	1	7.77753	9
1	--	1.629615	2.742511	0	9.40715	10

test #3
2	--	0.609182	1.038405	1	0.60918	1
1	--	1.78303	2.752891	0	2.39221	2

test #4
2	--	0.654534	1.298816	1	0.65453	1
1	--	2.476964	2.162601	2	2.81713	2
2	--	1.11047	1.745647	1	3.9276	3
1	--	2.81177	3.188977	0	6.73937	4

test #5
2	--	0.948187	0.749999	3	0.75	1
3	--	0.663017	0.652563	4	1.40256	2
4	--	0.701589	0.947014	3	2.10415	3
3	--	1.052171	1.195916	2	3.15632	4
2	--	1.831478	0.537909	3	3.69423	5
3	--	0.808327	1.254319	2	4.50256	6
2	--	1.74039	0.911139	3	5.4137	7
3	--	0.909263	1.100529	2	6.32296	8
2	--	1.677757	0.58615	3	6.90911	9
3	--	1.027762	0.900667	4	7.80978	10
4	--	0.885406	0.723736	5	8.53352	11
5	--	0.98345	0.736521	6	9.27004	12
6	--	0.792634	1.192568	5	10.06267	13
5	--	0.508852	0.56222	4	10.57152	14
4	--	0.525567	0.383271	5	10.95479	15
5	--	1.070642	0.751198	6	11.70599	16
6	--	0.392885	0.400281	5	12.09887	17
5	--	0.476459	0.442205	6	12.54108	18
6	--	0.828349	1.036468	5	13.36943	19
5	--	0.398864	0.965575	4	13.76829	20
4	--	1.147787	1.190104	3	14.91608	21
3	--	0.398373	0.600723	2	15.31445	22
2	--	1.635943	0.533608	3	15.84806	23
3	--	0.972107	1.192193	2	16.82017	24
2	--	1.160124	1.114705	3	17.93488	25
3	--	0.894699	1.415992	2	18.82958	26
2	--	1.517664	0.638798	3	19.46838	27
3	--	0.779136	1.271833	2	20.24752	28
2	--	0.519696	1.531742	1	20.76722	29
1	--	1.604524	1.439015	2	22.20623	30
2	--	1.200435	0.722398	3	22.92863	31
3	--	0.791039	0.739915	4	23.66854	32
4	--	0.773878	0.875013	3	24.44242	33
3	--	0.437602	0.975141	2	24.88002	34
2	--	1.811008	1.401728	3	26.28175	35
3	--	0.966797	0.790744	4	27.07249	36
4	--	0.404114	0.591419	3	27.4766	37
3	--	1.29607	1.045146	4	28.52175	38
4	--	1.134104	0.555514	5	29.07726	39
5	--	0.838349	0.867187	4	29.91561	40
4	--	0.583277	0.740352	3	30.49889	41
3	--	1.27928	0.640343	4	31.13923	42
4	--	0.541889	0.696269	3	31.68112	43
3	--	0.878678	0.461692	4	32.14281	44
4	--	0.662025	0.544018	5	32.68683	45
5	--	0.848363	0.919786	4	33.53519	46
4	--	0.34396	0.995909	3	33.87915	47
3	--	0.64252	0.697059	2	34.52167	48
2	--	1.347896	0.694906	3	35.21658	49
3	--	0.763162	1.183758	2	35.97974	50
2	--	1.074109	1.060909	3	37.04065	51
3	--	1.043292	0.546195	4	37.58684	52
4	--	0.487777	0.966445	3	38.07462	53
3	--	0.686082	1.290948	2	38.7607	54
2	--	1.674924	1.027646	3	39.78835	55
3	--	1.248373	0.787917	4	40.57627	56
4	--	1.042532	0.446488	5	41.02276	57
5	--	0.399798	0.825956	4	41.42256	58
4	--	0.346737	1.238493	3	41.7693	59
3	--	1.313258	0.515058	4	42.28436	60
4	--	0.827085	1.07798	3	43.11144	61
3	--	0.799504	1.270122	2	43.91094	62
2	--	1.359701	1.573049	1	45.27064	63
1	--	1.52094	1.858247	0	46.79158	64

test #6
2	--	1.451419	0.601228	3	0.60123	1
3	--	1.01925	1.107378	2	1.62048	2
2	--	0.998081	0.603326	3	2.22381	3
3	--	1.247618	0.984341	4	3.20815	4
4	--	1.204002	0.390187	5	3.59834	5
5	--	0.748153	0.670985	6	4.26933	6
6	--	0.653339	1.096308	5	4.92267	7
5	--	0.683278	0.979827	4	5.60595	8
4	--	0.781404	0.96395	3	6.38735	9
3	--	0.837892	0.924554	2	7.22524	10
2	--	1.486359	1.323282	3	8.54852	11
3	--	0.598906	1.36688	2	9.14743	12
2	--	1.574819	0.704544	3	9.85197	13
3	--	0.598905	0.63791	2	10.45088	14
2	--	1.676016	1.205579	3	11.65646	15
3	--	1.004202	1.256973	2	12.66066	16
2	--	1.690668	1.79163	1	14.35133	17
1	--	0.926144	2.261991	0	15.27747	18

test #7
2	--	1.522295	0.748682	3	0.74868	1
3	--	0.618592	0.783597	2	1.36727	2
2	--	1.218706	1.568029	1	2.58598	3
1	--	2.699955	1.080244	2	3.66622	4
2	--	0.796126	1.6678	1	4.46235	5
1	--	0.937363	2.487446	0	5.39971	6

test #8
2	--	1.767681	0.88441	3	0.88441	1
3	--	1.273203	1.103568	4	1.98798	2
4	--	0.558842	1.13873	3	2.54682	3
3	--	0.685135	0.763333	2	3.23196	4
2	--	1.13321	0.827829	3	4.05979	5
3	--	1.046566	0.665849	4	4.72564	6
4	--	0.446856	0.690532	3	5.1725	7
3	--	0.644514	1.140719	2	5.81701	8
2	--	1.267283	0.906178	3	6.72319	9
3	--	1.180185	1.075333	4	7.79852	10
4	--	0.582596	0.791142	3	8.38112	11
3	--	0.47234	1.088674	2	8.85346	12
2	--	0.673296	1.613898	1	9.52676	13
1	--	1.692725	1.974002	0	11.21949	14

test #9
2	--	0.99794	1.480656	1	0.99794	1
1	--	2.819095	1.437462	2	2.4354	2
2	--	0.707859	1.387752	1	3.14326	3
1	--	1.653068	1.431122	2	4.57438	4
2	--	0.923567	0.689059	3	5.26344	5
3	--	1.33104	1.148551	4	6.41199	6
4	--	0.643794	0.411399	5	6.82339	7
5	--	0.874657	0.67484	6	7.49823	8
6	--	0.620859	1.147142	5	8.11909	9
5	--	0.812951	0.608193	6	8.72728	10
6	--	0.620903	0.547857	7	9.27514	11
7	--	0.859632	0.813989	8	10.08913	12
8	--	0.800696	1.026413	7	10.88983	13
7	--	1.090075	0.926902	8	11.81673	14
8	--	0.541943	1.153808	7	12.35867	15
7	--	0.416786	0.649599	6	12.77546	16
6	--	1.093534	1.095506	5	13.86899	17
5	--	0.591773	0.778492	4	14.46076	18
4	--	0.575345	0.972741	3	15.0361	19
3	--	1.284538	1.046612	4	16.08271	20
4	--	0.61057	0.821438	3	16.69328	21
3	--	0.546768	0.832518	2	17.24005	22
2	--	1.345352	1.055427	3	18.29548	23
3	--	1.09697	1.038659	4	19.33414	24
4	--	0.524571	0.685059	3	19.85871	25
3	--	0.958176	1.229515	2	20.81689	26
2	--	0.908809	0.774723	3	21.59161	27
3	--	1.231414	0.49588	4	22.08749	28
4	--	0.516046	0.581916	3	22.60354	29
3	--	0.88115	1.422763	2	23.48469	30
2	--	1.006953	0.981874	3	24.46656	31
3	--	0.618655	1.28295	2	25.08521	32
2	--	1.840671	0.862164	3	25.94737	33
3	--	0.746325	0.557664	4	26.50503	34
4	--	0.538503	0.668606	3	27.04353	35
3	--	1.047397	1.348659	2	28.09093	36
2	--	0.730582	0.882675	1	28.82151	37
1	--	2.398454	2.621618	0	31.21996	38

test #10
2	--	1.263834	1.53994	1	1.26383	1
1	--	2.096761	2.006856	2	3.27069	2
2	--	0.76301	1.665803	1	4.0337	3
1	--	1.236467	0.956821	2	4.99052	4
2	--	0.945026	1.073943	1	5.93555	5
1	--	1.978291	1.66235	2	7.5979	6
2	--	0.569027	1.810011	1	8.16693	7
1	--	1.120487	2.854208	0	9.28742	8

test #11
2	--	1.841115	1.231498	3	1.2315	1
3	--	0.447624	1.00088	2	1.67912	2
2	--	0.819928	0.514431	3	2.19355	3
3	--	0.955739	1.310513	2	3.14929	4
2	--	0.848162	0.72618	3	3.87547	5
3	--	0.577508	0.851015	2	4.45298	6
2	--	1.139401	0.584149	3	5.03713	7
3	--	0.639989	0.468873	4	5.506	8
4	--	0.787731	0.841849	3	6.29373	9
3	--	0.442659	0.821801	2	6.73639	10
2	--	1.434144	1.340858	3	8.07725	11
3	--	1.032416	0.44444	4	8.52169	12
4	--	1.231931	0.435664	5	8.95735	13
5	--	0.437934	0.348503	6	9.30585	14
6	--	0.564867	0.927798	5	9.87072	15
5	--	0.721439	1.076853	4	10.59216	16
4	--	0.743525	0.637724	5	11.22988	17
5	--	0.707429	0.5782	6	11.80808	18
6	--	0.658578	0.381452	7	12.18953	19
7	--	0.817057	0.871544	6	13.00659	20
6	--	0.499434	0.992261	5	13.50602	21
5	--	0.777328	0.721626	6	14.22765	22
6	--	0.362103	0.6575	5	14.58975	23
5	--	0.478792	0.742157	4	15.06854	24
4	--	0.83187	1.196215	3	15.90041	25
3	--	0.948288	0.880231	4	16.78064	26
4	--	1.193875	1.24524	3	17.97452	27
3	--	0.858281	0.442092	4	18.41661	28
4	--	0.902892	0.793818	5	19.21043	29
5	--	0.377593	0.74151	4	19.58802	30
4	--	0.851154	0.750312	5	20.33833	31
5	--	1.192099	0.695959	6	21.03429	32
6	--	0.54078	0.474241	7	21.50853	33
7	--	0.787087	1.002778	6	22.29562	34
6	--	0.989102	0.519436	7	22.81506	35
7	--	0.940679	0.527397	8	23.34246	36
8	--	0.830626	0.60863	9	23.95109	37
9	--	1.824281	1.712871	10	25.66396	38

test #12
2	--	1.501834	0.615423	3	0.61542	1
3	--	0.462354	1.257943	2	1.07777	2
2	--	1.350024	0.827423	3	1.90519	3
3	--	0.776453	1.164528	2	2.68164	4
2	--	1.020149	0.582545	3	3.26418	5
3	--	0.424603	0.559149	2	3.68878	6
2	--	1.635415	1.165298	3	4.85408	7
3	--	0.598004	1.415845	2	5.45208	8
2	--	0.835442	1.850155	1	6.28752	9
1	--	1.048238	1.389327	0	7.33576	10

test #13
2	--	0.758002	0.947527	1	0.758	1
1	--	2.322444	1.216077	2	1.97408	2
2	--	1.484997	1.126768	3	3.10085	3
3	--	0.54468	1.119195	2	3.64553	4
2	--	1.865843	1.22654	3	4.87207	5
3	--	0.776521	0.999563	2	5.64859	6
2	--	1.851335	0.747905	3	6.3965	7
3	--	0.740092	0.995856	2	7.13659	8
2	--	0.582793	1.751992	1	7.71938	9
1	--	3.227627	1.518595	2	9.23797	10
2	--	1.688689	1.205583	3	10.44355	11
3	--	0.799915	0.462472	4	10.90602	12
4	--	0.730708	0.719279	5	11.6253	13
5	--	1.029971	0.817311	6	12.44261	14
6	--	0.481464	0.638338	5	12.92407	15
5	--	0.465053	0.772038	4	13.38912	16
4	--	0.747029	0.941732	3	14.13615	17
3	--	0.736776	0.641314	4	14.77746	18
4	--	0.669073	0.609823	5	15.38728	19
5	--	0.582017	0.459301	6	15.84658	20
6	--	0.693505	0.926765	5	16.54009	21
5	--	0.399248	0.817169	4	16.93934	22
4	--	0.401461	0.762554	3	17.3408	23
3	--	0.606431	0.964038	2	17.94723	24
2	--	1.589288	1.748014	1	19.53652	25
1	--	1.222108	1.624921	0	20.75863	26

test #14
2	--	1.397252	0.994533	3	0.99453	1
3	--	0.796046	0.694422	4	1.68895	2
4	--	1.218741	0.722661	5	2.41161	3
5	--	0.955699	0.499693	6	2.9113	4
6	--	0.557208	0.389449	7	3.30075	5
7	--	0.862354	1.080479	6	4.1631	6
6	--	0.989922	0.551186	7	4.71429	7
7	--	0.553873	0.886511	6	5.26816	8
6	--	0.621637	0.78745	5	5.8898	9
5	--	0.648343	0.782069	4	6.53814	10
4	--	0.870291	0.876947	3	7.40843	11
3	--	0.404453	0.785411	2	7.81288	12
2	--	0.995262	0.570406	3	8.38329	13
3	--	0.654253	0.613595	4	8.99689	14
4	--	0.796293	0.701336	5	9.69823	15
5	--	1.165544	0.991677	6	10.68991	16
6	--	0.51417	0.357338	7	11.04725	17
7	--	0.463624	0.707592	6	11.51087	18
6	--	0.633092	0.502596	7	12.01347	19
7	--	1.165167	0.501991	8	12.51546	20
8	--	0.704326	0.980416	7	13.21979	21
7	--	1.009979	1.007932	8	14.22772	22
8	--	0.583185	0.762585	7	14.8109	23
7	--	1.379308	0.923214	8	15.73411	24
8	--	1.822937	1.077236	9	16.81135	25
9	--	2.127609	1.013623	10	17.82497	26

test #15
2	--	0.630894	1.515375	1	0.63089	1
1	--	1.912019	2.36566	0	2.54291	2

test #16
2	--	0.627458	0.902816	1	0.62746	1
1	--	1.446834	1.533212	0	2.07429	2

test #17
2	--	1.69516	0.566389	3	0.56639	1
3	--	0.507583	1.149525	2	1.07397	2
2	--	1.035393	0.931412	3	2.00538	3
3	--	0.85222	0.625556	4	2.63094	4
4	--	0.616272	1.160184	3	3.24721	5
3	--	0.817767	0.541325	4	3.78853	6
4	--	0.577304	0.936554	3	4.36583	7
3	--	0.524793	0.421779	4	4.78761	8
4	--	0.825853	0.493476	5	5.28109	9
5	--	0.873516	0.722142	6	6.00323	10
6	--	0.377507	1.14151	5	6.38074	11
5	--	0.894404	0.778045	6	7.15878	12
6	--	0.36579	0.738438	5	7.52457	13
5	--	0.541322	0.876175	4	8.06589	14
4	--	0.647117	0.934326	3	8.71301	15
3	--	0.405726	1.098229	2	9.11874	16
2	--	0.731437	1.588598	1	9.85018	17
1	--	3.219826	2.095809	2	11.94599	18
2	--	1.293863	1.731352	1	13.23985	19
1	--	1.137042	1.337148	0	14.37689	20

test #18
2	--	0.684783	0.93538	1	0.68478	1
1	--	1.169013	1.755577	0	1.85379	2

test #19
2	--	0.737057	0.927061	1	0.73706	1
1	--	3.022835	1.815719	2	2.55278	2
2	--	0.667776	1.578388	1	3.22056	3
1	--	1.808496	1.070967	2	4.29153	4
2	--	0.896777	0.929838	1	5.18831	5
1	--	1.078716	2.891081	0	6.26703	6

test #20
2	--	0.636796	1.134356	1	0.6368	1
1	--	2.082364	1.146605	2	1.78341	2
2	--	1.509235	0.761878	3	2.54529	3
3	--	1.386938	0.690575	4	3.23587	4
4	--	0.417944	0.527006	3	3.65381	5
3	--	0.70144	0.651487	4	4.3053	6
4	--	0.508967	0.373837	5	4.67914	7
5	--	0.725268	0.580096	6	5.25924	8
6	--	0.917188	1.02625	5	6.17643	9
5	--	0.927525	1.047796	4	7.10396	10
4	--	1.146275	0.720569	5	7.82453	11
5	--	0.676545	0.610221	6	8.43475	12
6	--	0.873981	0.809422	7	9.24417	13
7	--	1.359089	1.274401	8	10.51857	14
8	--	1.050454	1.297349	7	11.56902	15
7	--	0.616363	1.18709	6	12.18538	16
6	--	1.158779	0.600759	7	12.78614	17
7	--	0.923857	0.794941	8	13.58108	18
8	--	1.243252	1.060778	9	14.64186	19
9	--	3.274134	2.423389	10	17.06525	20

test #21
2	--	1.794103	0.850729	3	0.85073	1
3	--	1.149654	1.161	2	2.00038	2
2	--	1.074644	1.037742	3	3.03812	3
3	--	0.686858	0.882989	2	3.72498	4
2	--	0.533996	0.815167	1	4.25898	5
1	--	2.741404	2.584206	2	6.84319	6
2	--	0.797377	1.165314	1	7.64057	7
1	--	2.873382	2.960932	0	10.51395	8

test #22
2	--	0.676273	1.251319	1	0.67627	1
1	--	2.389288	0.958955	2	1.63523	2
2	--	0.826658	1.487937	1	2.46189	3
1	--	2.172384	1.751689	2	4.21358	4
2	--	0.807972	0.550239	3	4.76382	5
3	--	1.158526	0.533803	4	5.29762	6
4	--	1.017574	0.353269	5	5.65089	7
5	--	1.148513	0.884805	6	6.53569	8
6	--	1.129507	0.744427	7	7.28012	9
7	--	0.546243	0.404971	8	7.68509	10
8	--	0.952311	0.863063	9	8.54815	11
9	--	0.947505	0.918176	10	9.46633	12

test #23
2	--	0.581958	1.55519	1	0.58196	1
1	--	1.016702	2.083699	0	1.59866	2

test #24
2	--	1.253429	1.141887	3	1.14189	1
3	--	1.119315	0.529422	4	1.67131	2
4	--	0.914161	0.371017	5	2.04233	3
5	--	0.494522	0.561364	4	2.53685	4
4	--	0.432326	0.837193	3	2.96918	5
3	--	0.607409	0.523999	4	3.49318	6
4	--	0.901806	0.621811	5	4.11499	7
5	--	0.387379	0.653156	4	4.50237	8
4	--	1.06306	0.766756	5	5.26913	9
5	--	1.018909	0.410534	6	5.67966	10
6	--	0.58291	0.64666	5	6.26257	11
5	--	0.970814	0.709909	6	6.97248	12
6	--	0.555873	0.629205	5	7.52835	13
5	--	0.605923	1.092379	4	8.13427	14
4	--	0.503723	1.033341	3	8.63799	15
3	--	0.477314	0.457523	4	9.09551	16
4	--	0.974531	0.758463	5	9.85397	17
5	--	0.479871	1.173637	4	10.33384	18
4	--	0.980047	0.959033	5	11.29287	19
5	--	0.980032	0.329887	6	11.62276	20
6	--	0.747488	0.561838	7	12.1846	21
7	--	0.660424	0.644478	8	12.82908	22
8	--	1.348342	1.619956	7	14.17742	23
7	--	0.416491	1.385957	6	14.59391	24
6	--	1.097979	0.618447	7	15.21236	25
7	--	0.717415	0.670977	8	15.88334	26
8	--	0.691369	1.219164	7	16.57471	27
7	--	1.236556	1.162488	8	17.7372	28
8	--	0.796098	1.832109	7	18.5333	29
7	--	1.224809	0.880504	8	19.4138	30
8	--	0.893566	1.436576	7	20.30737	31
7	--	0.710487	0.870069	6	21.01786	32
6	--	1.131317	0.497666	7	21.51553	33
7	--	0.655214	1.094808	6	22.17074	34
6	--	0.820042	0.744061	7	22.9148	35
7	--	0.582853	1.262866	6	23.49765	36
6	--	0.409212	0.994824	5	23.90686	37
5	--	0.584785	0.614925	4	24.49164	38
4	--	0.827373	0.968184	3	25.31901	39
3	--	0.803471	0.786022	4	26.10503	40
4	--	1.07224	0.409219	5	26.51425	41
5	--	1.156559	0.72101	6	27.23526	42
6	--	0.689108	1.239996	5	27.92437	43
5	--	1.146109	0.815254	6	28.73962	44
6	--	0.595784	0.784845	5	29.3354	45
5	--	0.563165	0.440629	6	29.77603	46
6	--	0.837645	0.558045	7	30.33408	47
7	--	1.15108	1.356464	6	31.48516	48
6	--	1.062957	0.853176	7	32.33834	49
7	--	1.174066	1.09055	8	33.42889	50
8	--	1.635244	1.570705	9	34.9996	51
9	--	1.450708	1.348546	10	36.34815	52

test #25
2	--	0.918845	0.733525	3	0.73352	1
3	--	0.907543	0.526554	4	1.26007	2
4	--	0.358788	0.790717	3	1.61886	3
3	--	0.919431	1.099755	2	2.53829	4
2	--	0.963269	0.722007	3	3.2603	5
3	--	0.691859	1.345698	2	3.95216	6
2	--	0.549556	1.344404	1	4.50172	7
1	--	1.56616	0.980713	2	5.48243	8
2	--	1.327268	1.392219	1	6.8097	9
1	--	2.411659	1.011657	2	7.82136	10
2	--	0.565379	1.309509	1	8.38674	11
1	--	1.505542	1.125294	2	9.51203	12
2	--	0.766358	0.544838	3	10.05687	13
3	--	0.538949	0.634674	2	10.59582	14
2	--	1.19327	1.109794	3	11.70561	15
3	--	0.57736	1.399714	2	12.28297	16
2	--	0.834078	1.226039	1	13.11705	17
1	--	1.054067	1.230336	0	14.17112	18

test #26
2	--	1.658527	0.845058	3	0.84506	1
3	--	0.971032	0.443837	4	1.2889	2
4	--	0.780173	0.445079	5	1.73398	3
5	--	0.435632	0.756882	4	2.16961	4
4	--	0.75952	0.872633	3	2.92913	5
3	--	1.146989	0.40857	4	3.3377	6
4	--	0.909385	0.38997	5	3.72767	7
5	--	0.9687	1.188543	4	4.69637	8
4	--	0.38573	0.519666	3	5.0821	9
3	--	1.068239	0.458371	4	5.54047	10
4	--	0.769838	0.431593	5	5.97206	11
5	--	0.672798	0.834379	4	6.64486	12
4	--	0.581623	0.438697	5	7.08356	13
5	--	0.486619	0.77263	4	7.57018	14
4	--	0.600574	0.836648	3	8.17075	15
3	--	1.274715	0.704731	4	8.87548	16
4	--	0.492676	0.727044	3	9.36816	17
3	--	1.177363	0.673306	4	10.04147	18
4	--	0.365166	0.526964	3	10.40664	19
3	--	1.224719	0.593428	4	11.00007	20
4	--	0.862701	0.416778	5	11.41685	21
5	--	0.996702	0.740193	6	12.15704	22
6	--	0.656682	0.756059	5	12.81372	23
5	--	0.864018	1.108731	4	13.67774	24
4	--	1.071587	0.693042	5	14.37078	25
5	--	0.396325	0.505298	4	14.7671	26
4	--	0.381411	0.640632	3	15.14851	27
3	--	0.95305	0.817633	4	15.96614	28
4	--	0.694205	0.646238	5	16.61238	29
5	--	0.510172	0.41798	6	17.03036	30
6	--	0.809151	0.474302	7	17.50466	31
7	--	0.522633	0.981533	6	18.02729	32
6	--	0.542878	0.452297	7	18.47959	33
7	--	0.528703	1.160648	6	19.00829	34
6	--	0.88639	0.978337	5	19.89468	35
5	--	1.089007	0.895279	6	20.78996	36
6	--	0.554026	1.01979	5	21.34399	37
5	--	0.827982	0.502209	6	21.8462	38
6	--	0.410054	0.902312	5	22.25625	39
5	--	0.605067	1.159267	4	22.86132	40
4	--	0.599552	0.58251	5	23.44383	41
5	--	0.650417	0.761262	4	24.09425	42
4	--	0.371248	1.155641	3	24.4655	43
3	--	0.486719	0.918987	2	24.95222	44
2	--	0.573136	0.879208	1	25.52536	45
1	--	1.051995	1.509295	0	26.57736	46

test #27
2	--	0.99795	1.312911	1	0.99795	1
1	--	2.4403	2.217389	2	3.21534	2
2	--	0.911664	1.032213	1	4.127	3
1	--	2.97904	1.229939	2	5.35694	4
2	--	0.702265	0.704521	1	6.05921	5
1	--	2.831564	1.193589	2	7.2528	6
2	--	1.598829	1.49797	3	8.75077	7
3	--	0.420187	0.522016	2	9.17096	8
2	--	1.039878	1.280512	1	10.21084	9
1	--	1.517194	2.374287	0	11.72803	10

test #28
2	--	1.326417	1.044209	3	1.04421	1
3	--	0.584997	0.574868	4	1.61908	2
4	--	0.900767	0.523134	5	2.14221	3
5	--	1.125545	0.356795	6	2.499	4
6	--	0.997408	0.776481	7	3.27548	5
7	--	0.577306	1.148866	6	3.85279	6
6	--	0.523399	0.440944	7	4.29373	7
7	--	1.047175	0.481826	8	4.77556	8
8	--	0.608627	1.705238	7	5.38419	9
7	--	0.705181	0.468208	8	5.8524	10
8	--	1.692149	0.577343	9	6.42974	11
9	--	2.188837	1.77281	10	8.20255	12

test #29
2	--	1.848675	0.913439	3	0.91344	1
3	--	0.673808	0.424582	4	1.33802	2
4	--	0.351598	1.147988	3	1.68962	3
3	--	0.397563	1.14441	2	2.08718	4
2	--	1.685738	0.66869	3	2.75587	5
3	--	0.500413	0.815453	2	3.25628	6
2	--	1.50418	1.453027	3	4.70931	7
3	--	1.20458	0.589719	4	5.29903	8
4	--	0.345006	0.498364	3	5.64404	9
3	--	0.506387	1.165622	2	6.15043	10
2	--	0.855334	0.669049	3	6.81948	11
3	--	0.568971	1.286544	2	7.38845	12
2	--	0.542566	1.393588	1	7.93102	13
1	--	1.970013	1.945562	2	9.87658	14
2	--	0.685887	1.185785	1	10.56247	15
1	--	1.681601	3.083562	0	12.24407	16

test #30
2	--	0.686904	1.404963	1	0.6869	1
1	--	2.002193	1.284118	2	1.97102	2
2	--	0.77128	0.816633	1	2.7423	3
1	--	1.061302	2.130864	0	3.8036	4

test #31
2	--	1.031258	1.338423	1	1.03126	1
1	--	1.915818	1.242304	2	2.27356	2
2	--	1.496855	0.778357	3	3.05192	3
3	--	0.823364	0.961337	2	3.87528	4
2	--	1.480234	1.226702	3	5.10198	5
3	--	0.449925	1.021395	2	5.55191	6
2	--	0.958851	1.049661	1	6.51076	7
1	--	1.812697	1.079178	2	7.58994	8
2	--	0.89546	1.177089	1	8.4854	9
1	--	1.52045	0.962275	2	9.44767	10
2	--	1.104883	1.529	1	10.55255	11
1	--	1.828327	1.965833	0	12.38088	12

test #32
2	--	1.344106	0.651316	3	0.65132	1
3	--	1.1407	0.940334	4	1.59165	2
4	--	1.133752	1.153962	3	2.7254	3
3	--	0.819361	0.541854	4	3.26725	4
4	--	1.045081	0.929316	5	4.19657	5
5	--	0.970071	0.870421	6	5.06699	6
6	--	0.62441	0.704841	5	5.6914	7
5	--	0.557516	0.396855	6	6.08826	8
6	--	0.412827	0.381726	7	6.46999	9
7	--	1.319587	0.43677	8	6.90676	10
8	--	0.577465	1.105712	7	7.48423	11
7	--	1.344091	0.436986	8	7.92122	12
8	--	1.857082	0.795496	9	8.71672	13
9	--	2.475785	1.166816	10	9.88354	14

test #33
2	--	1.36757	0.96071	3	0.96071	1
3	--	1.173402	0.559677	4	1.52039	2
4	--	0.761852	1.091523	3	2.28224	3
3	--	1.33697	1.282801	4	3.56504	4
4	--	0.578035	0.408198	5	3.97324	5
5	--	0.677981	1.101254	4	4.65122	6
4	--	0.476517	1.01052	3	5.12774	7
3	--	1.298525	0.871777	4	5.99952	8
4	--	0.847454	0.386369	5	6.38589	9
5	--	0.563962	0.449567	6	6.83546	10
6	--	0.633389	1.189391	5	7.46885	11
5	--	1.118536	0.470873	6	7.93972	12
6	--	0.388611	0.718471	5	8.32833	13
5	--	0.623445	0.833747	4	8.95178	14
4	--	1.181718	0.888782	5	9.84056	15
5	--	0.698108	0.468926	6	10.30949	16
6	--	1.066116	0.518783	7	10.82827	17
7	--	1.299897	1.352271	6	12.12817	18
6	--	0.87944	0.990363	5	13.00761	19
5	--	0.790348	0.339379	6	13.34699	20
6	--	0.781578	0.643165	7	13.99015	21
7	--	0.452258	0.694876	6	14.44241	22
6	--	1.07984	0.899902	7	15.34231	23
7	--	0.796338	0.817222	6	16.13865	24
6	--	0.854218	0.550307	7	16.68896	25
7	--	0.901712	0.600416	8	17.28938	26
8	--	1.225461	0.844865	9	18.13424	27
9	--	1.92704	1.796284	10	19.93052	28

test #34
2	--	1.143926	1.619636	1	1.14393	1
1	--	1.937775	2.926797	0	3.08171	2

test #35
2	--	0.982627	1.513801	1	0.98263	1
1	--	2.615868	1.075946	2	2.05858	2
2	--	1.234375	0.86158	3	2.92016	3
3	--	1.23043	1.293928	2	4.15059	4
2	--	0.82936	1.606046	1	4.97995	5
1	--	2.461025	1.31188	2	6.29183	6
2	--	1.385991	1.457886	1	7.67782	7
1	--	1.748521	2.411516	0	9.42634	8

test #36
2	--	0.78726	0.553085	3	0.55309	1
3	--	0.615673	0.47319	4	1.02628	2
4	--	0.681529	0.611419	5	1.6377	3
5	--	0.508566	0.44027	6	2.07797	4
6	--	0.579627	0.63245	5	2.6576	5
5	--	0.546886	0.56282	4	3.20449	6
4	--	0.761775	0.580639	5	3.78513	7
5	--	1.17568	0.852862	6	4.63799	8
6	--	0.828632	0.718842	7	5.35683	9
7	--	0.757709	1.384171	6	6.11454	10
6	--	0.964025	0.620934	7	6.73547	11
7	--	0.64042	0.469902	8	7.20537	12
8	--	1.784417	0.802227	9	8.0076	13
9	--	1.89968	1.623239	10	9.63084	14

test #37
2	--	1.188472	1.145078	3	1.14508	1
3	--	0.520034	1.113708	2	1.66511	2
2	--	0.562941	1.568399	1	2.22805	3
1	--	1.989494	1.571597	2	3.79965	4
2	--	1.151327	1.682132	1	4.95098	5
1	--	1.326126	1.08462	2	6.0356	6
2	--	1.431257	1.152463	3	7.18806	7
3	--	0.904376	0.495504	4	7.68356	8
4	--	0.632159	0.495094	5	8.17865	9
5	--	0.606422	0.385309	6	8.56396	10
6	--	0.833703	0.348044	7	8.912	11
7	--	0.740502	1.05884	6	9.6525	12
6	--	0.754705	0.594833	7	10.24733	13
7	--	1.390846	0.714174	8	10.9615	14
8	--	0.845103	0.711454	9	11.67295	15
9	--	0.956649	2.155681	8	12.6296	16
8	--	1.418432	1.287209	9	13.91681	17
9	--	1.922139	3.222536	8	15.83895	18
8	--	1.005587	1.001135	9	16.84009	19
9	--	3.029859	2.103508	10	18.9436	20

test #38
2	--	0.799747	1.127067	1	0.79975	1
1	--	2.282692	0.98159	2	1.78134	2
2	--	1.243317	0.606193	3	2.38753	3
3	--	0.814513	0.998919	2	3.20204	4
2	--	1.004568	1.610705	1	4.20661	5
1	--	2.091077	1.410856	2	5.61747	6
2	--	0.650671	1.707324	1	6.26814	7
1	--	2.042747	1.700262	2	7.9684	8
2	--	1.575808	0.591724	3	8.56012	9
3	--	0.689023	1.133876	2	9.24914	10
2	--	1.335646	0.725497	3	9.97464	11
3	--	1.16408	0.473877	4	10.44852	12
4	--	0.901004	0.830729	5	11.27925	13
5	--	0.423263	0.794053	4	11.70251	14
4	--	0.563938	0.7286	3	12.26645	15
3	--	0.715357	0.510742	4	12.77719	16
4	--	1.088965	0.807882	5	13.58507	17
5	--	0.426813	0.669174	4	14.01188	18
4	--	0.361327	0.432662	3	14.37321	19
3	--	0.722777	0.957175	2	15.09599	20
2	--	0.992762	1.283236	1	16.08875	21
1	--	1.489528	0.91707	2	17.00582	22
2	--	1.366283	1.031556	3	18.03738	23
3	--	1.299072	0.667428	4	18.70481	24
4	--	0.913449	0.58127	5	19.28608	25
5	--	0.613679	0.532893	6	19.81897	26
6	--	0.581902	0.419988	7	20.23896	27
7	--	1.035612	1.258247	6	21.27457	28
6	--	0.921693	0.513912	7	21.78848	29
7	--	0.408141	0.858284	6	22.19662	30
6	--	0.635798	0.881351	5	22.83242	31
5	--	0.335868	0.351263	4	23.16829	32
4	--	0.810961	0.639731	5	23.80802	33
5	--	0.954782	0.930232	6	24.73825	34
6	--	0.684314	1.070816	5	25.42256	35
5	--	1.131943	0.934086	6	26.35665	36
6	--	0.675025	0.773838	5	27.03167	37
5	--	0.740355	0.355102	6	27.38677	38
6	--	0.440577	0.632106	5	27.82735	39
5	--	1.154025	0.375887	6	28.20324	40
6	--	0.47577	0.543754	5	28.67901	41
5	--	0.743827	0.402607	6	29.08162	42
6	--	0.955987	0.485521	7	29.56714	43
7	--	0.986321	0.514767	8	30.08191	44
8	--	1.472785	0.909465	9	30.99137	45
9	--	0.939338	3.144675	8	31.93071	46
8	--	1.31071	0.888351	9	32.81906	47
9	--	1.823648	2.527841	8	34.64271	48
8	--	1.512073	1.389703	9	36.03241	49
9	--	2.531349	2.527196	10	38.55961	50

test #39
2	--	0.938743	0.976741	1	0.93874	1
1	--	2.046359	1.830718	2	2.76946	2
2	--	1.036814	1.712477	1	3.80627	3
1	--	0.917232	1.122348	0	4.7235	4

test #40
2	--	0.603682	0.840536	1	0.60368	1
1	--	1.697531	1.342872	2	1.94655	2
2	--	0.603569	1.768467	1	2.55012	3
1	--	1.830132	2.461939	0	4.38025	4

test #41
2	--	1.176125	0.686066	3	0.68607	1
3	--	0.448139	0.692643	2	1.13421	2
2	--	1.402495	0.830579	3	1.96479	3
3	--	0.751139	0.446964	4	2.41175	4
4	--	0.826194	0.733014	5	3.14476	5
5	--	0.628085	1.055703	4	3.77285	6
4	--	0.600741	0.665634	3	4.37359	7
3	--	1.108037	0.544653	4	4.91824	8
4	--	0.514216	0.897274	3	5.43246	9
3	--	0.484023	0.810284	2	5.91648	10
2	--	1.112303	1.101094	3	7.01757	11
3	--	0.443977	0.694359	2	7.46155	12
2	--	0.594873	0.516745	3	7.9783	13
3	--	0.970028	0.531254	4	8.50955	14
4	--	0.875561	0.516775	5	9.02632	15
5	--	0.584174	0.332091	6	9.35841	16
6	--	0.470786	1.131935	5	9.8292	17
5	--	0.865609	0.473153	6	10.30235	18
6	--	0.535012	0.659632	5	10.83736	19
5	--	0.59927	0.840834	4	11.43663	20
4	--	1.204751	0.728239	5	12.16487	21
5	--	0.822516	0.972639	4	12.98739	22
4	--	0.607073	0.442651	5	13.43004	23
5	--	0.895874	1.029757	4	14.32591	24
4	--	0.516881	0.642446	3	14.84279	25
3	--	0.724003	1.092245	2	15.56679	26
2	--	0.891547	0.858384	3	16.42517	27
3	--	0.864688	1.348218	2	17.28986	28
2	--	1.493184	1.000392	3	18.29025	29
3	--	0.854515	1.142833	2	19.14477	30
2	--	1.433312	1.659983	1	20.57808	31
1	--	2.173972	1.811955	2	22.39003	32
2	--	1.383107	1.446367	1	23.77314	33
1	--	2.776181	2.846462	0	26.54932	34

test #42
2	--	0.88512	0.892355	1	0.88512	1
1	--	2.112613	1.588323	2	2.47344	2
2	--	1.257825	0.775908	3	3.24935	3
3	--	1.061938	0.556529	4	3.80588	4
4	--	1.112629	0.842718	5	4.6486	5
5	--	0.514524	0.43338	6	5.08198	6
6	--	0.394117	0.70759	5	5.4761	7
5	--	0.439283	0.646685	4	5.91538	8
4	--	1.090076	0.447603	5	6.36298	9
5	--	0.749339	1.141731	4	7.11232	10
4	--	1.197923	0.35597	5	7.46829	11
5	--	0.386188	0.510182	4	7.85448	12
4	--	0.801397	0.717354	5	8.57183	13
5	--	0.639863	0.533493	6	9.10532	14
6	--	0.80683	0.507831	7	9.61315	15
7	--	0.505356	0.66284	6	10.11851	16
6	--	0.640032	1.019008	5	10.75854	17
5	--	0.575385	0.862396	4	11.33393	18
4	--	0.401004	0.900865	3	11.73493	19
3	--	1.220954	0.796324	4	12.53125	20
4	--	0.564753	1.089141	3	13.096	21
3	--	0.693468	1.065644	2	13.78947	22
2	--	1.656327	1.424295	3	15.21377	23
3	--	0.848947	0.7429	4	15.95667	24
4	--	0.774779	0.34556	5	16.30223	25
5	--	1.161947	0.608177	6	16.91041	26
6	--	1.05822	0.584068	7	17.49448	27
7	--	0.438123	0.940532	6	17.9326	28
6	--	0.497494	0.982516	5	18.43009	29
5	--	0.945967	0.820398	6	19.25049	30
6	--	0.661197	0.447932	7	19.69842	31
7	--	0.668549	0.976773	6	20.36697	32
6	--	0.85318	0.39838	7	20.76535	33
7	--	1.082822	1.152946	6	21.84817	34
6	--	0.705921	0.623887	7	22.47206	35
7	--	0.843246	0.684523	8	23.15658	36
8	--	0.685822	0.961921	7	23.8424	37
7	--	0.540448	0.594514	6	24.38285	38
6	--	0.680379	0.88496	5	25.06323	39
5	--	0.579454	0.851303	4	25.64268	40
4	--	0.448038	0.752995	3	26.09072	41
3	--	0.655965	1.115663	2	26.74669	42
2	--	0.738374	1.054377	1	27.48506	43
1	--	3.079312	2.189772	2	29.67483	44
2	--	1.573316	1.459064	3	31.13389	45
3	--	0.556236	0.880318	2	31.69013	46
2	--	0.692077	0.708785	1	32.38221	47
1	--	2.646839	1.978398	2	34.36061	48
2	--	1.240809	1.025765	3	35.38638	49
3	--	0.857231	1.186605	2	36.24361	50
2	--	0.829771	0.777283	3	37.02089	51
3	--	1.406098	1.081537	4	38.10243	52
4	--	0.377609	0.790241	3	38.48004	53
3	--	0.68844	0.857338	2	39.16848	54
2	--	1.108245	0.892685	3	40.06116	55
3	--	1.334659	1.337189	2	41.39582	56
2	--	1.467762	1.216845	3	42.61266	57
3	--	0.988147	1.24852	2	43.60081	58
2	--	0.98531	1.085995	1	44.58612	59
1	--	2.131702	0.919541	2	45.50566	60
2	--	0.883926	0.547501	3	46.05316	61
3	--	0.781851	0.746087	4	46.79925	62
4	--	0.510689	0.378629	5	47.17788	63
5	--	1.074892	0.544157	6	47.72204	64
6	--	0.756956	1.204231	5	48.479	65
5	--	0.757717	1.116226	4	49.23672	66
4	--	0.427742	1.166813	3	49.66446	67
3	--	0.516278	0.438913	4	50.10337	68
4	--	0.942189	0.824125	5	50.92749	69
5	--	0.727867	0.589542	6	51.51703	70
6	--	0.65008	0.639385	7	52.15641	71
7	--	0.799414	0.633134	8	52.78954	72
8	--	1.27886	1.176669	9	53.96621	73
9	--	1.396121	1.381459	10	55.34767	74

test #43
2	--	1.101682	0.740177	3	0.74018	1
3	--	0.854793	0.562259	4	1.30244	2
4	--	0.400548	0.940289	3	1.70299	3
3	--	1.420527	0.9228	4	2.62579	4
4	--	1.227304	0.83815	5	3.46394	5
5	--	0.891109	1.049197	4	4.35505	6
4	--	0.413976	0.474923	3	4.76903	7
3	--	1.100643	1.14146	2	5.86967	8
2	--	1.861746	0.524194	3	6.39386	9
3	--	0.814568	1.073475	2	7.20843	10
2	--	1.08075	1.034258	3	8.24269	11
3	--	0.682593	1.401642	2	8.92528	12
2	--	1.307806	0.935015	3	9.8603	13
3	--	0.906538	0.590382	4	10.45068	14
4	--	1.166009	0.950173	5	11.40085	15
5	--	0.510706	0.416044	6	11.81689	16
6	--	1.033106	0.609831	7	12.42672	17
7	--	0.538879	0.844264	6	12.9656	18
6	--	0.422811	0.728608	5	13.38841	19
5	--	0.638745	0.934275	4	14.02716	20
4	--	0.921954	0.710207	5	14.73737	21
5	--	0.986145	0.794057	6	15.53143	22
6	--	0.50451	0.785116	5	16.03594	23
5	--	0.463491	0.884877	4	16.49943	24
4	--	0.90545	0.661073	5	17.1605	25
5	--	0.610563	1.076487	4	17.77106	26
4	--	0.884771	0.656992	5	18.42805	27
5	--	0.57809	0.805109	4	19.00614	28
4	--	0.954544	0.706891	5	19.71303	29
5	--	0.433414	0.490847	4	20.14644	30
4	--	0.926199	0.559679	5	20.70612	31
5	--	0.673915	0.510748	6	21.21687	32
6	--	0.603051	0.73367	5	21.81992	33
5	--	0.533706	0.840859	4	22.35363	34
4	--	1.206329	0.67225	5	23.02588	35
5	--	0.42418	0.381219	6	23.4071	36
6	--	1.064086	0.354837	7	23.76194	37
7	--	0.585183	0.566534	8	24.32847	38
8	--	0.796974	1.565719	7	25.12544	39
7	--	0.624477	1.219555	6	25.74992	40
6	--	0.544229	0.572207	5	26.29415	41
5	--	0.788077	0.979684	4	27.08223	42
4	--	0.766266	0.419469	5	27.5017	43
5	--	0.677207	0.80093	4	28.17891	44
4	--	1.120074	0.343857	5	28.52277	45
5	--	0.848399	0.468654	6	28.99142	46
6	--	0.368299	0.757643	5	29.35972	47
5	--	0.891513	0.71871	6	30.07843	48
6	--	0.473239	1.168155	5	30.55167	49
5	--	1.050537	0.763215	6	31.31488	50
6	--	0.416439	0.74613	5	31.73132	51
5	--	1.174764	0.849458	6	32.58078	52
6	--	0.799275	0.804367	5	33.38005	53
5	--	0.433964	0.417962	6	33.79801	54
6	--	0.633659	0.644464	5	34.43167	55
5	--	1.138036	0.66066	6	35.09233	56
6	--	1.175017	0.837221	7	35.92955	57
7	--	0.788753	0.429134	8	36.35868	58
8	--	1.720018	0.588058	9	36.94674	59
9	--	1.342245	2.156177	8	38.28898	60
8	--	1.590132	0.872208	9	39.16119	61
9	--	2.048009	3.007961	8	41.2092	62
8	--	1.37652	1.078936	9	42.28814	63
9	--	1.411557	2.538498	8	43.6997	64
8	--	1.555813	0.591655	9	44.29136	65
9	--	1.597727	2.047837	8	45.88909	66
8	--	0.60269	1.446027	7	46.49178	67
7	--	0.737402	0.77701	6	47.22918	68
6	--	0.448296	1.146793	5	47.67748	69
5	--	0.591129	0.444886	6	48.12237	70
6	--	0.778031	0.809041	5	48.9004	71
5	--	1.054978	0.730153	6	49.63055	72
6	--	0.709004	0.46856	7	50.09911	73
7	--	0.560227	0.619998	6	50.65934	74
6	--	0.407527	0.836483	5	51.06687	75
5	--	0.587423	0.476155	6	51.54302	76
6	--	1.108332	0.554652	7	52.09767	77
7	--	0.402673	1.193454	6	52.50034	78
6	--	0.39961	0.492032	5	52.89995	79
5	--	0.687843	0.52483	6	53.42478	80
6	--	0.994002	0.58876	7	54.01354	81
7	--	0.861241	0.81825	8	54.83179	82
8	--	1.562138	0.582944	9	55.41473	83
9	--	1.55341	1.559692	8	56.96814	84
8	--	1.291284	0.713254	9	57.68139	85
9	--	1.013125	1.860064	8	58.69452	86
8	--	0.587589	0.576208	9	59.27073	87
9	--	1.540087	3.042004	8	60.81082	88
8	--	1.687238	1.720259	7	62.49806	89
7	--	0.915197	0.527375	8	63.02544	90
8	--	0.627606	0.933425	7	63.65305	91
7	--	1.178534	0.518331	8	64.17138	92
8	--	0.757701	1.510756	7	64.92908	93
7	--	0.877511	0.87944	6	65.80659	94
6	--	1.090977	0.765991	7	66.57258	95
7	--	0.493165	0.862495	6	67.06575	96
6	--	1.14688	0.388686	7	67.45444	97
7	--	0.470024	1.099744	6	67.92446	98
6	--	0.494706	1.0109	5	68.41917	99
5	--	0.642593	0.483239	6	68.90241	100
6	--	0.758776	0.704856	7	69.60727	101
7	--	1.251999	0.998317	8	70.60559	102
8	--	1.169387	0.73869	9	71.34428	103
9	--	1.651417	1.519214	10	72.86349	104

test #44
2	--	0.534621	0.667882	1	0.53462	1
1	--	1.824547	3.17681	0	2.35917	2

test #45
2	--	0.733742	1.172361	1	0.73374	1
1	--	0.990189	1.012998	0	1.72393	2

test #46
2	--	1.129496	1.146573	1	1.1295	1
1	--	1.632407	1.678874	0	2.76191	2

test #47
2	--	1.068207	1.646694	1	1.06821	1
1	--	1.187627	2.01589	0	2.25584	2

test #48
2	--	1.319716	1.123798	3	1.1238	1
3	--	0.571425	1.099618	2	1.69522	2
2	--	0.798182	1.03611	1	2.4934	3
1	--	2.457688	1.502322	2	3.99572	4
2	--	1.138697	1.367889	1	5.13442	5
1	--	1.983518	2.866796	0	7.11794	6

test #49
2	--	0.722267	0.995217	1	0.72227	1
1	--	1.937943	2.21505	0	2.66021	2

test #50
2	--	1.406367	0.709073	3	0.70907	1
3	--	0.969075	0.823211	4	1.53228	2
4	--	0.484269	0.521542	3	2.01655	3
3	--	1.2365	0.421638	4	2.43819	4
4	--	0.375626	1.178545	3	2.81382	5
3	--	0.94553	0.996765	2	3.75935	6
2	--	0.627315	0.647396	1	4.38666	7
1	--	1.379134	2.028368	0	5.76579	8

test #51
2	--	1.659044	0.650968	3	0.65097	1
3	--	0.769348	1.330996	2	1.42032	2
2	--	0.708028	1.232021	1	2.12835	3
1	--	2.071012	0.951093	2	3.07944	4
2	--	1.367507	0.819199	3	3.89864	5
3	--	0.990929	1.407954	2	4.88957	6
2	--	1.137723	1.274765	1	6.02729	7
1	--	2.384441	1.135116	2	7.16241	8
2	--	1.627881	1.646797	1	8.79029	9
1	--	2.719006	0.998977	2	9.78927	10
2	--	1.263076	0.650762	3	10.44003	11
3	--	0.443616	0.733892	2	10.88365	12
2	--	1.093791	0.750645	3	11.6343	13
3	--	0.45394	0.760484	2	12.08824	14
2	--	0.991952	0.873191	3	12.96143	15
3	--	0.967547	1.127931	2	13.92898	16
2	--	0.716639	0.742456	1	14.64562	17
1	--	2.687501	3.060383	0	17.33312	18

test #52
2	--	1.740465	1.409467	3	1.40947	1
3	--	0.51164	1.038884	2	1.92111	2
2	--	0.945724	1.259657	1	2.86683	3
1	--	0.956894	1.225472	0	3.82372	4

test #53
2	--	1.663345	0.984416	3	0.98442	1
3	--	1.08452	0.846137	4	1.83056	2
4	--	0.362183	0.529041	3	2.19274	3
3	--	0.851933	0.79781	4	2.99055	4
4	--	0.801832	0.926511	3	3.79238	5
3	--	0.391215	1.173624	2	4.18359	6
2	--	0.623502	1.014234	1	4.80709	7
1	--	1.465056	2.691716	0	6.27215	8

test #54
2	--	0.743038	1.598236	1	0.74304	1
1	--	1.237149	2.023585	0	1.98019	2

test #55
2	--	1.27763	0.867969	3	0.86797	1
3	--	0.879765	0.991262	2	1.74774	2
2	--	1.634201	0.868808	3	2.61655	3
3	--	0.867341	1.322277	2	3.48389	4
2	--	1.531107	1.564419	1	5.015	5
1	--	1.888025	1.910761	0	6.90303	6

test #56
2	--	1.070721	0.627479	3	0.62748	1
3	--	0.952207	0.844294	4	1.47177	2
4	--	0.946307	1.094108	3	2.41808	3
3	--	0.81708	0.517614	4	2.93569	4
4	--	0.904508	0.720904	5	3.65659	5
5	--	0.604189	0.959596	4	4.26078	6
4	--	0.75606	0.858221	3	5.01684	7
3	--	0.793089	0.677088	4	5.69393	8
4	--	1.030516	0.895277	5	6.58921	9
5	--	0.376724	0.44528	4	6.96593	10
4	--	0.464359	0.52636	3	7.43029	11
3	--	0.997385	1.313678	2	8.42767	12
2	--	0.615646	1.132116	1	9.04332	13
1	--	3.050677	1.56347	2	10.60679	14
2	--	0.637676	0.898433	1	11.24447	15
1	--	2.094504	2.338338	0	13.33897	16

test #57
2	--	1.260457	0.715628	3	0.71563	1
3	--	1.049677	0.605629	4	1.32126	2
4	--	0.482118	0.590587	3	1.80338	3
3	--	0.684854	0.930799	2	2.48823	4
2	--	1.44204	0.762715	3	3.25095	5
3	--	1.153796	1.214453	2	4.40475	6
2	--	0.764343	0.76668	1	5.16909	7
1	--	1.724203	1.396259	2	6.56535	8
2	--	0.966693	0.545456	3	7.11081	9
3	--	1.108475	0.695399	4	7.80621	10
4	--	0.754657	1.019375	3	8.56087	11
3	--	0.582219	0.675155	2	9.14309	12
2	--	0.711955	0.952489	1	9.85505	13
1	--	1.58795	2.40123	0	11.443	14

test #58
2	--	1.102087	1.149645	1	1.10209	1
1	--	1.766076	1.967394	0	2.86817	2

test #59
2	--	1.852134	0.854678	3	0.85468	1
3	--	0.412193	1.095146	2	1.26687	2
2	--	1.205368	1.685828	1	2.47224	3
1	--	0.963475	3.001542	0	3.43571	4

test #60
2	--	0.785672	1.046137	1	0.78567	1
1	--	2.607812	2.403814	2	3.18948	2
2	--	1.326357	0.967178	3	4.15666	3
3	--	1.156947	0.54989	4	4.70655	4
4	--	0.77113	0.520992	5	5.22754	5
5	--	0.391234	0.40189	4	5.61877	6
4	--	1.123732	1.218626	3	6.7425	7
3	--	1.068157	1.302675	2	7.81066	8
2	--	0.578674	0.903938	1	8.38933	9
1	--	1.021387	2.041918	0	9.41072	10

test #61
2	--	0.980107	1.818474	1	0.98011	1
1	--	1.061191	1.708041	0	2.0413	2

test #62
2	--	1.024063	1.443528	1	1.02406	1
1	--	2.56844	2.756422	0	3.5925	2

test #63
2	--	1.324106	1.741506	1	1.32411	1
1	--	1.460815	3.106128	0	2.78492	2

test #64
2	--	1.638629	0.552802	3	0.5528	1
3	--	0.760274	1.096603	2	1.31307	2
2	--	0.821941	0.84676	1	2.13501	3
1	--	1.129451	1.458527	0	3.26446	4

test #65
2	--	1.189984	0.718644	3	0.71864	1
3	--	1.113092	1.063499	4	1.78214	2
4	--	1.02295	0.594985	5	2.37712	3
5	--	1.066081	0.61652	6	2.99364	4
6	--	0.387161	0.902538	5	3.3808	5
5	--	0.644771	0.502904	6	3.8837	6
6	--	0.646145	0.36316	7	4.24686	7
7	--	1.066262	1.41575	6	5.31312	8
6	--	0.82686	0.74488	7	6.058	9
7	--	1.109429	0.796995	8	6.855	10
8	--	0.89363	0.74486	9	7.59986	11
9	--	2.520527	1.401395	10	9.00125	12

test #66
2	--	1.718357	0.712902	3	0.7129	1
3	--	0.411139	0.50838	2	1.12404	2
2	--	0.628345	1.286113	1	1.75239	3
1	--	2.298188	2.437518	0	4.05058	4

test #67
2	--	0.835357	0.945143	1	0.83536	1
1	--	2.069438	2.208313	0	2.9048	2

test #68
2	--	0.980323	0.715104	3	0.7151	1
3	--	0.759193	0.461157	4	1.17626	2
4	--	0.522944	1.041985	3	1.6992	3
3	--	1.101658	1.281624	2	2.80086	4
2	--	0.921832	0.851695	3	3.65255	5
3	--	0.502584	0.428624	4	4.08117	6
4	--	0.623984	0.475611	5	4.55678	7
5	--	0.497537	0.481709	6	5.03849	8
6	--	0.346146	0.444858	5	5.38464	9
5	--	0.885643	1.194127	4	6.27028	10
4	--	0.81457	1.020189	3	7.08485	11
3	--	0.45362	0.51199	2	7.53847	12
2	--	0.600404	1.032315	1	8.13887	13
1	--	1.120171	2.871198	0	9.25904	14

test #69
2	--	1.275163	1.344438	1	1.27516	1
1	--	1.556615	2.533924	0	2.83178	2

test #70
2	--	1.823049	1.413801	3	1.4138	1
3	--	1.170612	0.609841	4	2.02364	2
4	--	0.552443	1.191315	3	2.57608	3
3	--	1.383186	0.533315	4	3.10939	4
4	--	0.855051	1.045229	3	3.96444	5
3	--	0.846538	1.382639	2	4.81098	6
2	--	0.941828	0.743014	3	5.55399	7
3	--	0.505655	0.768037	2	6.05964	8
2	--	0.519824	0.982121	1	6.57946	9
1	--	2.39706	1.999195	2	8.57866	10
2	--	0.538717	0.978518	1	9.11738	11
1	--	3.093529	2.281332	2	11.39871	12
2	--	0.725681	1.519521	1	12.12439	13
1	--	1.751158	0.946431	2	13.07082	14
2	--	1.499258	0.672503	3	13.74332	15
3	--	0.580507	0.792658	2	14.32383	16
2	--	1.5321	0.672985	3	14.99682	17
3	--	0.538537	0.896792	2	15.53536	18
2	--	1.293324	1.013684	3	16.54904	19
3	--	0.832182	0.553032	4	17.10207	20
4	--	0.863623	0.387184	5	17.48925	21
5	--	0.61413	0.705026	4	18.10338	22
4	--	0.609575	0.843002	3	18.71295	23
3	--	1.385605	0.733285	4	19.44623	24
4	--	0.486411	0.38585	5	19.83208	25
5	--	0.525913	0.714286	4	20.35799	26
4	--	1.140457	1.113452	5	21.47144	27
5	--	0.896598	0.410769	6	21.88221	28
6	--	0.865466	0.893892	5	22.74768	29
5	--	1.11466	0.456777	6	23.20446	30
6	--	0.790727	0.58667	7	23.79113	31
7	--	0.823727	0.639123	8	24.43025	32
8	--	0.62367	1.589032	7	25.05392	33
7	--	1.040401	0.563558	8	25.61748	34
8	--	0.783917	1.428081	7	26.4014	35
7	--	0.465196	1.369088	6	26.8666	36
6	--	0.378639	1.135863	5	27.24524	37
5	--	0.443866	0.905958	4	27.68911	38
4	--	0.866659	0.989555	3	28.55577	39
3	--	0.755899	0.64593	4	29.2017	40
4	--	0.808079	0.432953	5	29.63465	41
5	--	0.523096	0.334085	6	29.96874	42
6	--	0.614121	1.056388	5	30.58286	43
5	--	0.809829	0.853667	4	31.39269	44
4	--	0.635176	0.754368	3	32.02787	45
3	--	0.628683	0.818881	2	32.65655	46
2	--	1.076579	0.527025	3	33.18357	47
3	--	0.808951	0.938974	2	33.99252	48
2	--	0.54523	0.726548	1	34.53775	49
1	--	1.816945	2.51172	0	36.3547	50

test #71
2	--	0.588449	0.770969	1	0.58845	1
1	--	1.977764	3.319929	0	2.56621	2

test #72
2	--	1.335453	1.319017	3	1.31902	1
3	--	0.528201	0.552943	2	1.84722	2
2	--	0.855289	1.458746	1	2.70251	3
1	--	1.615539	1.369248	2	4.07176	4
2	--	0.955694	0.586268	3	4.65803	5
3	--	0.721002	0.976446	2	5.37903	6
2	--	1.174276	1.073426	3	6.45246	7
3	--	0.556684	0.751289	2	7.00914	8
2	--	1.205294	1.800129	1	8.21443	9
1	--	1.890392	1.16238	2	9.37681	10
2	--	0.70678	0.627617	3	10.00443	11
3	--	0.829316	0.615865	4	10.62029	12
4	--	0.390258	0.703046	3	11.01055	13
3	--	0.432893	0.803041	2	11.44344	14
2	--	1.362868	0.764444	3	12.20788	15
3	--	0.494934	0.411642	4	12.61952	16
4	--	0.411249	0.516779	3	13.03077	17
3	--	1.041701	0.720703	4	13.75147	18
4	--	0.858201	0.698036	5	14.44951	19
5	--	0.525849	0.635212	4	14.97536	20
4	--	0.374894	0.738319	3	15.35025	21
3	--	0.940351	1.299943	2	16.2906	22
2	--	1.833578	1.476518	3	17.76712	23
3	--	0.523679	1.124399	2	18.2908	24
2	--	0.822279	1.553217	1	19.11308	25
1	--	1.455087	2.235085	0	20.56817	26

test #73
2	--	1.297836	1.563472	1	1.29784	1
1	--	3.278641	2.340773	2	3.63861	2
2	--	0.692424	1.299076	1	4.33103	3
1	--	2.216813	1.505235	2	5.83627	4
2	--	1.076254	0.734019	3	6.57029	5
3	--	0.453003	0.647269	2	7.02329	6
2	--	0.634317	0.615529	3	7.63882	7
3	--	0.570354	0.873161	2	8.20917	8
2	--	1.057617	1.033605	3	9.24278	9
3	--	0.917039	0.705746	4	9.94853	10
4	--	0.61959	0.480022	5	10.42855	11
5	--	0.749522	1.100388	4	11.17807	12
4	--	1.229466	0.963082	5	12.14115	13
5	--	0.762852	0.561355	6	12.70251	14
6	--	1.004525	0.542636	7	13.24515	15
7	--	1.19735	0.564315	8	13.80947	16
8	--	1.364547	1.098458	9	14.90793	17
9	--	1.734063	2.456538	8	16.64199	18
8	--	0.855498	1.226537	7	17.49749	19
7	--	0.491572	1.413649	6	17.98906	20
6	--	1.006842	1.149084	5	18.9959	21
5	--	0.699653	0.337618	6	19.33352	22
6	--	0.371277	1.148296	5	19.7048	23
5	--	0.513504	1.047746	4	20.2183	24
4	--	0.343018	1.114622	3	20.56132	25
3	--	1.139336	0.448814	4	21.01013	26
4	--	0.964699	0.356139	5	21.36627	27
5	--	0.552541	1.07117	4	21.91881	28
4	--	1.058658	1.05052	5	22.96933	29
5	--	1.153867	0.77921	6	23.74854	30
6	--	0.519192	0.458055	7	24.20659	31
7	--	0.54702	1.066935	6	24.75361	32
6	--	0.591989	1.163588	5	25.3456	33
5	--	0.39209	1.065023	4	25.73769	34
4	--	0.452697	0.711728	3	26.19039	35
3	--	0.604388	0.910043	2	26.79478	36
2	--	1.666352	0.912781	3	27.70756	37
3	--	0.449167	0.579305	2	28.15673	38
2	--	0.5675	1.599542	1	28.72423	39
1	--	1.406475	0.936601	2	29.66083	40
2	--	0.877502	0.545627	3	30.20646	41
3	--	0.832384	0.658533	4	30.86499	42
4	--	0.67113	1.122574	3	31.53612	43
3	--	0.865903	0.710945	4	32.24707	44
4	--	0.847817	0.981413	3	33.09489	45
3	--	0.893678	1.267856	2	33.98857	46
2	--	1.326575	0.761138	3	34.74971	47
3	--	0.871943	0.559019	4	35.30873	48
4	--	0.861613	0.909613	3	36.17034	49
3	--	0.473471	0.944903	2	36.64381	50
2	--	1.420944	0.768359	3	37.41217	51
3	--	0.924535	1.326959	2	38.3367	52
2	--	0.828997	1.328491	1	39.1657	53
1	--	3.031815	1.921018	2	41.08672	54
2	--	0.680755	1.399689	1	41.76747	55
1	--	1.016227	2.686544	0	42.7837	56

test #74
2	--	0.915786	1.028407	1	0.91579	1
1	--	1.7791	1.048897	2	1.96469	2
2	--	0.873067	0.728806	3	2.6935	3
3	--	0.852359	0.509749	4	3.20325	4
4	--	0.960091	0.864185	5	4.06743	5
5	--	0.595292	0.344573	6	4.412	6
6	--	1.171294	0.769901	7	5.1819	7
7	--	1.197894	0.911849	8	6.09375	8
8	--	1.028248	0.543985	9	6.63774	9
9	--	1.528474	1.103683	10	7.74142	10

test #75
2	--	1.444262	1.573093	1	1.44426	1
1	--	2.505786	0.947888	2	2.39215	2
2	--	0.911003	1.328991	1	3.30315	3
1	--	1.123685	1.252836	0	4.42684	4

test #76
2	--	0.864335	0.600965	3	0.60096	1
3	--	1.376463	1.035585	4	1.63654	2
4	--	1.068729	0.417918	5	2.05446	3
5	--	0.770269	0.767071	6	2.82153	4
6	--	0.386826	0.8595	5	3.20836	5
5	--	1.067513	0.681843	6	3.8902	6
6	--	1.057818	0.42929	7	4.31949	7
7	--	1.408913	0.483481	8	4.80297	8
8	--	1.271005	1.525848	7	6.07397	9
7	--	0.457037	0.644755	6	6.53101	10
6	--	0.720678	0.559536	7	7.09055	11
7	--	0.626691	0.965479	6	7.71724	12
6	--	0.374528	0.556591	5	8.09177	13
5	--	0.618917	0.686244	4	8.71069	14
4	--	0.978158	0.710163	5	9.42085	15
5	--	0.717537	0.378856	6	9.79971	16
6	--	0.637197	0.34857	7	10.14828	17
7	--	0.421241	0.941642	6	10.56952	18
6	--	0.56048	0.893444	5	11.13	19
5	--	0.628836	0.456853	6	11.58685	20
6	--	0.757281	0.534669	7	12.12152	21
7	--	0.615366	0.391109	8	12.51263	22
8	--	1.16763	1.725418	7	13.68026	23
7	--	0.983019	0.546898	8	14.22716	24
8	--	0.631392	1.803879	7	14.85855	25
7	--	0.561802	0.978988	6	15.42035	26
6	--	1.236479	1.117926	7	16.53828	27
7	--	0.483132	0.881991	6	17.02141	28
6	--	0.865855	0.685368	7	17.70678	29
7	--	0.581687	0.698647	6	18.28847	30
6	--	0.641425	0.750315	5	18.9299	31
5	--	0.992456	0.998273	4	19.92236	32
4	--	0.680967	0.70125	3	20.60333	33
3	--	1.010645	0.767469	4	21.3708	34
4	--	0.83638	0.577215	5	21.94802	35
5	--	0.565564	0.713833	4	22.51358	36
4	--	0.845645	0.545252	5	23.05883	37
5	--	0.451984	1.184307	4	23.51081	38
4	--	1.193487	1.188017	5	24.69883	39
5	--	0.787307	1.176974	4	25.48614	40
4	--	0.453279	0.99555	3	25.93942	41
3	--	0.954848	0.832216	4	26.77164	42
4	--	0.844341	0.887771	3	27.61598	43
3	--	0.906954	1.294809	2	28.52293	44
2	--	1.309805	1.769357	1	29.83274	45
1	--	2.440102	1.310277	2	31.14302	46
2	--	0.947236	0.784624	3	31.92764	47
3	--	0.824972	0.964978	2	32.75261	48
2	--	1.011549	1.285116	1	33.76416	49
1	--	1.821035	1.487171	2	35.25133	50
2	--	1.625815	1.647041	1	36.87715	51
1	--	1.195066	1.218259	0	38.07222	52

test #77
2	--	1.584223	0.614194	3	0.61419	1
3	--	0.946323	0.503406	4	1.1176	2
4	--	0.759556	0.39347	5	1.51107	3
5	--	0.914073	1.087521	4	2.42514	4
4	--	1.124878	0.813013	5	3.23815	5
5	--	0.487302	0.440079	6	3.67823	6
6	--	0.703252	0.34895	7	4.02718	7
7	--	0.723327	0.572016	8	4.5992	8
8	--	1.301697	1.708817	7	5.9009	9
7	--	0.40511	0.683177	6	6.30601	10
6	--	0.906847	0.540431	7	6.84644	11
7	--	0.704948	0.541598	8	7.38804	12
8	--	1.83398	1.585326	9	8.97337	13
9	--	1.819873	1.348336	10	10.32171	14

test #78
2	--	1.809497	0.820508	3	0.82051	1
3	--	0.533871	0.881547	2	1.35438	2
2	--	0.787329	1.377407	1	2.14171	3
1	--	0.994478	1.76179	0	3.13619	4

test #79
2	--	0.614738	0.554684	3	0.55468	1
3	--	0.686435	0.480524	4	1.0352	2
4	--	0.471784	0.527194	3	1.50698	3
3	--	0.59541	0.430414	4	1.93739	4
4	--	0.49094	0.492669	3	2.42833	5
3	--	0.456284	1.106758	2	2.88461	6
2	--	1.500489	1.084891	3	3.9695	7
3	--	0.427714	0.991084	2	4.39721	8
2	--	1.412111	1.5673	1	5.80932	9
1	--	1.908218	2.113059	0	7.71754	10

test #80
2	--	1.021546	1.727064	1	1.02155	1
1	--	0.970943	2.489364	0	1.99249	2

test #81
2	--	1.091165	1.774852	1	1.09116	1
1	--	1.972092	0.947885	2	2.03904	2
2	--	0.841794	0.830017	3	2.86906	3
3	--	0.604582	0.902009	2	3.47364	4
2	--	0.82922	1.32209	1	4.30286	5
1	--	1.965482	1.384725	2	5.68758	6
2	--	1.281641	0.703213	3	6.39079	7
3	--	1.277993	0.554168	4	6.94496	8
4	--	0.950182	1.00126	3	7.89514	9
3	--	0.451069	0.453731	2	8.34621	10
2	--	1.218905	0.714277	3	9.06049	11
3	--	1.196618	0.715467	4	9.77596	12
4	--	0.801878	0.411299	5	10.18726	13
5	--	0.981466	1.065168	4	11.16873	14
4	--	0.67476	0.783673	3	11.84349	15
3	--	0.749919	0.85581	2	12.59341	16
2	--	1.811154	1.469604	3	14.06301	17
3	--	0.74705	0.814228	2	14.81006	18
2	--	0.90816	1.204891	1	15.71822	19
1	--	1.134005	1.597192	0	16.85222	20

test #82
2	--	1.068484	0.735595	3	0.73559	1
3	--	0.619137	1.274622	2	1.35473	2
2	--	0.653931	1.311062	1	2.00866	3
1	--	1.463844	1.916108	0	3.4725	4

test #83
2	--	1.015644	0.907297	3	0.9073	1
3	--	0.924015	0.498257	4	1.40556	2
4	--	0.642913	0.839361	3	2.04847	3
3	--	0.404683	0.717902	2	2.45315	4
2	--	1.036022	1.149843	1	3.48917	5
1	--	3.188594	1.020213	2	4.50938	6
2	--	1.08715	1.091925	1	5.59653	7
1	--	2.452063	2.051364	2	7.64789	8
2	--	0.614217	0.839804	1	8.26211	9
1	--	1.562566	3.096227	0	9.82468	10

test #84
2	--	1.120885	0.573699	3	0.5737	1
3	--	1.23596	0.795271	4	1.36897	2
4	--	0.870127	0.717306	5	2.08628	3
5	--	0.732381	1.071795	4	2.81866	4
4	--	0.479785	0.794375	3	3.29845	5
3	--	0.710079	0.595608	4	3.89406	6
4	--	0.762339	0.456101	5	4.35016	7
5	--	0.433564	0.952737	4	4.78372	8
4	--	0.611441	1.207237	3	5.39516	9
3	--	1.02148	0.860741	4	6.2559	10
4	--	0.869184	0.793848	5	7.04975	11
5	--	0.601383	1.016069	4	7.65113	12
4	--	0.639422	0.632192	5	8.28332	13
5	--	0.820193	0.527274	6	8.81059	14
6	--	0.689438	0.850254	5	9.50003	15
5	--	0.88984	0.525738	6	10.02577	16
6	--	1.017458	0.42747	7	10.45324	17
7	--	1.300199	0.454752	8	10.90799	18
8	--	1.126319	0.537766	9	11.44576	19
9	--	2.303144	1.659155	10	13.10491	20

test #85
2	--	0.921461	0.989387	1	0.92146	1
1	--	2.841147	1.612998	2	2.53446	2
2	--	1.391365	1.077798	3	3.61226	3
3	--	0.477161	0.897942	2	4.08942	4
2	--	1.466226	1.527397	1	5.55565	5
1	--	2.376837	1.989596	2	7.54525	6
2	--	1.416953	1.030898	3	8.57615	7
3	--	0.457129	1.196	2	9.03328	8
2	--	0.996579	0.915116	3	9.9484	9
3	--	1.287526	0.957916	4	10.90632	10
4	--	1.077577	0.611412	5	11.51773	11
5	--	0.409819	0.360813	6	11.87854	12
6	--	0.450997	0.611595	5	12.32954	13
5	--	0.650666	0.840844	4	12.98021	14
4	--	0.356133	0.730784	3	13.33634	15
3	--	0.43107	1.091084	2	13.76741	16
2	--	1.373261	0.595113	3	14.36252	17
3	--	0.518104	0.677937	2	14.88062	18
2	--	1.063287	0.855996	3	15.73662	19
3	--	0.681926	0.442352	4	16.17897	20
4	--	0.493768	0.424064	5	16.60303	21
5	--	1.099277	0.415566	6	17.0186	22
6	--	0.579397	0.858008	5	17.598	23
5	--	0.381842	0.553891	4	17.97984	24
4	--	1.211381	0.966046	5	18.94589	25
5	--	0.420116	0.768438	4	19.36601	26
4	--	1.033461	0.812284	5	20.17829	27
5	--	0.429555	0.85769	4	20.60785	28
4	--	0.529078	1.015277	3	21.13693	29
3	--	0.719458	1.021294	2	21.85639	30
2	--	1.628968	0.955557	3	22.81195	31
3	--	0.646104	0.440839	4	23.25279	32
4	--	0.53132	0.753725	3	23.78411	33
3	--	0.950595	0.95659	2	24.7347	34
2	--	1.643192	0.863939	3	25.59864	35
3	--	0.990226	0.843339	4	26.44198	36
4	--	1.0209	1.04341	3	27.46288	37
3	--	0.612635	1.191059	2	28.07552	38
2	--	0.515024	0.873444	1	28.59054	39
1	--	1.002264	1.837655	0	29.5928	40

test #86
2	--	0.609609	1.07711	1	0.60961	1
1	--	2.44039	1.037985	2	1.64759	2
2	--	0.901341	0.87153	3	2.51912	3
3	--	0.661604	0.772871	2	3.18072	4
2	--	0.871092	0.560348	3	3.74107	5
3	--	0.53787	0.879639	2	4.27894	6
2	--	1.38501	0.560972	3	4.83991	7
3	--	0.903388	0.537478	4	5.37739	8
4	--	0.680504	0.46629	5	5.84368	9
5	--	0.560013	0.817654	4	6.40369	10
4	--	0.736568	0.393351	5	6.79704	11
5	--	0.5792	1.18695	4	7.37624	12
4	--	1.060496	0.395213	5	7.77145	13
5	--	0.712957	0.708826	6	8.48028	14
6	--	1.167636	0.572412	7	9.05269	15
7	--	0.482611	0.763708	6	9.5353	16
6	--	0.813334	0.649313	7	10.18461	17
7	--	0.941661	1.165047	6	11.12627	18
6	--	0.385636	0.390557	5	11.51191	19
5	--	0.795086	0.563645	6	12.07555	20
6	--	0.463733	0.894419	5	12.53928	21
5	--	0.427817	0.441167	4	12.9671	22
4	--	1.043992	0.94829	5	13.91539	23
5	--	0.537986	1.119312	4	14.45338	24
4	--	0.563797	0.675326	3	15.01718	25
3	--	0.891605	0.538284	4	15.55546	26
4	--	0.707969	0.683325	5	16.23878	27
5	--	0.663351	0.50538	6	16.74416	28
6	--	0.8452	0.458731	7	17.20289	29
7	--	0.85479	0.500879	8	17.70377	30
8	--	0.729296	1.56504	7	18.43307	31
7	--	0.881457	0.57992	8	19.01299	32
8	--	0.59128	0.517613	9	19.5306	33
9	--	2.031727	2.650765	8	21.56233	34
8	--	1.313496	1.314078	7	22.87583	35
7	--	0.95012	1.073619	6	23.82595	36
6	--	0.416911	0.659814	5	24.24286	37
5	--	0.702742	0.777656	4	24.9456	38
4	--	0.580841	0.389929	5	25.33553	39
5	--	0.369175	0.551074	4	25.7047	40
4	--	0.479962	1.197334	3	26.18466	41
3	--	0.753956	0.46691	4	26.65157	42
4	--	1.158417	0.922281	5	27.57385	43
5	--	0.828026	0.551011	6	28.12486	44
6	--	0.792066	0.397462	7	28.52232	45
7	--	0.872097	0.46018	8	28.9825	46
8	--	1.857632	0.754847	9	29.73735	47
9	--	1.839346	1.674248	10	31.4116	48

test #87
2	--	0.829578	0.643684	3	0.64368	1
3	--	0.518735	0.926206	2	1.16241	2
2	--	1.259191	1.376651	1	2.4216	3
1	--	2.391456	2.695083	0	4.81306	4

test #88
2	--	0.89638	1.678022	1	0.89638	1
1	--	1.751402	1.498536	2	2.39492	2
2	--	0.780767	1.688108	1	3.17569	3
1	--	2.411131	2.69853	0	5.58682	4

test #89
2	--	1.622753	0.903308	3	0.90331	1
3	--	0.992241	0.849069	4	1.75238	2
4	--	0.489195	0.363851	5	2.11623	3
5	--	0.640345	0.804729	4	2.75658	4
4	--	0.767384	1.118076	3	3.52396	5
3	--	0.774367	1.081807	2	4.29833	6
2	--	1.496261	1.297521	3	5.59585	7
3	--	0.433404	1.244667	2	6.02925	8
2	--	0.943955	0.762218	3	6.79147	9
3	--	0.50212	0.631789	2	7.29359	10
2	--	1.348371	1.009014	3	8.3026	11
3	--	0.586439	0.519082	4	8.82168	12
4	--	1.126621	0.63419	5	9.45587	13
5	--	1.026091	1.010079	6	10.46595	14
6	--	0.866536	0.82941	7	11.29536	15
7	--	1.214038	0.408468	8	11.70383	16
8	--	1.005197	1.825027	7	12.70903	17
7	--	0.486962	0.802554	6	13.19599	18
6	--	0.739298	0.789245	5	13.93529	19
5	--	0.774788	0.747141	6	14.68243	20
6	--	0.712417	0.961442	5	15.39485	21
5	--	0.602093	0.484966	6	15.87982	22
6	--	0.893481	1.2166	5	16.7733	23
5	--	0.634274	0.698245	4	17.40757	24
4	--	1.079049	0.485525	5	17.89309	25
5	--	1.006401	0.88769	6	18.78078	26
6	--	0.388122	0.978829	5	19.1689	27
5	--	0.774216	0.740327	6	19.90923	28
6	--	0.893528	1.196203	5	20.80276	29
5	--	0.811988	0.339065	6	21.14183	30
6	--	1.012207	0.579826	7	21.72166	31
7	--	0.43607	1.044549	6	22.15773	32
6	--	0.902522	0.710106	7	22.86784	33
7	--	1.042588	1.235846	6	23.91043	34
6	--	0.870099	0.504425	7	24.41486	35
7	--	0.965978	0.796662	8	25.21152	36
8	--	1.264812	0.840809	9	26.05233	37
9	--	1.190292	1.030552	10	27.08288	38

test #90
2	--	1.857961	0.649143	3	0.64914	1
3	--	1.232222	0.544619	4	1.19376	2
4	--	0.494143	0.932315	3	1.6879	3
3	--	0.552228	0.730956	2	2.24013	4
2	--	0.75941	1.009984	1	2.99954	5
1	--	2.882373	3.07608	0	5.88191	6

test #91
2	--	1.330946	0.75687	3	0.75687	1
3	--	0.801845	0.613891	4	1.37076	2
4	--	0.414929	0.814734	3	1.78569	3
3	--	0.475046	0.735585	2	2.26074	4
2	--	0.926068	0.979856	1	3.18681	5
1	--	1.189843	2.932398	0	4.37665	6

test #92
2	--	1.868461	1.758363	3	1.75836	1
3	--	1.037658	0.398452	4	2.15681	2
4	--	0.599012	1.228797	3	2.75582	3
3	--	0.919629	0.589472	4	3.34529	4
4	--	0.871041	0.514366	5	3.85966	5
5	--	0.472661	0.744783	4	4.33232	6
4	--	0.733776	0.613434	5	4.94575	7
5	--	0.697942	0.493737	6	5.43949	8
6	--	0.836384	0.829027	7	6.26852	9
7	--	0.962674	0.746843	8	7.01536	10
8	--	0.569905	0.649712	7	7.58526	11
7	--	0.906365	1.206537	6	8.49162	12
6	--	1.098546	0.728782	7	9.2204	13
7	--	1.006085	0.564425	8	9.78482	14
8	--	1.066278	0.605966	9	10.39079	15
9	--	2.094882	1.768551	10	12.15934	16

test #93
2	--	1.725232	1.510983	3	1.51098	1
3	--	1.009338	0.52273	4	2.03371	2
4	--	0.8382	1.067993	3	2.87191	3
3	--	0.59696	1.03595	2	3.46887	4
2	--	1.734542	1.005157	3	4.47403	5
3	--	0.939438	1.420043	2	5.41347	6
2	--	0.543329	1.732728	1	5.9568	7
1	--	1.426829	1.257286	2	7.21409	8
2	--	1.725178	1.312438	3	8.52653	9
3	--	0.826854	0.889911	2	9.35338	10
2	--	0.697015	0.658839	3	10.01222	11
3	--	0.6852	1.106428	2	10.69742	12
2	--	1.531493	1.860668	1	12.22891	13
1	--	2.976863	1.889261	2	14.11817	14
2	--	0.894194	1.657316	1	15.01236	15
1	--	3.26804	1.163277	2	16.17564	16
2	--	1.159545	0.752852	3	16.92849	17
3	--	1.117408	0.65983	4	17.58832	18
4	--	0.531973	0.764306	3	18.12029	19
3	--	0.492318	1.194526	2	18.61261	20
2	--	0.556214	1.383837	1	19.16882	21
1	--	0.955354	2.042169	0	20.12417	22

test #94
2	--	0.696787	1.41694	1	0.69679	1
1	--	2.523772	1.635893	2	2.33268	2
2	--	1.309076	0.958375	3	3.29105	3
3	--	0.892422	0.890669	4	4.18172	4
4	--	0.674697	0.729776	3	4.85642	5
3	--	0.815064	0.64946	4	5.50588	6
4	--	0.529969	0.366752	5	5.87263	7
5	--	0.848624	0.395575	6	6.26821	8
6	--	0.483357	1.005577	5	6.75157	9
5	--	0.703505	0.586952	6	7.33852	10
6	--	0.731511	0.741057	5	8.07003	11
5	--	0.649862	0.62092	6	8.69095	12
6	--	0.591965	0.983882	5	9.28291	13
5	--	0.764215	0.991752	4	10.04712	14
4	--	0.857073	0.748312	5	10.79543	15
5	--	1.010115	0.720002	6	11.51543	16
6	--	0.462541	0.965024	5	11.97797	17
5	--	1.104409	0.878399	6	12.85637	18
6	--	0.997711	1.162679	5	13.85408	19
5	--	0.573465	1.09796	4	14.42755	20
4	--	1.066216	0.575534	5	15.00308	21
5	--	0.740403	0.772053	4	15.74348	22
4	--	0.544947	0.471529	5	16.21501	23
5	--	1.161508	0.838732	6	17.05374	24
6	--	1.003853	0.583032	7	17.63677	25
7	--	0.615225	0.443489	8	18.08026	26
8	--	0.918225	0.859445	9	18.93971	27
9	--	1.563918	1.443499	10	20.38321	28

test #95
2	--	0.85847	0.936061	1	0.85847	1
1	--	1.52923	3.05166	0	2.3877	2

test #96
2	--	0.827485	0.893541	1	0.82749	1
1	--	2.306682	1.658986	2	2.48648	2
2	--	0.947584	0.906369	3	3.39285	3
3	--	0.600734	1.023159	2	3.99358	4
2	--	1.596496	0.527153	3	4.52073	5
3	--	0.634141	0.781422	2	5.15487	6
2	--	1.110803	1.162418	1	6.26567	7
1	--	3.228554	2.059209	2	8.32488	8
2	--	0.666664	0.563062	3	8.88794	9
3	--	0.488073	1.326682	2	9.37601	10
2	--	1.679307	1.643146	3	11.01916	11
3	--	0.886062	1.063806	2	11.90522	12
2	--	1.386085	0.768107	3	12.67333	13
3	--	0.847352	1.242387	2	13.52068	14
2	--	0.670244	0.703325	1	14.19092	15
1	--	1.499001	1.524571	0	15.68992	16

test #97
2	--	1.558508	1.386831	3	1.38683	1
3	--	0.8177	0.615297	4	2.00213	2
4	--	0.498789	0.343309	5	2.34544	3
5	--	0.721666	0.882347	4	3.06711	4
4	--	1.101951	0.53217	5	3.59928	5
5	--	0.94853	0.55254	6	4.15182	6
6	--	0.480676	0.503344	5	4.6325	7
5	--	0.849421	0.828527	6	5.46103	8
6	--	0.727662	0.389486	7	5.85052	9
7	--	1.116246	1.27169	6	6.96677	10
6	--	0.461583	1.081507	5	7.42835	11
5	--	0.864295	0.519659	6	7.94801	12
6	--	1.038954	0.647633	7	8.59564	13
7	--	0.693091	1.021383	6	9.28873	14
6	--	0.749756	0.769585	5	10.03849	15
5	--	0.693924	0.710563	4	10.73241	16
4	--	0.500257	0.646638	3	11.23267	17
3	--	1.24992	0.484332	4	11.717	18
4	--	0.521601	0.777635	3	12.2386	19
3	--	0.742114	1.292757	2	12.98071	20
2	--	0.738667	1.627354	1	13.71938	21
1	--	1.522422	1.175862	2	14.89524	22
2	--	0.7264	1.672492	1	15.62164	23
1	--	2.422483	2.169112	2	17.79075	24
2	--	0.605854	1.329913	1	18.3966	25
1	--	1.86148	2.443546	0	20.25808	26

test #98
2	--	0.520577	0.643516	1	0.52058	1
1	--	2.213911	2.849463	0	2.73449	2

test #99
2	--	0.713137	0.939077	1	0.71314	1
1	--	1.711757	1.188077	2	1.90122	2
2	--	1.026005	1.556269	1	2.92723	3
1	--	1.596375	3.157504	0	4.52361	4
