start i C()	t_left		t_right 	New i	Total time generation

test #0
1	--	1.563625	1.76967	0	1.56363	1

test #1
1	--	3.240958	2.915321	2	2.91532	1
2	--	0.877492	1.633153	1	3.79281	2
1	--	1.94444	3.110604	0	5.73725	3

test #2
1	--	2.10443	1.823263	2	1.82326	1
2	--	1.028286	0.81291	3	2.63617	2
3	--	1.39879	0.623145	4	3.25931	3
4	--	0.582203	0.576933	5	3.83624	4
5	--	0.641789	0.994076	4	4.47803	5
4	--	1.130985	0.672443	5	5.15047	6
5	--	0.671361	0.514435	6	5.6649	7
6	--	0.49319	1.243175	5	6.15809	8
5	--	0.54287	0.67272	4	6.70096	9
4	--	0.908086	0.387246	5	7.08821	10
5	--	0.820111	0.405253	6	7.49346	11
6	--	0.937655	0.373276	7	7.86674	12
7	--	0.512894	0.876509	6	8.37963	13
6	--	0.443839	0.655206	5	8.82347	14
5	--	1.122223	0.354218	6	9.17769	15
6	--	0.581787	0.87459	5	9.75948	16
5	--	1.085272	1.164588	4	10.84475	17
4	--	0.662402	0.495079	5	11.33983	18
5	--	0.386035	0.481449	4	11.72587	19
4	--	0.591058	1.055945	3	12.31693	20
3	--	0.531608	0.924101	2	12.84854	21
2	--	1.052214	1.076035	1	13.90075	22
1	--	2.02109	1.602839	2	15.50359	23
2	--	1.567106	1.1638	3	16.66739	24
3	--	1.060772	1.365739	2	17.72816	25
2	--	1.070098	0.662049	3	18.39021	26
3	--	0.911649	1.097286	2	19.30186	27
2	--	0.661723	1.809003	1	19.96358	28
1	--	2.917209	0.983045	2	20.94662	29
2	--	0.773269	0.645116	3	21.59174	30
3	--	0.845769	0.418988	4	22.01073	31
4	--	1.220257	0.510894	5	22.52162	32
5	--	0.658662	0.836983	4	23.18028	33
4	--	0.412083	0.366845	5	23.54712	34
5	--	0.964176	0.370305	6	23.91742	35
6	--	0.671671	0.824482	5	24.58909	36
5	--	0.33159	1.120141	4	24.92068	37
4	--	0.490837	0.487428	5	25.40811	38
5	--	0.863607	0.677953	6	26.08606	39
6	--	0.517654	1.229763	5	26.60371	40
5	--	0.461599	0.331808	6	26.93552	41
6	--	0.397417	0.872198	5	27.33294	42
5	--	1.146213	0.813922	6	28.14686	43
6	--	0.43972	0.65633	5	28.58658	44
5	--	0.540293	0.497633	6	29.08421	45
6	--	0.552234	1.153438	5	29.63644	46
5	--	1.033435	0.377495	6	30.01394	47
6	--	0.681453	0.805121	5	30.69539	48
5	--	0.841645	0.712505	6	31.4079	49
6	--	0.437379	0.697718	5	31.84528	50
5	--	0.761826	0.547935	6	32.39321	51
6	--	0.888092	1.190534	5	33.2813	52
5	--	0.863148	0.795608	6	34.07691	53
6	--	0.791059	1.02142	5	34.86797	54
5	--	0.459474	0.571934	4	35.32744	55
4	--	1.158128	0.535263	5	35.8627	56
5	--	0.468207	0.673578	4	36.33091	57
4	--	0.534668	0.7839	3	36.86558	58
3	--	1.178948	0.460595	4	37.32617	59
4	--	0.698104	1.107395	3	38.02427	60
3	--	1.309418	0.515183	4	38.53945	61
4	--	0.962448	0.650244	5	39.18969	62
5	--	0.785332	0.416691	6	39.60638	63
6	--	0.610866	0.657995	5	40.21725	64
5	--	1.126089	0.475597	6	40.69285	65
6	--	1.209568	0.772977	7	41.46583	66
7	--	0.806994	0.988602	6	42.27282	67
6	--	1.176282	0.697655	7	42.97048	68
7	--	0.77559	0.882995	6	43.74607	69
6	--	0.762375	0.469731	7	44.2158	70
7	--	0.578584	0.951106	6	44.79438	71
6	--	0.376451	0.580085	5	45.17083	72
5	--	0.634957	0.619019	6	45.78985	73
6	--	0.674406	0.92203	5	46.46426	74
5	--	1.122174	1.062231	6	47.52649	75
6	--	0.835726	0.65087	7	48.17736	76
7	--	0.971508	0.455585	8	48.63295	77
8	--	0.819747	0.895704	7	49.4527	78
7	--	1.006339	0.767532	8	50.22023	79
8	--	1.441973	0.888386	9	51.10862	80
9	--	2.400723	1.494162	10	52.60278	81

test #3
1	--	1.151369	2.442243	0	1.15137	1

test #4
1	--	1.713287	1.315301	2	1.3153	1
2	--	1.776559	1.473318	3	2.78862	2
3	--	1.366288	1.390588	2	4.15491	3
2	--	1.197935	0.524841	3	4.67975	4
3	--	1.197853	0.601416	4	5.28117	5
4	--	0.407859	0.922679	3	5.68903	6
3	--	1.025882	1.055923	2	6.71491	7
2	--	0.72482	0.962972	1	7.43973	8
1	--	3.247952	1.682857	2	9.12259	9
2	--	1.1562	1.145566	3	10.26816	10
3	--	0.989553	1.044051	2	11.25771	11
2	--	0.773064	0.909493	1	12.03077	12
1	--	1.500841	1.172372	2	13.20314	13
2	--	0.663465	0.785461	1	13.8666	14
1	--	1.401846	3.282229	0	15.26845	15

test #5
1	--	2.044687	3.261981	0	2.04469	1

test #6
1	--	2.382297	2.644409	0	2.3823	1

test #7
1	--	2.785393	3.006882	0	2.78539	1

test #8
1	--	2.104479	0.944016	2	0.94402	1
2	--	1.503771	1.133012	3	2.07703	2
3	--	0.853053	1.345459	2	2.93008	3
2	--	1.205872	0.688799	3	3.61888	4
3	--	0.95052	0.58659	4	4.20547	5
4	--	0.648885	0.910245	3	4.85436	6
3	--	0.783453	0.767702	4	5.62206	7
4	--	0.347431	0.55373	3	5.96949	8
3	--	0.54643	1.272753	2	6.51592	9
2	--	0.794787	1.429643	1	7.31071	10
1	--	3.208277	1.219444	2	8.53015	11
2	--	0.694489	1.058718	1	9.22464	12
1	--	2.459375	3.141297	0	11.68402	13

test #9
1	--	2.266227	3.006767	0	2.26623	1

test #10
1	--	3.105206	1.704075	2	1.70408	1
2	--	1.239905	1.020335	3	2.72441	2
3	--	0.416085	0.744878	2	3.14049	3
2	--	0.532524	0.713038	1	3.67301	4
1	--	1.742328	1.749933	0	5.41534	5

test #11
1	--	2.199655	1.473525	2	1.47352	1
2	--	0.521166	0.849588	1	1.99469	2
1	--	1.297305	1.818769	0	3.29199	3

test #12
1	--	2.367828	2.71368	0	2.36783	1

test #13
1	--	2.237544	1.809113	2	1.80911	1
2	--	1.483545	1.137206	3	2.94632	2
3	--	1.317177	1.256817	4	4.20314	3
4	--	0.740975	0.890239	3	4.94412	4
3	--	1.199071	0.979361	4	5.92348	5
4	--	0.510262	1.045443	3	6.43374	6
3	--	0.869151	0.679528	4	7.11327	7
4	--	0.898049	0.778118	5	7.89139	8
5	--	0.451812	0.876669	4	8.3432	9
4	--	0.409022	0.617596	3	8.75222	10
3	--	1.33085	0.431874	4	9.18409	11
4	--	0.674438	0.500013	5	9.6841	12
5	--	0.360215	0.542777	4	10.04432	13
4	--	0.777654	0.57492	5	10.61924	14
5	--	0.490454	0.513043	4	11.10969	15
4	--	0.953346	0.462739	5	11.57243	16
5	--	0.949644	1.174024	4	12.52207	17
4	--	0.839192	1.054567	3	13.36126	18
3	--	0.953575	1.392948	2	14.31483	19
2	--	1.034419	1.717648	1	15.34925	20
1	--	1.757809	1.831486	0	17.10706	21

test #14
1	--	3.314711	1.967669	2	1.96767	1
2	--	0.527211	1.240014	1	2.49488	2
1	--	2.319432	1.667487	2	4.16237	3
2	--	1.78304	1.393302	3	5.55567	4
3	--	1.339396	0.431853	4	5.98752	5
4	--	0.522912	0.494767	5	6.48229	6
5	--	0.596816	0.336203	6	6.81849	7
6	--	1.133739	0.51008	7	7.32857	8
7	--	0.870233	0.906649	6	8.1988	9
6	--	0.96862	0.47687	7	8.67567	10
7	--	0.527433	0.542979	6	9.2031	11
6	--	0.99616	0.391309	7	9.59441	12
7	--	0.65975	0.653371	8	10.24778	13
8	--	0.788501	1.441269	7	11.03628	14
7	--	0.677594	0.616934	8	11.65321	15
8	--	1.193305	0.916153	9	12.56936	16
9	--	1.83254	1.703192	10	14.27255	17

test #15
1	--	3.258242	1.587075	2	1.58708	1
2	--	0.77928	0.588856	3	2.17594	2
3	--	0.581526	1.410823	2	2.75747	3
2	--	0.794176	1.269073	1	3.55165	4
1	--	1.833079	1.978441	0	5.38473	5

test #16
1	--	1.21232	2.60012	0	1.21232	1

test #17
1	--	1.927619	2.651597	0	1.92762	1

test #18
1	--	1.95773	1.374529	2	1.37453	1
2	--	0.571532	0.741471	1	1.94606	2
1	--	1.542514	1.9989	0	3.48857	3

test #19
1	--	1.375278	1.704387	0	1.37528	1

test #20
1	--	1.360306	1.598086	0	1.36031	1

test #21
1	--	1.62016	1.964903	0	1.62016	1

test #22
1	--	1.951621	1.946064	2	1.94606	1
2	--	0.771151	1.033052	1	2.71721	2
1	--	1.435516	2.620534	0	4.15273	3

test #23
1	--	2.725071	1.227453	2	1.22745	1
2	--	1.342715	1.280071	3	2.50752	2
3	--	1.200747	0.671856	4	3.17938	3
4	--	0.901152	0.684034	5	3.86341	4
5	--	0.950556	0.772489	6	4.6359	5
6	--	0.753647	0.859543	5	5.38955	6
5	--	0.483512	0.381843	6	5.77139	7
6	--	1.058425	0.834714	7	6.6061	8
7	--	0.934771	0.400506	8	7.00661	9
8	--	0.66984	1.642137	7	7.67645	10
7	--	0.445063	0.623917	6	8.12151	11
6	--	0.708937	0.656871	7	8.77838	12
7	--	0.536549	0.7175	6	9.31493	13
6	--	0.722631	0.858422	5	10.03756	14
5	--	0.94678	0.431182	6	10.46874	15
6	--	1.012278	1.123	5	11.48102	16
5	--	0.82558	0.887731	4	12.3066	17
4	--	1.234102	0.381765	5	12.68837	18
5	--	0.42674	0.421974	6	13.11034	19
6	--	0.402471	0.684056	5	13.51281	20
5	--	0.518873	0.784864	4	14.03168	21
4	--	1.09646	0.548197	5	14.57988	22
5	--	0.839455	0.692363	6	15.27224	23
6	--	0.934232	0.925678	7	16.19792	24
7	--	0.57569	0.560595	8	16.75851	25
8	--	0.622493	0.812435	7	17.381	26
7	--	0.517684	1.194264	6	17.89868	27
6	--	0.988717	0.412816	7	18.3115	28
7	--	0.866182	0.54732	8	18.85882	29
8	--	0.801105	1.315948	7	19.65992	30
7	--	0.746485	1.398078	6	20.4064	31
6	--	0.550502	0.594075	5	20.9569	32
5	--	0.531203	0.610433	4	21.4881	33
4	--	0.514468	0.576151	3	22.00257	34
3	--	1.280061	1.075674	4	23.07824	35
4	--	0.70393	0.35928	5	23.43752	36
5	--	0.827207	0.714274	6	24.15179	37
6	--	0.904147	0.43242	7	24.58421	38
7	--	0.700828	0.972205	6	25.28504	39
6	--	0.795928	0.546107	7	25.83115	40
7	--	0.933642	0.82896	8	26.66011	41
8	--	1.503423	0.729228	9	27.38934	42
9	--	1.671486	1.039648	10	28.42899	43

test #24
1	--	1.321872	1.047332	2	1.04733	1
2	--	1.011746	0.65465	3	1.70198	2
3	--	0.762175	0.671771	4	2.37375	3
4	--	0.440586	0.397694	5	2.77144	4
5	--	1.064035	0.847171	6	3.61861	5
6	--	0.643601	0.464804	7	4.08341	6
7	--	1.368817	0.858909	8	4.94232	7
8	--	1.176764	1.44276	7	6.11908	8
7	--	1.335985	0.77047	8	6.88955	9
8	--	0.513148	0.990768	7	7.4027	10
7	--	0.521049	0.855496	6	7.92375	11
6	--	0.582396	0.342311	7	8.26606	12
7	--	0.761209	0.603747	8	8.86981	13
8	--	0.873819	1.071107	7	9.74363	14
7	--	0.524015	0.466194	8	10.20982	15
8	--	1.129978	1.692074	7	11.3398	16
7	--	0.982509	0.709569	8	12.04937	17
8	--	0.764382	1.071322	7	12.81375	18
7	--	0.960314	0.398689	8	13.21244	19
8	--	1.535132	1.827006	7	14.74757	20
7	--	1.05232	0.558735	8	15.3063	21
8	--	1.798044	0.669926	9	15.97623	22
9	--	2.109812	0.923293	10	16.89952	23

test #25
1	--	2.421891	1.336906	2	1.33691	1
2	--	0.693984	1.12924	1	2.03089	2
1	--	1.854427	2.398705	0	3.88532	3

test #26
1	--	2.076837	1.635728	2	1.63573	1
2	--	1.322172	1.272261	3	2.90799	2
3	--	0.808431	1.364489	2	3.71642	3
2	--	1.027026	0.86945	3	4.58587	4
3	--	0.678507	0.794619	2	5.26438	5
2	--	0.785394	0.928191	1	6.04977	6
1	--	2.14949	1.038973	2	7.08874	7
2	--	1.210979	0.712633	3	7.80137	8
3	--	0.787484	1.21282	2	8.58885	9
2	--	0.86789	1.018931	1	9.45674	10
1	--	2.143502	1.522891	2	10.97963	11
2	--	0.660407	0.776073	1	11.64004	12
1	--	2.895835	3.018308	0	14.53587	13

test #27
1	--	2.723107	2.315771	2	2.31577	1
2	--	0.817041	0.92303	1	3.13281	2
1	--	1.088378	1.510666	0	4.22119	3

test #28
1	--	3.043969	1.017053	2	1.01705	1
2	--	1.729866	0.581265	3	1.59832	2
3	--	0.828556	0.576708	4	2.17503	3
4	--	0.568884	0.887656	3	2.74391	4
3	--	1.173492	0.436556	4	3.18047	5
4	--	0.727721	0.566188	5	3.74666	6
5	--	0.373409	0.587932	4	4.12007	7
4	--	1.039826	0.781283	5	4.90135	8
5	--	0.620534	0.804319	4	5.52188	9
4	--	0.711205	0.76502	3	6.23308	10
3	--	1.35182	1.252309	4	7.48539	11
4	--	0.39156	0.867966	3	7.87695	12
3	--	0.537719	0.62359	2	8.41467	13
2	--	0.887706	0.977805	1	9.30238	14
1	--	1.992978	1.165603	2	10.46798	15
2	--	0.528975	1.295194	1	10.99695	16
1	--	2.166138	1.561939	2	12.55889	17
2	--	1.530161	1.668793	1	14.08905	18
1	--	1.415011	1.363177	2	15.45223	19
2	--	1.855382	1.604152	3	17.05638	20
3	--	0.842673	0.413562	4	17.46994	21
4	--	0.655028	0.678191	3	18.12497	22
3	--	0.714029	1.226039	2	18.839	23
2	--	0.774063	1.238104	1	19.61306	24
1	--	1.26113	3.202826	0	20.87419	25

test #29
1	--	1.216902	0.982122	2	0.98212	1
2	--	1.824382	0.935221	3	1.91734	2
3	--	0.746373	1.013668	2	2.66371	3
2	--	1.277073	0.638375	3	3.30209	4
3	--	0.732984	0.466886	4	3.76898	5
4	--	0.524949	0.522625	5	4.29161	6
5	--	0.837098	0.693671	6	4.98528	7
6	--	0.847778	0.774806	7	5.76009	8
7	--	0.913856	0.74826	8	6.50835	9
8	--	0.622045	1.64515	7	7.13039	10
7	--	0.903083	1.223151	6	8.03347	11
6	--	0.856588	0.836192	7	8.86966	12
7	--	0.416923	0.46758	6	9.28658	13
6	--	1.039056	0.680413	7	9.96699	14
7	--	1.417274	0.55751	8	10.5245	15
8	--	1.262844	0.602544	9	11.12704	16
9	--	1.946618	2.375189	8	13.07366	17
8	--	0.781446	0.884624	7	13.85511	18
7	--	1.062152	0.60324	8	14.45835	19
8	--	1.623875	1.23212	9	15.69047	20
9	--	2.963695	0.996961	10	16.68743	21

test #30
1	--	2.029784	3.285204	0	2.02978	1

test #31
1	--	1.30759	1.231295	2	1.2313	1
2	--	1.532605	0.894037	3	2.12534	2
3	--	1.204469	0.454611	4	2.57995	3
4	--	1.16862	0.556554	5	3.1365	4
5	--	0.756626	0.998712	4	3.89313	5
4	--	0.533837	0.498135	5	4.39126	6
5	--	0.441392	1.132344	4	4.83265	7
4	--	1.101025	0.706499	5	5.53915	8
5	--	0.438938	0.438653	6	5.9778	9
6	--	0.692101	1.046357	5	6.6699	10
5	--	1.067963	0.752399	6	7.4223	11
6	--	0.77395	0.445567	7	7.86787	12
7	--	0.721439	0.470909	8	8.33878	13
8	--	0.65772	0.988559	7	8.9965	14
7	--	0.916365	0.606537	8	9.60304	15
8	--	1.377511	1.558621	7	10.98055	16
7	--	1.38661	1.111034	8	12.09158	17
8	--	1.160395	0.916584	9	13.00816	18
9	--	3.113462	2.051025	10	15.05919	19

test #32
1	--	0.938176	1.024616	0	0.93818	1

test #33
1	--	2.677021	1.301371	2	1.30137	1
2	--	0.687329	0.771791	1	1.9887	2
1	--	1.269141	3.264722	0	3.25784	3

test #34
1	--	1.860917	2.961511	0	1.86092	1

test #35
1	--	1.887239	1.888	0	1.88724	1

test #36
1	--	2.063765	3.143919	0	2.06377	1

test #37
1	--	3.027359	1.144699	2	1.1447	1
2	--	1.421365	1.223984	3	2.36868	2
3	--	1.017789	1.117516	2	3.38647	3
2	--	0.635191	1.137478	1	4.02166	4
1	--	1.61351	1.023995	2	5.04565	5
2	--	0.781146	0.538396	3	5.58405	6
3	--	1.218925	1.248891	2	6.80298	7
2	--	1.540053	1.041744	3	7.84472	8
3	--	0.944946	1.248123	2	8.78967	9
2	--	0.620535	1.45805	1	9.4102	10
1	--	1.631734	2.511103	0	11.04193	11

test #38
1	--	1.70577	2.753829	0	1.70577	1

test #39
1	--	2.683043	1.399713	2	1.39971	1
2	--	1.358285	1.271234	3	2.67094	2
3	--	0.662857	1.128545	2	3.3338	3
2	--	0.83774	1.296702	1	4.17154	4
1	--	1.542979	1.891404	0	5.71452	5

test #40
1	--	1.311416	2.090078	0	1.31142	1

test #41
1	--	2.727562	1.112148	2	1.11215	1
2	--	0.828228	0.672645	3	1.7848	2
3	--	0.960526	0.802284	4	2.58708	3
4	--	0.783361	0.618787	5	3.20587	4
5	--	0.40424	0.526483	4	3.61011	5
4	--	0.378413	0.804292	3	3.98852	6
3	--	0.977626	1.049308	2	4.96615	7
2	--	0.926747	1.303108	1	5.8929	8
1	--	3.235024	1.70268	2	7.59558	9
2	--	0.886576	1.519954	1	8.48216	10
1	--	1.803279	1.012478	2	9.49464	11
2	--	0.518465	1.453417	1	10.0131	12
1	--	1.937128	1.467083	2	11.48018	13
2	--	1.695783	1.032137	3	12.51232	14
3	--	1.061146	1.376469	2	13.57347	15
2	--	0.882103	1.397982	1	14.45557	16
1	--	2.754665	1.500283	2	15.95585	17
2	--	0.728167	1.23137	1	16.68402	18
1	--	1.565119	2.220799	0	18.24914	19

test #42
1	--	1.844548	2.141468	0	1.84455	1

test #43
1	--	2.007022	2.054055	0	2.00702	1

test #44
1	--	2.373136	0.911497	2	0.9115	1
2	--	1.239223	0.744234	3	1.65573	2
3	--	0.945695	0.442765	4	2.0985	3
4	--	0.653106	1.006892	3	2.75161	4
3	--	0.468593	0.790236	2	3.2202	5
2	--	1.508586	0.674438	3	3.89464	6
3	--	0.525888	0.741401	2	4.42053	7
2	--	1.131513	1.206101	1	5.55204	8
1	--	2.584892	2.461841	2	8.01388	9
2	--	1.211053	1.291376	1	9.22493	10
1	--	1.688737	2.126397	0	10.91367	11

test #45
1	--	1.943313	3.177526	0	1.94331	1

test #46
1	--	1.667104	1.018964	2	1.01896	1
2	--	0.592696	1.632566	1	1.61166	2
1	--	0.985683	1.279071	0	2.59734	3

test #47
1	--	2.49732	1.862181	2	1.86218	1
2	--	0.519909	0.822068	1	2.38209	2
1	--	2.455058	1.313759	2	3.69585	3
2	--	0.652653	1.254224	1	4.3485	4
1	--	1.207065	2.663731	0	5.55557	5

test #48
1	--	1.434775	1.949419	0	1.43477	1

test #49
1	--	1.854332	2.387469	0	1.85433	1

test #50
1	--	1.156736	2.817021	0	1.15674	1

test #51
1	--	2.150582	2.327283	0	2.15058	1

test #52
1	--	2.949477	3.211242	0	2.94948	1

test #53
1	--	2.062879	2.273766	0	2.06288	1

test #54
1	--	1.643109	2.441356	0	1.64311	1

test #55
1	--	2.437914	2.226737	2	2.22674	1
2	--	1.079107	0.760966	3	2.98771	2
3	--	1.206262	0.982101	4	3.96981	3
4	--	0.55501	0.9759	3	4.52482	4
3	--	0.686081	1.32347	2	5.2109	5
2	--	0.923332	1.283824	1	6.13423	6
1	--	2.988073	3.190258	0	9.1223	7

test #56
1	--	2.691211	1.056159	2	1.05616	1
2	--	1.289025	1.703337	1	2.34519	2
1	--	1.561171	0.940413	2	3.2856	3
2	--	1.485653	0.818728	3	4.10433	4
3	--	0.636712	0.754908	2	4.74104	5
2	--	1.767326	1.298832	3	6.03987	6
3	--	0.396757	1.33386	2	6.43663	7
2	--	0.730213	1.042167	1	7.16684	8
1	--	0.952452	2.773478	0	8.11929	9

test #57
1	--	1.791337	1.828479	0	1.79134	1

test #58
1	--	3.008368	1.092377	2	1.09238	1
2	--	1.250069	0.530396	3	1.62278	2
3	--	0.542034	0.944862	2	2.16481	3
2	--	0.895945	1.159195	1	3.06075	4
1	--	1.536616	1.239013	2	4.29976	5
2	--	1.081155	1.382935	1	5.38092	6
1	--	1.311356	1.512131	0	6.69228	7

test #59
1	--	2.721606	2.230771	2	2.23077	1
2	--	1.707224	0.693477	3	2.92425	2
3	--	1.390647	0.689287	4	3.61354	3
4	--	0.716245	0.86315	3	4.32979	4
3	--	1.086335	0.922306	4	5.2521	5
4	--	0.801163	0.6698	5	5.9219	6
5	--	0.408037	0.94058	4	6.32994	7
4	--	1.00939	0.95538	5	7.28532	8
5	--	0.348033	0.468662	4	7.63335	9
4	--	0.343485	0.444817	3	7.97683	10
3	--	0.601291	0.585268	4	8.5621	11
4	--	0.417009	0.860402	3	8.97911	12
3	--	1.096866	0.822389	4	9.8015	13
4	--	1.062171	0.878057	5	10.67956	14
5	--	0.913228	1.153192	4	11.59279	15
4	--	0.368956	0.358956	5	11.95175	16
5	--	0.792174	0.389059	6	12.34081	17
6	--	0.566267	0.415349	7	12.75616	18
7	--	1.01312	1.088819	6	13.76928	19
6	--	1.234201	0.985284	7	14.75456	20
7	--	0.784772	0.570981	8	15.32554	21
8	--	1.282562	1.263651	9	16.58919	22
9	--	1.159081	1.312565	8	17.74827	23
8	--	0.905253	1.178545	7	18.65352	24
7	--	0.446043	0.940062	6	19.09956	25
6	--	0.646721	0.879732	5	19.74628	26
5	--	0.57198	0.810187	4	20.31826	27
4	--	0.346819	0.756654	3	20.66508	28
3	--	1.195079	1.274558	2	21.86016	29
2	--	1.592695	0.860965	3	22.72112	30
3	--	0.987123	0.990474	2	23.70824	31
2	--	1.059763	0.675161	3	24.3834	32
3	--	0.720546	0.637355	4	25.02076	33
4	--	0.677098	0.597546	5	25.61831	34
5	--	0.632662	0.555752	6	26.17406	35
6	--	0.55247	0.353246	7	26.52731	36
7	--	1.30032	1.112412	8	27.63972	37
8	--	1.008503	1.145728	7	28.64822	38
7	--	0.793667	0.485579	8	29.1338	39
8	--	1.616909	0.594119	9	29.72792	40
9	--	1.608246	1.709987	8	31.33617	41
8	--	1.42747	1.254841	9	32.59101	42
9	--	1.085995	1.883356	8	33.67701	43
8	--	1.388965	1.027876	9	34.70489	44
9	--	1.57184	3.079551	8	36.27673	45
8	--	0.781094	1.306078	7	37.05782	46
7	--	0.639318	0.43208	8	37.4899	47
8	--	0.594593	0.694794	7	38.08449	48
7	--	0.672335	1.333244	6	38.75683	49
6	--	0.664077	0.993054	5	39.42091	50
5	--	0.484621	0.618117	4	39.90553	51
4	--	0.863475	0.645039	5	40.55057	52
5	--	1.112629	1.05801	6	41.60858	53
6	--	1.240206	0.483398	7	42.09198	54
7	--	1.332731	1.094994	8	43.18697	55
8	--	1.084283	1.868486	7	44.27125	56
7	--	1.140213	0.784438	8	45.05569	57
8	--	1.256005	0.548418	9	45.60411	58
9	--	1.509704	3.148444	8	47.11381	59
8	--	1.325626	1.088214	9	48.20202	60
9	--	2.137063	2.247854	8	50.33908	61
8	--	1.834638	0.976793	9	51.31587	62
9	--	2.548421	1.377865	10	52.69373	63

test #60
1	--	1.35485	1.787249	0	1.35485	1

test #61
1	--	0.991138	1.90944	0	0.99114	1

test #62
1	--	1.912716	0.949555	2	0.94956	1
2	--	0.69678	0.952518	1	1.64634	2
1	--	1.569508	2.346638	0	3.21585	3

test #63
1	--	2.624717	2.579922	2	2.57992	1
2	--	0.954716	0.701815	3	3.28173	2
3	--	0.64121	0.843748	2	3.92294	3
2	--	1.615195	1.371003	3	5.29394	4
3	--	0.789716	1.2625	2	6.08366	5
2	--	1.171684	1.522187	1	7.25534	6
1	--	2.522456	2.16391	2	9.41925	7
2	--	0.553686	0.5762	1	9.97294	8
1	--	2.801694	2.501213	2	12.47415	9
2	--	1.154739	0.71337	3	13.18752	10
3	--	0.567583	0.629305	2	13.7551	11
2	--	0.943746	0.895795	3	14.6509	12
3	--	0.892053	1.38591	2	15.54295	13
2	--	1.41903	0.526293	3	16.06924	14
3	--	0.949033	0.86566	4	16.9349	15
4	--	0.35383	0.347358	5	17.28226	16
5	--	0.347554	0.520938	4	17.62981	17
4	--	0.979327	0.708805	5	18.33862	18
5	--	0.787234	0.820797	4	19.12585	19
4	--	0.688654	0.75795	3	19.8145	20
3	--	0.775207	1.410425	2	20.58971	21
2	--	0.886293	0.716684	3	21.30639	22
3	--	0.630272	0.538275	4	21.84466	23
4	--	1.228796	0.493829	5	22.33849	24
5	--	1.105411	0.723274	6	23.06176	25
6	--	0.423097	0.49323	5	23.48486	26
5	--	0.445158	0.454811	4	23.93002	27
4	--	0.553228	1.061711	3	24.48325	28
3	--	1.1053	1.143238	2	25.58855	29
2	--	0.533184	1.009271	1	26.12173	30
1	--	1.226011	3.093041	0	27.34774	31

test #64
1	--	2.674941	1.151455	2	1.15145	1
2	--	1.200994	0.650153	3	1.8016	2
3	--	0.720615	0.640414	4	2.44201	3
4	--	0.409462	0.547093	3	2.85147	4
3	--	1.132167	0.48253	4	3.334	5
4	--	0.372516	0.483857	3	3.70652	6
3	--	1.202804	0.392672	4	4.09919	7
4	--	0.970678	0.703573	5	4.80276	8
5	--	0.833249	0.443512	6	5.24627	9
6	--	0.447813	0.593495	5	5.69408	10
5	--	1.177141	0.807414	6	6.50149	11
6	--	0.634457	1.178587	5	7.13595	12
5	--	0.411629	0.544199	4	7.54758	13
4	--	1.111681	0.652243	5	8.19982	14
5	--	0.747225	0.573681	6	8.7735	15
6	--	0.382971	1.063259	5	9.15647	16
5	--	0.522035	0.969573	4	9.67851	17
4	--	1.095238	1.1604	3	10.77375	18
3	--	1.020414	0.44775	4	11.2215	19
4	--	0.713876	0.385001	5	11.6065	20
5	--	0.839621	0.974529	4	12.44612	21
4	--	0.750395	0.941494	3	13.19652	22
3	--	0.678907	0.484603	4	13.68112	23
4	--	0.62305	0.356137	5	14.03726	24
5	--	0.745522	0.857062	4	14.78278	25
4	--	0.965556	0.928548	5	15.71133	26
5	--	0.574641	0.774975	4	16.28597	27
4	--	1.215187	0.402385	5	16.68835	28
5	--	1.065819	0.333523	6	17.02187	29
6	--	0.822457	0.887732	5	17.84433	30
5	--	0.406893	1.066673	4	18.25122	31
4	--	0.563909	0.790292	3	18.81513	32
3	--	1.3047	0.698295	4	19.51342	33
4	--	0.904957	0.802311	5	20.31573	34
5	--	1.144015	0.737366	6	21.0531	35
6	--	0.850935	0.589609	7	21.64271	36
7	--	1.133541	0.501627	8	22.14434	37
8	--	1.113609	1.173857	7	23.25795	38
7	--	0.703935	0.560015	8	23.81797	39
8	--	0.75923	0.554457	9	24.37243	40
9	--	2.268291	1.779029	10	26.15146	41

test #65
1	--	2.484758	0.945426	2	0.94543	1
2	--	0.630452	1.733156	1	1.57588	2
1	--	2.833948	1.331747	2	2.90763	3
2	--	0.776681	1.296836	1	3.68431	4
1	--	1.950967	1.254992	2	4.9393	5
2	--	1.503168	0.588941	3	5.52824	6
3	--	0.50696	0.462833	4	5.99107	7
4	--	0.434894	0.721887	3	6.42596	8
3	--	1.275514	1.040416	4	7.46638	9
4	--	0.359779	0.754949	3	7.82616	10
3	--	0.518329	0.660887	2	8.34449	11
2	--	1.110001	0.685971	3	9.03046	12
3	--	0.597801	0.745646	2	9.62826	13
2	--	1.091771	1.590507	1	10.72003	14
1	--	3.276768	2.36658	2	13.08661	15
2	--	1.424971	0.772252	3	13.85886	16
3	--	0.563819	0.493299	4	14.35216	17
4	--	0.782057	1.195549	3	15.13422	18
3	--	0.537824	1.25909	2	15.67204	19
2	--	1.800988	0.826085	3	16.49812	20
3	--	0.39556	0.653608	2	16.89368	21
2	--	1.189956	1.05749	3	17.95117	22
3	--	0.849952	1.200172	2	18.80112	23
2	--	0.544304	0.514055	3	19.31518	24
3	--	0.912532	0.433509	4	19.74869	25
4	--	0.586567	0.553563	5	20.30225	26
5	--	0.381769	1.028399	4	20.68402	27
4	--	0.764731	0.514019	5	21.19804	28
5	--	0.591779	0.451208	6	21.64925	29
6	--	0.710577	1.22254	5	22.35983	30
5	--	0.549695	0.769665	4	22.90953	31
4	--	0.465295	0.60133	3	23.37483	32
3	--	0.881523	1.063242	2	24.25635	33
2	--	1.844912	0.806324	3	25.06267	34
3	--	0.599163	0.952553	2	25.66183	35
2	--	1.822837	0.634131	3	26.29596	36
3	--	0.781608	1.309864	2	27.07757	37
2	--	0.734161	1.396559	1	27.81173	38
1	--	1.461225	2.725639	0	29.27295	39

test #66
1	--	1.00354	2.827664	0	1.00354	1

test #67
1	--	1.005032	0.938317	2	0.93832	1
2	--	0.515451	0.952573	1	1.45377	2
1	--	1.1382	1.063269	2	2.51704	3
2	--	1.616098	1.644609	1	4.13314	4
1	--	2.989445	1.101767	2	5.23491	5
2	--	0.698626	1.229374	1	5.93354	6
1	--	1.504502	1.725021	0	7.43804	7

test #68
1	--	2.101648	1.322671	2	1.32267	1
2	--	0.655881	0.960799	1	1.97855	2
1	--	1.743227	1.583247	2	3.5618	3
2	--	1.78423	1.058957	3	4.62076	4
3	--	1.142928	0.576329	4	5.19709	5
4	--	0.579045	0.75013	3	5.77614	6
3	--	0.396458	1.052519	2	6.1726	7
2	--	0.807459	0.576887	3	6.74949	8
3	--	0.491051	0.715576	2	7.24054	9
2	--	0.807511	1.496969	1	8.04805	10
1	--	2.689995	2.744461	0	10.73805	11

test #69
1	--	1.270147	1.446336	0	1.27015	1

test #70
1	--	2.208469	1.069978	2	1.06998	1
2	--	0.547798	1.613907	1	1.61778	2
1	--	1.957599	0.984937	2	2.60272	3
2	--	1.01349	0.65939	3	3.26211	4
3	--	0.487072	0.931143	2	3.74918	5
2	--	1.025673	1.293742	1	4.77485	6
1	--	1.593392	1.59168	2	6.36653	7
2	--	1.100782	0.526491	3	6.89302	8
3	--	0.560782	0.937275	2	7.4538	9
2	--	0.631704	1.376549	1	8.0855	10
1	--	2.366495	2.383751	0	10.452	11

test #71
1	--	2.380378	1.031535	2	1.03154	1
2	--	0.576082	1.122452	1	1.60762	2
1	--	3.118154	3.214017	0	4.72577	3

test #72
1	--	1.235737	1.564332	0	1.23574	1

test #73
1	--	2.298511	2.000339	2	2.00034	1
2	--	0.799561	1.262879	1	2.7999	2
1	--	1.842851	3.180293	0	4.64275	3

test #74
1	--	2.924814	2.620259	2	2.62026	1
2	--	0.906375	1.845008	1	3.52664	2
1	--	1.054756	1.813568	0	4.5814	3

test #75
1	--	2.191842	1.725905	2	1.72591	1
2	--	1.582147	0.525155	3	2.25107	2
3	--	0.61964	0.778163	2	2.87071	3
2	--	1.208197	0.782451	3	3.65316	4
3	--	0.760896	1.091274	2	4.41406	5
2	--	0.527308	1.356858	1	4.94137	6
1	--	1.764617	0.935692	2	5.87706	7
2	--	0.891558	0.757238	3	6.6343	8
3	--	1.094497	0.930059	4	7.56436	9
4	--	0.648853	0.764689	3	8.21321	10
3	--	0.808489	0.464131	4	8.67734	11
4	--	0.955504	0.366408	5	9.04375	12
5	--	0.47329	0.907367	4	9.51704	13
4	--	0.560252	0.960988	3	10.07729	14
3	--	1.137607	0.906573	4	10.98386	15
4	--	0.992743	0.440984	5	11.42484	16
5	--	0.57411	0.582735	4	11.99895	17
4	--	0.999396	1.089935	3	12.99835	18
3	--	1.045712	0.442596	4	13.44095	19
4	--	0.449698	0.722395	3	13.89065	20
3	--	0.694288	0.953806	2	14.58494	21
2	--	1.490566	0.929444	3	15.51438	22
3	--	1.001977	0.802189	4	16.31657	23
4	--	1.144083	0.697421	5	17.01399	24
5	--	0.843578	0.572355	6	17.58634	25
6	--	1.094662	1.150424	5	18.681	26
5	--	0.802212	0.751124	6	19.43212	27
6	--	0.690991	1.151711	5	20.12311	28
5	--	0.570576	0.347729	6	20.47084	29
6	--	0.995854	0.60135	7	21.07219	30
7	--	0.910126	0.701896	8	21.77409	31
8	--	0.832135	1.068895	7	22.60622	32
7	--	0.488284	1.356593	6	23.0945	33
6	--	0.824047	1.065887	5	23.91855	34
5	--	0.56745	0.99096	4	24.486	35
4	--	0.957684	0.408124	5	24.89412	36
5	--	0.408931	0.787198	4	25.30305	37
4	--	0.537319	0.448866	5	25.75192	38
5	--	0.443455	0.38934	6	26.14126	39
6	--	0.819857	0.5322	7	26.67346	40
7	--	1.355593	1.191599	8	27.86506	41
8	--	1.780829	0.989166	9	28.85423	42
9	--	1.688672	1.05816	10	29.91239	43

test #76
1	--	2.180636	3.017336	0	2.18064	1

test #77
1	--	3.073194	1.886082	2	1.88608	1
2	--	1.314611	1.54648	1	3.20069	2
1	--	1.669341	2.672355	0	4.87003	3

test #78
1	--	2.840558	3.063652	0	2.84056	1

test #79
1	--	1.845886	1.235922	2	1.23592	1
2	--	0.524632	0.696087	1	1.76055	2
1	--	1.30597	2.248427	0	3.06652	3

test #80
1	--	1.135696	2.262012	0	1.1357	1

test #81
1	--	2.232855	0.989601	2	0.9896	1
2	--	1.258361	0.868901	3	1.8585	2
3	--	0.493641	1.302511	2	2.35214	3
2	--	0.991308	1.107342	1	3.34345	4
1	--	1.339695	3.025183	0	4.68315	5

test #82
1	--	1.791055	1.560548	2	1.56055	1
2	--	0.753426	0.640988	3	2.20154	2
3	--	0.622753	0.640781	2	2.82429	3
2	--	1.794763	0.901843	3	3.72613	4
3	--	0.933132	0.607677	4	4.33381	5
4	--	0.43521	0.394671	5	4.72848	6
5	--	0.901908	0.773614	6	5.50209	7
6	--	0.539773	0.527145	7	6.02923	8
7	--	1.161069	1.060166	8	7.0894	9
8	--	1.355342	0.785962	9	7.87536	10
9	--	1.321669	1.408525	8	9.19703	11
8	--	0.790071	0.97952	7	9.9871	12
7	--	0.778636	0.745605	8	10.7327	13
8	--	0.587287	0.705149	7	11.31999	14
7	--	0.541567	1.129209	6	11.86156	15
6	--	0.40073	0.89243	5	12.26229	16
5	--	0.391407	0.605639	4	12.6537	17
4	--	0.801838	0.401135	5	13.05484	18
5	--	1.05546	0.448119	6	13.50296	19
6	--	0.84311	0.573338	7	14.0763	20
7	--	0.585053	0.715339	6	14.66135	21
6	--	0.638244	1.182009	5	15.29959	22
5	--	0.975106	0.899204	6	16.19879	23
6	--	0.489771	0.928261	5	16.68856	24
5	--	1.14244	0.470251	6	17.15881	25
6	--	0.533303	0.526082	7	17.68489	26
7	--	1.047558	0.88241	8	18.5673	27
8	--	1.281337	0.585244	9	19.15254	28
9	--	3.192895	1.031634	10	20.18417	29

test #83
1	--	1.360337	2.163061	0	1.36034	1

test #84
1	--	1.870927	2.281402	0	1.87093	1

test #85
1	--	1.651419	1.036911	2	1.03691	1
2	--	1.430127	1.105824	3	2.14273	2
3	--	0.796399	1.010121	2	2.93913	3
2	--	0.994434	0.909048	3	3.84818	4
3	--	0.803281	0.570488	4	4.41867	5
4	--	0.471348	0.684967	3	4.89002	6
3	--	0.551233	0.472255	4	5.36227	7
4	--	0.943344	0.661159	5	6.02343	8
5	--	0.338388	0.913104	4	6.36182	9
4	--	0.642967	0.774233	3	7.00479	10
3	--	0.694304	0.44921	4	7.454	11
4	--	0.596549	0.515925	5	7.96992	12
5	--	0.619523	0.388381	6	8.3583	13
6	--	1.12009	1.042018	7	9.40032	14
7	--	0.46356	0.641315	6	9.86388	15
6	--	0.508898	0.716971	5	10.37278	16
5	--	0.768435	0.457133	6	10.82991	17
6	--	0.631008	0.75864	5	11.46092	18
5	--	0.620184	0.466045	6	11.92696	19
6	--	0.813231	0.407526	7	12.33449	20
7	--	1.068387	0.479529	8	12.81402	21
8	--	1.570831	0.709564	9	13.52358	22
9	--	2.959155	1.45301	10	14.97659	23

test #86
1	--	1.246856	1.12199	2	1.12199	1
2	--	1.011623	1.129637	1	2.13361	2
1	--	2.611371	2.62378	0	4.74498	3

test #87
1	--	2.242626	1.1453	2	1.1453	1
2	--	1.617864	1.099191	3	2.24449	2
3	--	0.511275	0.478298	4	2.72279	3
4	--	1.093307	0.613848	5	3.33664	4
5	--	0.559889	0.703896	4	3.89653	5
4	--	0.882994	0.627165	5	4.52369	6
5	--	0.849415	0.589037	6	5.11273	7
6	--	0.553791	0.533774	7	5.6465	8
7	--	1.072107	0.750406	8	6.39691	9
8	--	1.427804	0.789551	9	7.18646	10
9	--	1.835712	1.208961	10	8.39542	11

test #88
1	--	1.794755	1.903908	0	1.79476	1

test #89
1	--	1.664895	2.246447	0	1.6649	1

test #90
1	--	1.361967	2.326753	0	1.36197	1

test #91
1	--	2.874887	1.232283	2	1.23228	1
2	--	0.701363	0.520726	3	1.75301	2
3	--	0.931783	0.434498	4	2.18751	3
4	--	0.466186	0.88898	3	2.6537	4
3	--	1.32504	1.24771	4	3.90141	5
4	--	0.693843	0.831929	3	4.59525	6
3	--	0.70337	0.938143	2	5.29862	7
2	--	1.051916	0.621346	3	5.91997	8
3	--	0.47684	0.934781	2	6.39681	9
2	--	1.071364	0.794024	3	7.19083	10
3	--	0.682566	0.643504	4	7.83433	11
4	--	0.713657	0.348773	5	8.1831	12
5	--	0.681293	0.39564	6	8.57874	13
6	--	0.732186	0.741887	5	9.31093	14
5	--	0.412517	0.727353	4	9.72345	15
4	--	0.586565	0.36478	5	10.08823	16
5	--	0.480339	0.655681	4	10.56857	17
4	--	1.113453	0.527824	5	11.09639	18
5	--	0.696068	0.904956	4	11.79246	19
4	--	0.981735	1.113742	3	12.7742	20
3	--	0.995823	1.227725	2	13.77002	21
2	--	1.143391	0.933199	3	14.70322	22
3	--	0.618221	1.330573	2	15.32144	23
2	--	1.240266	1.839839	1	16.56171	24
1	--	2.351594	2.454748	0	18.9133	25

test #92
1	--	1.307318	1.066852	2	1.06685	1
2	--	0.961111	0.85285	3	1.9197	2
3	--	0.854154	0.871701	2	2.77385	3
2	--	1.027196	0.961871	3	3.73572	4
3	--	1.160818	0.985758	4	4.72148	5
4	--	0.397506	1.247805	3	5.11899	6
3	--	0.840889	1.123869	2	5.95988	7
2	--	1.107747	1.52721	1	7.06763	8
1	--	1.958218	3.203806	0	9.02585	9

test #93
1	--	1.893491	2.801699	0	1.89349	1

test #94
1	--	1.523193	2.049406	0	1.52319	1

test #95
1	--	1.233533	1.536943	0	1.23353	1

test #96
1	--	2.685485	2.647504	2	2.6475	1
2	--	0.961971	1.249247	1	3.60947	2
1	--	1.993467	1.768605	2	5.37807	3
2	--	0.708566	1.089516	1	6.08664	4
1	--	3.236066	1.893913	2	7.98055	5
2	--	1.020066	1.205663	1	9.00062	6
1	--	1.867255	2.095127	0	10.86788	7

test #97
1	--	2.185702	1.698551	2	1.69855	1
2	--	1.782505	1.766635	3	3.46518	2
3	--	1.405353	0.919285	4	4.38447	3
4	--	0.454398	0.761673	3	4.83887	4
3	--	0.76885	1.348726	2	5.60772	5
2	--	1.706366	0.834696	3	6.44242	6
3	--	1.173341	0.956898	4	7.39932	7
4	--	0.879169	0.617543	5	8.01686	8
5	--	1.090541	1.14044	4	9.1074	9
4	--	0.990883	0.935888	5	10.04329	10
5	--	0.675553	0.568113	6	10.6114	11
6	--	0.582477	1.193782	5	11.19388	12
5	--	0.92678	1.195501	4	12.12066	13
4	--	0.722746	1.0705	3	12.84341	14
3	--	1.391499	0.532361	4	13.37577	15
4	--	0.771633	0.889732	3	14.1474	16
3	--	0.73769	0.431097	4	14.5785	17
4	--	1.04336	1.100509	3	15.62186	18
3	--	0.918462	0.978753	2	16.54032	19
2	--	1.21267	1.108633	3	17.64895	20
3	--	0.53532	0.517879	4	18.16683	21
4	--	1.213233	0.63568	5	18.80251	22
5	--	0.836094	0.610137	6	19.41265	23
6	--	0.600717	0.968494	5	20.01337	24
5	--	0.801253	1.023523	4	20.81462	25
4	--	0.974895	0.995252	3	21.78951	26
3	--	0.493512	0.611422	2	22.28302	27
2	--	1.590332	0.848717	3	23.13174	28
3	--	1.074297	0.612829	4	23.74457	29
4	--	0.525874	1.133729	3	24.27044	30
3	--	0.845267	1.275571	2	25.11571	31
2	--	1.670885	0.900942	3	26.01665	32
3	--	0.848506	1.111263	2	26.86516	33
2	--	1.267675	0.740834	3	27.60599	34
3	--	0.57862	0.663383	2	28.18461	35
2	--	0.885393	0.666989	3	28.8516	36
3	--	0.526681	1.127079	2	29.37828	37
2	--	0.981931	0.525657	3	29.90394	38
3	--	1.261025	0.822866	4	30.72681	39
4	--	0.644241	0.395526	5	31.12234	40
5	--	0.392337	1.188854	4	31.51468	41
4	--	0.677701	0.463781	5	31.97846	42
5	--	0.5226	0.478021	6	32.45648	43
6	--	0.652473	1.244807	5	33.10895	44
5	--	0.574144	1.090996	4	33.68309	45
4	--	0.754526	0.557818	5	34.24091	46
5	--	0.537072	0.542357	4	34.77798	47
4	--	0.567948	0.39512	5	35.1731	48
5	--	0.683789	0.734917	4	35.85689	49
4	--	0.815773	0.564276	5	36.42117	50
5	--	0.340904	0.439572	4	36.76207	51
4	--	0.881612	0.527621	5	37.28969	52
5	--	0.890973	1.050985	4	38.18066	53
4	--	0.749012	0.493045	5	38.67371	54
5	--	0.793936	0.952458	4	39.46765	55
4	--	0.667204	0.59576	5	40.06341	56
5	--	0.331859	0.73101	4	40.39527	57
4	--	0.759111	1.084609	3	41.15438	58
3	--	1.102437	0.958679	4	42.11306	59
4	--	0.503649	0.836153	3	42.61671	60
3	--	0.586271	0.653052	2	43.20298	61
2	--	0.76977	1.354923	1	43.97275	62
1	--	2.401139	1.173187	2	45.14594	63
2	--	1.604727	1.291237	3	46.43718	64
3	--	0.608168	0.631809	2	47.04535	65
2	--	1.234796	1.822735	1	48.28015	66
1	--	2.955679	0.94753	2	49.22768	67
2	--	0.935618	0.802167	3	50.02985	68
3	--	0.596502	0.661309	2	50.62635	69
2	--	1.663645	0.902897	3	51.52925	70
3	--	0.626578	0.742705	2	52.15583	71
2	--	0.583084	0.688518	1	52.73891	72
1	--	1.032666	2.97253	0	53.77158	73

test #98
1	--	1.616827	1.430714	2	1.43071	1
2	--	0.747659	0.932342	1	2.17837	2
1	--	3.268199	3.004936	2	5.18331	3
2	--	1.369805	1.626209	1	6.55311	4
1	--	2.79252	2.376367	2	8.92948	5
2	--	1.130944	0.780547	3	9.71003	6
3	--	1.349292	1.262317	4	10.97235	7
4	--	0.798532	0.632093	5	11.60444	8
5	--	0.478372	0.532277	4	12.08281	9
4	--	1.025722	1.240754	3	13.10853	10
3	--	0.563652	0.479225	4	13.58776	11
4	--	0.86842	0.776467	5	14.36423	12
5	--	0.873005	0.460424	6	14.82465	13
6	--	1.122938	0.952413	7	15.77706	14
7	--	0.811277	0.41121	8	16.18827	15
8	--	0.981469	1.17929	7	17.16974	16
7	--	1.041163	0.554364	8	17.7241	17
8	--	0.621459	1.496329	7	18.34556	18
7	--	1.394718	1.392969	8	19.73853	19
8	--	1.091028	1.404909	7	20.82956	20
7	--	0.550234	1.290202	6	21.37979	21
6	--	1.091557	0.53717	7	21.91696	22
7	--	0.524016	0.448111	8	22.36507	23
8	--	1.387607	1.392725	7	23.75268	24
7	--	0.455848	1.022469	6	24.20853	25
6	--	0.621645	0.680408	5	24.83018	26
5	--	1.009406	0.94983	6	25.78001	27
6	--	0.786575	0.480341	7	26.26035	28
7	--	1.270085	0.592534	8	26.85288	29
8	--	0.875708	1.2802	7	27.72859	30
7	--	1.030475	1.269849	6	28.75907	31
6	--	0.670611	0.376672	7	29.13574	32
7	--	0.516229	1.230864	6	29.65197	33
6	--	0.546881	0.994119	5	30.19885	34
5	--	0.510372	0.716367	4	30.70922	35
4	--	0.415215	1.128385	3	31.12444	36
3	--	1.149514	0.85729	4	31.98173	37
4	--	0.423291	0.364358	5	32.34609	38
5	--	0.855824	0.38488	6	32.73097	39
6	--	0.659579	0.67601	5	33.39055	40
5	--	0.761498	0.507806	6	33.89836	41
6	--	1.176577	0.678664	7	34.57702	42
7	--	0.987093	0.919434	8	35.49645	43
8	--	1.272348	1.051023	9	36.54747	44
9	--	1.327668	1.164315	10	37.71178	45

test #99
1	--	1.500481	1.366805	2	1.36681	1
2	--	1.311174	0.797054	3	2.16386	2
3	--	0.631351	1.277744	2	2.79521	3
2	--	0.886012	1.756381	1	3.68122	4
1	--	1.649124	2.615157	0	5.33034	5
