start i C()	t_left		t_right 	New i	Total time generation

test #0
5	--	0.587561	0.390523	6	0.39052	1
6	--	0.700019	0.380763	7	0.77128	2
7	--	0.465227	1.281238	6	1.23651	3
6	--	0.994892	0.810527	7	2.04704	4
7	--	0.676158	0.565831	8	2.61287	5
8	--	1.34451	0.941313	9	3.55418	6
9	--	1.497222	1.453185	10	5.00736	7

test #1
5	--	0.888257	0.492876	6	0.49288	1
6	--	0.88823	0.903986	5	1.38111	2
5	--	0.453658	0.787771	4	1.83477	3
4	--	1.057156	0.421508	5	2.25628	4
5	--	0.352312	0.481693	4	2.60859	5
4	--	0.654429	0.67201	3	3.26302	6
3	--	0.775075	1.296846	2	4.03809	7
2	--	0.737698	1.051066	1	4.77579	8
1	--	1.40268	3.230441	0	6.17847	9

test #2
5	--	0.559164	1.130175	4	0.55916	1
4	--	1.11057	1.109978	5	1.66914	2
5	--	0.487502	1.111068	4	2.15664	3
4	--	0.359022	0.929876	3	2.51566	4
3	--	1.372185	1.226595	4	3.74226	5
4	--	0.863238	1.100874	3	4.6055	6
3	--	1.10296	0.769462	4	5.37496	7
4	--	0.564866	0.462843	5	5.8378	8
5	--	0.4123	0.353379	6	6.19118	9
6	--	0.862738	0.531851	7	6.72303	10
7	--	0.908363	0.672657	8	7.39569	11
8	--	0.728861	1.174585	7	8.12455	12
7	--	0.490257	0.911713	6	8.61481	13
6	--	1.219889	0.972084	7	9.58689	14
7	--	0.691617	0.889533	6	10.27851	15
6	--	0.672189	1.163197	5	10.9507	16
5	--	0.408264	0.588765	4	11.35896	17
4	--	0.410405	0.635432	3	11.76937	18
3	--	0.587814	0.75603	2	12.35718	19
2	--	0.604028	0.620055	1	12.96121	20
1	--	1.016228	1.019953	0	13.97744	21

test #3
5	--	0.363096	0.483364	4	0.3631	1
4	--	0.533363	1.137892	3	0.89646	2
3	--	1.164468	0.871823	4	1.76828	3
4	--	1.038866	0.769347	5	2.53763	4
5	--	0.885902	0.557205	6	3.09483	5
6	--	0.531575	0.706361	5	3.62641	6
5	--	0.582375	0.95871	4	4.20878	7
4	--	0.652377	1.225013	3	4.86116	8
3	--	0.969158	1.142734	2	5.83032	9
2	--	1.701701	0.66104	3	6.49136	10
3	--	1.010986	1.14251	2	7.50235	11
2	--	0.810435	0.575203	3	8.07755	12
3	--	0.503149	0.492555	4	8.57011	13
4	--	0.406971	0.43721	3	8.97708	14
3	--	1.276032	0.594983	4	9.57206	15
4	--	0.954031	1.014816	3	10.52609	16
3	--	0.425717	0.402798	4	10.92889	17
4	--	0.409779	1.113551	3	11.33867	18
3	--	1.399861	1.036559	4	12.37523	19
4	--	0.716176	1.144168	3	13.09141	20
3	--	0.805047	0.785093	4	13.8765	21
4	--	0.803988	1.142195	3	14.68049	22
3	--	1.094136	0.769615	4	15.45011	23
4	--	0.547119	0.568902	3	15.99723	24
3	--	1.419974	0.46238	4	16.45961	25
4	--	1.052316	0.411463	5	16.87107	26
5	--	0.43121	1.052603	4	17.30228	27
4	--	1.068817	1.108934	3	18.3711	28
3	--	0.898004	0.782619	4	19.15372	29
4	--	0.578981	0.676054	3	19.7327	30
3	--	0.510572	1.407176	2	20.24327	31
2	--	0.534937	1.779298	1	20.77821	32
1	--	3.268858	1.492983	2	22.27119	33
2	--	1.691924	1.368993	3	23.64018	34
3	--	1.237591	1.389347	2	24.87777	35
2	--	1.067565	0.98057	3	25.85834	36
3	--	0.72466	0.785423	2	26.583	37
2	--	0.908844	1.369817	1	27.49184	38
1	--	3.050437	0.947194	2	28.43903	39
2	--	1.517692	0.881199	3	29.32023	40
3	--	0.489649	1.113101	2	29.80988	41
2	--	1.833381	0.733798	3	30.54368	42
3	--	0.729048	0.893441	2	31.27273	43
2	--	1.256054	1.709376	1	32.52878	44
1	--	2.060699	2.581869	0	34.58948	45

test #4
5	--	0.568079	0.496939	6	0.49694	1
6	--	0.446472	0.599235	5	0.94341	2
5	--	0.548731	0.658832	4	1.49214	3
4	--	0.900622	0.909303	3	2.39276	4
3	--	1.175178	1.340106	2	3.56794	5
2	--	1.446405	1.066382	3	4.63432	6
3	--	0.995572	0.692501	4	5.32682	7
4	--	1.102843	1.082665	5	6.40948	8
5	--	0.343753	0.539959	4	6.75323	9
4	--	0.642268	0.582635	5	7.33587	10
5	--	1.183333	0.794199	6	8.13007	11
6	--	0.379415	0.74784	5	8.50949	12
5	--	0.881159	0.440078	6	8.94957	13
6	--	0.393089	0.568052	5	9.34266	14
5	--	0.561815	0.587529	4	9.90447	15
4	--	0.380024	0.542992	3	10.28449	16
3	--	0.450498	0.819457	2	10.73499	17
2	--	1.090612	0.861433	3	11.59642	18
3	--	0.536899	0.998458	2	12.13332	19
2	--	0.735871	0.616719	3	12.75004	20
3	--	1.240719	0.637203	4	13.38724	21
4	--	0.546455	0.437678	5	13.82492	22
5	--	0.615118	0.655521	4	14.44004	23
4	--	0.78967	0.726699	5	15.16674	24
5	--	0.816939	0.496374	6	15.66311	25
6	--	1.057525	0.447055	7	16.11016	26
7	--	1.117484	0.874255	8	16.98442	27
8	--	1.023456	1.016268	9	18.00069	28
9	--	1.340173	3.269225	8	19.34086	29
8	--	1.530513	0.931793	9	20.27265	30
9	--	1.795493	3.304594	8	22.06814	31
8	--	0.814603	1.375095	7	22.88274	32
7	--	0.903911	1.41355	6	23.78665	33
6	--	0.999559	0.801683	7	24.58833	34
7	--	0.633117	0.573889	8	25.16222	35
8	--	1.173762	0.898312	9	26.06053	36
9	--	2.602852	2.056872	10	28.1174	37

test #5
5	--	0.637824	0.915884	4	0.63782	1
4	--	0.821016	0.496839	5	1.13466	2
5	--	1.108239	0.834448	6	1.96911	3
6	--	0.905507	1.047149	5	2.87462	4
5	--	0.692473	0.645619	6	3.52024	5
6	--	0.492318	0.424258	7	3.9445	6
7	--	1.043865	0.472618	8	4.41712	7
8	--	0.976928	0.862082	9	5.2792	8
9	--	2.692669	1.333346	10	6.61255	9

test #6
5	--	0.748912	0.641247	6	0.64125	1
6	--	0.951283	1.064432	5	1.59253	2
5	--	0.429467	0.725396	4	2.022	3
4	--	0.346357	0.83072	3	2.36836	4
3	--	0.571658	0.426519	4	2.79488	5
4	--	0.554547	0.436913	5	3.23179	6
5	--	0.62183	0.53114	6	3.76293	7
6	--	0.994117	0.643258	7	4.40619	8
7	--	0.612773	0.947272	6	5.01896	9
6	--	1.24486	0.767063	7	5.78602	10
7	--	1.15506	1.041767	8	6.82779	11
8	--	1.020699	1.299739	7	7.84849	12
7	--	1.358089	0.631435	8	8.47992	13
8	--	0.896217	0.562788	9	9.04271	14
9	--	2.021975	2.605058	8	11.06468	15
8	--	1.634602	0.988589	9	12.05327	16
9	--	2.542986	2.24717	10	14.30044	17

test #7
5	--	0.66334	0.818938	4	0.66334	1
4	--	1.153736	0.809133	5	1.47247	2
5	--	0.775257	0.336134	6	1.8086	3
6	--	0.531896	0.652497	5	2.3405	4
5	--	0.878398	0.501936	6	2.84244	5
6	--	0.534844	0.367415	7	3.20985	6
7	--	0.735037	1.402235	6	3.94489	7
6	--	0.413812	0.560804	5	4.3587	8
5	--	0.578806	0.926018	4	4.93751	9
4	--	0.419347	1.088246	3	5.35686	10
3	--	1.138653	0.642545	4	5.99941	11
4	--	0.856604	0.463842	5	6.46325	12
5	--	0.353295	1.020839	4	6.81655	13
4	--	0.50789	0.757691	3	7.32444	14
3	--	0.583574	1.30339	2	7.90801	15
2	--	1.829499	1.038957	3	8.94697	16
3	--	1.331091	0.941387	4	9.88836	17
4	--	0.347187	0.744427	3	10.23555	18
3	--	0.510295	0.490414	4	10.72596	19
4	--	0.837433	0.747924	5	11.47388	20
5	--	0.760324	0.459315	6	11.93319	21
6	--	0.493286	1.083859	5	12.42648	22
5	--	1.086327	0.521657	6	12.94814	23
6	--	1.029425	1.05414	5	13.97757	24
5	--	0.631572	0.627118	6	14.60469	25
6	--	0.602109	0.457959	7	15.06265	26
7	--	0.506668	0.997419	6	15.56932	27
6	--	1.167285	0.659409	7	16.22873	28
7	--	1.066066	1.073043	6	17.2948	29
6	--	1.018123	1.026569	5	18.31292	30
5	--	0.999954	0.427147	6	18.74007	31
6	--	1.07778	0.597254	7	19.33732	32
7	--	1.017526	0.426217	8	19.76354	33
8	--	1.172519	0.550734	9	20.31427	34
9	--	3.111512	2.038637	10	22.35291	35

test #8
5	--	0.425944	0.434364	4	0.42594	1
4	--	0.517275	0.985225	3	0.94322	2
3	--	1.279344	0.467823	4	1.41104	3
4	--	0.364258	0.766276	3	1.7753	4
3	--	1.31774	1.369204	2	3.09304	5
2	--	1.172117	1.124292	3	4.21733	6
3	--	0.74622	1.330676	2	4.96355	7
2	--	0.571295	1.375189	1	5.53484	8
1	--	1.298339	1.656588	0	6.83318	9

test #9
5	--	0.414113	0.468955	4	0.41411	1
4	--	0.627018	0.972166	3	1.04113	2
3	--	0.536195	0.489235	4	1.53036	3
4	--	1.212295	1.176339	5	2.7067	4
5	--	0.351781	0.443736	4	3.05848	5
4	--	0.904631	0.521632	5	3.58011	6
5	--	0.352885	1.122627	4	3.933	7
4	--	0.595906	1.036749	3	4.52891	8
3	--	0.781029	0.498101	4	5.02701	9
4	--	0.54469	0.523374	5	5.55038	10
5	--	0.672534	0.356246	6	5.90663	11
6	--	1.052569	0.961287	7	6.86792	12
7	--	0.427899	0.397818	8	7.26574	13
8	--	1.310765	1.38194	7	8.5765	14
7	--	0.983484	0.980617	8	9.55712	15
8	--	1.373153	1.815089	7	10.93027	16
7	--	0.683756	0.942871	6	11.61403	17
6	--	1.09827	0.762795	7	12.37683	18
7	--	0.902446	1.319591	6	13.27928	19
6	--	0.422275	1.107406	5	13.70156	20
5	--	0.474639	0.718074	4	14.1762	21
4	--	0.427365	0.862881	3	14.60356	22
3	--	0.695786	0.693125	4	15.29668	23
4	--	0.523323	0.438849	5	15.73553	24
5	--	0.927223	0.573529	6	16.30906	25
6	--	1.127394	0.460303	7	16.76936	26
7	--	0.806126	0.713361	8	17.48272	27
8	--	1.296256	1.433699	7	18.77898	28
7	--	0.752149	0.500192	8	19.27917	29
8	--	0.898633	1.405195	7	20.1778	30
7	--	0.549846	1.076796	6	20.72765	31
6	--	0.517243	1.005149	5	21.24489	32
5	--	0.555572	0.445906	6	21.6908	33
6	--	0.499876	0.779496	5	22.19068	34
5	--	0.40853	0.558904	4	22.59921	35
4	--	0.407344	1.028013	3	23.00655	36
3	--	1.210754	0.567928	4	23.57448	37
4	--	0.809165	0.590451	5	24.16493	38
5	--	0.985232	1.016952	4	25.15016	39
4	--	0.942038	0.742714	5	25.89287	40
5	--	0.725981	1.179532	4	26.61885	41
4	--	0.679314	0.633568	5	27.25242	42
5	--	0.768929	0.463361	6	27.71578	43
6	--	0.779845	0.612438	7	28.32822	44
7	--	0.475122	0.962545	6	28.80334	45
6	--	1.150297	1.177249	5	29.95364	46
5	--	0.458469	0.642009	4	30.41211	47
4	--	0.457618	1.137375	3	30.86973	48
3	--	0.653329	1.146666	2	31.52306	49
2	--	0.830545	0.853952	1	32.3536	50
1	--	3.261994	0.979578	2	33.33318	51
2	--	1.144012	0.547355	3	33.88054	52
3	--	1.214908	0.741879	4	34.62242	53
4	--	1.079572	0.437513	5	35.05993	54
5	--	0.946506	0.710315	6	35.77025	55
6	--	0.818362	0.556831	7	36.32708	56
7	--	0.489624	0.81643	6	36.8167	57
6	--	0.989437	0.789145	7	37.60584	58
7	--	1.050918	0.501105	8	38.10695	59
8	--	0.591834	0.95341	7	38.69878	60
7	--	0.803098	0.516948	8	39.21573	61
8	--	0.749348	1.249761	7	39.96508	62
7	--	0.834936	0.986339	6	40.80002	63
6	--	0.469687	0.542135	5	41.26971	64
5	--	0.922806	0.643344	6	41.91305	65
6	--	0.892529	1.05136	5	42.80558	66
5	--	0.687419	1.018541	4	43.493	67
4	--	0.706892	0.490392	5	43.98339	68
5	--	0.791709	0.933151	4	44.7751	69
4	--	0.798858	0.424217	5	45.19932	70
5	--	1.004831	0.418087	6	45.61741	71
6	--	0.403885	0.348754	7	45.96616	72
7	--	0.911253	0.996327	6	46.87741	73
6	--	0.495445	0.849149	5	47.37286	74
5	--	0.519459	0.746733	4	47.89232	75
4	--	0.910865	0.717553	5	48.60987	76
5	--	0.342224	0.89703	4	48.95209	77
4	--	0.499164	0.447024	5	49.39911	78
5	--	0.991661	0.508889	6	49.908	79
6	--	0.617905	0.543914	7	50.45191	80
7	--	0.583089	0.72668	6	51.035	81
6	--	0.836223	0.788151	7	51.82315	82
7	--	0.960887	0.534559	8	52.35771	83
8	--	1.599358	1.321264	9	53.67897	84
9	--	2.084461	1.824692	10	55.50366	85

test #10
5	--	1.170915	0.820561	6	0.82056	1
6	--	1.215931	0.750912	7	1.57147	2
7	--	0.477978	1.139809	6	2.04945	3
6	--	0.537895	0.872193	5	2.58735	4
5	--	0.633383	0.731709	4	3.22073	5
4	--	0.685667	0.517195	5	3.73792	6
5	--	0.395545	0.3301	6	4.06802	7
6	--	0.450064	1.102091	5	4.51808	8
5	--	0.431502	0.910295	4	4.94958	9
4	--	0.475474	0.40566	5	5.35524	10
5	--	0.829192	0.601772	6	5.95701	11
6	--	0.729141	0.654665	7	6.61168	12
7	--	0.45994	0.583356	6	7.07162	13
6	--	0.391745	0.508032	5	7.46337	14
5	--	0.957974	0.451559	6	7.91493	15
6	--	1.11495	1.002191	7	8.91712	16
7	--	0.622953	1.031792	6	9.54007	17
6	--	0.750501	0.392852	7	9.93292	18
7	--	0.53811	1.179936	6	10.47103	19
6	--	0.604409	0.732696	5	11.07544	20
5	--	0.533394	0.461714	6	11.53715	21
6	--	0.805591	0.514444	7	12.05159	22
7	--	1.247352	0.638287	8	12.68988	23
8	--	1.077435	0.907646	9	13.59753	24
9	--	2.325295	3.094168	8	15.92283	25
8	--	0.805391	1.603556	7	16.72822	26
7	--	0.462968	1.14506	6	17.19119	27
6	--	0.797977	0.762965	7	17.95416	28
7	--	0.587958	0.85988	6	18.54212	29
6	--	0.446522	0.694958	5	18.98864	30
5	--	0.933019	0.786632	6	19.77527	31
6	--	0.476855	0.34557	7	20.12084	32
7	--	1.226747	1.184042	8	21.30488	33
8	--	1.088427	0.554129	9	21.85901	34
9	--	1.199342	1.911038	8	23.05835	35
8	--	1.189162	0.810647	9	23.869	36
9	--	1.125646	2.271205	8	24.99465	37
8	--	1.212096	1.594547	7	26.20675	38
7	--	0.910255	0.664333	8	26.87108	39
8	--	1.809017	1.563989	9	28.43507	40
9	--	0.957177	1.588082	8	29.39225	41
8	--	1.56091	0.567189	9	29.95944	42
9	--	1.607568	1.277366	10	31.23681	43

test #11
5	--	0.67539	0.70101	4	0.67539	1
4	--	0.830464	0.557189	5	1.23258	2
5	--	0.415384	0.947531	4	1.64796	3
4	--	1.022415	0.852035	5	2.49999	4
5	--	0.600775	0.407193	6	2.90718	5
6	--	0.841823	1.134888	5	3.749	6
5	--	0.639025	0.348573	6	4.09757	7
6	--	0.770236	0.73633	7	4.8339	8
7	--	0.505747	1.300496	6	5.33965	9
6	--	0.893448	0.601359	7	5.94101	10
7	--	1.404498	0.628944	8	6.56995	11
8	--	1.862591	0.880083	9	7.45003	12
9	--	1.799949	1.042379	10	8.49241	13

test #12
5	--	0.885175	0.610111	6	0.61011	1
6	--	0.359884	0.950811	5	0.96999	2
5	--	0.503756	0.897016	4	1.47375	3
4	--	1.206679	1.179898	5	2.65365	4
5	--	0.549412	0.55292	4	3.20306	5
4	--	0.821865	0.429574	5	3.63263	6
5	--	0.379352	1.156553	4	4.01198	7
4	--	0.444368	0.662942	3	4.45635	8
3	--	0.721969	1.07723	2	5.17832	9
2	--	0.743795	1.013794	1	5.92211	10
1	--	0.963888	1.858012	0	6.886	11

test #13
5	--	0.613124	0.422448	6	0.42245	1
6	--	0.630752	0.531593	7	0.95404	2
7	--	0.906693	0.505184	8	1.45922	3
8	--	1.699637	0.514062	9	1.97328	4
9	--	1.906597	3.135179	8	3.87988	5
8	--	1.045585	0.841171	9	4.72105	6
9	--	1.102555	3.149395	8	5.8236	7
8	--	1.385724	1.010504	9	6.8341	8
9	--	3.046555	1.439797	10	8.2739	9

test #14
5	--	0.570901	0.859313	4	0.5709	1
4	--	0.871985	1.107242	3	1.44289	2
3	--	1.275121	0.738302	4	2.18119	3
4	--	0.765619	1.150094	3	2.94681	4
3	--	0.496301	1.071201	2	3.44311	5
2	--	1.799781	0.855842	3	4.29895	6
3	--	1.061215	0.933374	4	5.23232	7
4	--	0.561054	0.405127	5	5.63745	8
5	--	0.866185	0.817245	6	6.45469	9
6	--	0.557399	0.418644	7	6.87333	10
7	--	0.514353	0.9989	6	7.38768	11
6	--	0.556489	0.66074	5	7.94417	12
5	--	0.901173	1.06753	4	8.84534	13
4	--	0.77717	0.398001	5	9.24334	14
5	--	0.891644	0.660726	6	9.90407	15
6	--	0.53174	0.905216	5	10.43581	16
5	--	0.461353	0.840796	4	10.89716	17
4	--	1.20943	0.67526	5	11.57242	18
5	--	0.419213	0.637262	4	11.99163	19
4	--	0.89859	0.498964	5	12.49059	20
5	--	0.51966	0.851216	4	13.01025	21
4	--	1.016249	0.809855	5	13.8201	22
5	--	1.055294	1.025235	6	14.84533	23
6	--	0.873145	0.411955	7	15.25729	24
7	--	0.993506	1.291793	6	16.2508	25
6	--	1.185459	0.40987	7	16.66067	26
7	--	0.970461	1.272589	6	17.63113	27
6	--	0.73756	0.359019	7	17.99015	28
7	--	0.75496	0.889499	6	18.74511	29
6	--	0.976671	1.202121	5	19.72178	30
5	--	0.543875	0.453707	6	20.17549	31
6	--	0.86416	0.961115	5	21.03965	32
5	--	0.343388	1.036714	4	21.38304	33
4	--	0.942154	0.757671	5	22.14071	34
5	--	0.71915	0.587916	6	22.72863	35
6	--	1.20978	0.510824	7	23.23945	36
7	--	0.522525	0.800705	6	23.76198	37
6	--	0.603165	0.713496	5	24.36514	38
5	--	1.106604	0.761067	6	25.12621	39
6	--	1.054709	1.03348	7	26.15969	40
7	--	0.891477	0.998786	6	27.05117	41
6	--	0.755523	0.569293	7	27.62046	42
7	--	1.141644	1.074424	8	28.69488	43
8	--	1.677974	1.694893	7	30.37285	44
7	--	0.400681	1.343767	6	30.77353	45
6	--	1.142359	0.787849	7	31.56138	46
7	--	0.758779	0.666396	8	32.22778	47
8	--	0.689699	0.5134	9	32.74118	48
9	--	1.952653	2.127672	8	34.69383	49
8	--	1.31009	0.698723	9	35.39255	50
9	--	1.700263	2.154115	8	37.09281	51
8	--	0.745456	0.79886	7	37.83827	52
7	--	0.98467	1.346536	6	38.82294	53
6	--	0.436965	0.491762	5	39.2599	54
5	--	0.565835	0.505424	6	39.76532	55
6	--	0.663575	0.602084	7	40.3674	56
7	--	0.711763	0.689429	8	41.05683	57
8	--	0.781989	1.12045	7	41.83882	58
7	--	1.409763	1.157818	8	42.99664	59
8	--	0.581914	0.650337	7	43.57855	60
7	--	0.623637	0.410703	8	43.98925	61
8	--	0.953387	1.811177	7	44.94264	62
7	--	0.795117	0.394326	8	45.33697	63
8	--	1.218002	1.25334	7	46.55497	64
7	--	1.18385	0.561473	8	47.11644	65
8	--	1.309335	1.348876	7	48.42577	66
7	--	1.205701	0.448837	8	48.87461	67
8	--	0.991428	1.436838	7	49.86604	68
7	--	0.629069	0.561238	8	50.42728	69
8	--	0.56038	0.900831	7	50.98766	70
7	--	1.026445	0.425139	8	51.4128	71
8	--	0.749128	0.862915	7	52.16193	72
7	--	0.561522	0.879284	6	52.72345	73
6	--	0.63133	0.681364	5	53.35478	74
5	--	0.407984	0.766159	4	53.76276	75
4	--	0.940816	0.529571	5	54.29233	76
5	--	0.506278	0.786424	4	54.79861	77
4	--	0.530869	0.457231	5	55.25584	78
5	--	0.458662	0.420127	6	55.67597	79
6	--	1.142601	0.638669	7	56.31464	80
7	--	0.643293	0.558105	8	56.87274	81
8	--	0.925678	0.780628	9	57.65337	82
9	--	2.964668	1.849174	10	59.50254	83

test #15
5	--	0.712796	0.596811	6	0.59681	1
6	--	0.645858	0.447413	7	1.04422	2
7	--	0.56827	0.596306	6	1.61249	3
6	--	0.648087	0.566766	7	2.17926	4
7	--	0.871413	0.544824	8	2.72408	5
8	--	0.608491	1.024035	7	3.33257	6
7	--	0.569147	0.417971	8	3.75054	7
8	--	1.324703	1.574678	7	5.07524	8
7	--	0.725786	0.830429	6	5.80103	9
6	--	0.404303	0.409527	5	6.20533	10
5	--	1.094122	1.142165	4	7.29945	11
4	--	0.532849	0.53893	3	7.8323	12
3	--	0.717717	0.75786	2	8.55002	13
2	--	0.690748	1.196908	1	9.24077	14
1	--	2.229336	1.169632	2	10.4104	15
2	--	0.763799	0.758915	3	11.16932	16
3	--	1.336464	0.782447	4	11.95177	17
4	--	0.897947	1.080844	3	12.84972	18
3	--	0.553486	0.646962	2	13.40321	19
2	--	0.608853	0.968493	1	14.01206	20
1	--	1.012986	1.093446	0	15.02505	21

test #16
5	--	0.615325	0.581201	6	0.5812	1
6	--	0.481239	0.668737	5	1.06244	2
5	--	1.064746	0.411272	6	1.47371	3
6	--	0.870258	1.245915	5	2.34397	4
5	--	0.421126	0.505186	4	2.7651	5
4	--	1.04227	0.520675	5	3.28577	6
5	--	0.604877	0.81611	4	3.89065	7
4	--	0.395151	0.391579	5	4.28223	8
5	--	0.449659	0.543927	4	4.73189	9
4	--	1.035513	0.924786	5	5.65668	10
5	--	0.792027	0.770223	6	6.4269	11
6	--	0.645164	0.631237	7	7.05814	12
7	--	0.537119	0.466366	8	7.52451	13
8	--	1.776254	1.389654	9	8.91416	14
9	--	2.441186	1.824294	10	10.73845	15

test #17
5	--	0.626347	0.760758	4	0.62635	1
4	--	1.035915	1.017004	5	1.64335	2
5	--	0.963706	0.780955	6	2.4243	3
6	--	0.538296	0.452218	7	2.87652	4
7	--	1.097248	0.873855	8	3.75038	5
8	--	0.867021	1.318014	7	4.6174	6
7	--	1.018031	0.777126	8	5.39453	7
8	--	0.645013	1.526462	7	6.03954	8
7	--	0.601987	0.411657	8	6.4512	9
8	--	0.520728	0.697778	7	6.97193	10
7	--	0.809516	0.417551	8	7.38948	11
8	--	0.627179	0.707432	7	8.01666	12
7	--	0.628929	0.785684	6	8.64559	13
6	--	0.481416	1.040013	5	9.12701	14
5	--	0.900047	0.413053	6	9.54006	15
6	--	0.994656	0.377016	7	9.91708	16
7	--	0.989185	1.380594	6	10.90626	17
6	--	0.92672	0.535785	7	11.44204	18
7	--	0.588946	1.137814	6	12.03099	19
6	--	0.627331	0.813486	5	12.65832	20
5	--	1.043599	0.362974	6	13.02129	21
6	--	0.441233	0.624739	5	13.46252	22
5	--	0.412834	1.003829	4	13.87535	23
4	--	1.071216	0.381046	5	14.2564	24
5	--	0.784618	0.871763	4	15.04102	25
4	--	0.412973	0.412137	5	15.45316	26
5	--	0.369808	0.54593	4	15.82297	27
4	--	0.669119	0.501392	5	16.32436	28
5	--	0.589993	1.195186	4	16.91435	29
4	--	0.386997	0.767425	3	17.30135	30
3	--	1.170038	0.802239	4	18.10359	31
4	--	0.75085	0.790571	3	18.85444	32
3	--	0.821683	0.602474	4	19.45691	33
4	--	0.788315	0.654353	5	20.11126	34
5	--	0.941467	0.563102	6	20.67436	35
6	--	1.205104	0.717466	7	21.39183	36
7	--	0.874634	0.527451	8	21.91928	37
8	--	0.648681	1.496844	7	22.56796	38
7	--	1.417157	0.621924	8	23.18988	39
8	--	0.950714	0.675581	9	23.86546	40
9	--	1.676484	3.23036	8	25.54194	41
8	--	1.581212	1.336322	9	26.87826	42
9	--	2.712724	1.132431	10	28.01069	43

test #18
5	--	1.039809	0.790821	6	0.79082	1
6	--	1.197447	0.528618	7	1.31944	2
7	--	0.435482	0.954374	6	1.75492	3
6	--	0.713811	0.720808	5	2.46873	4
5	--	0.620506	0.73819	4	3.08924	5
4	--	0.448434	0.523495	3	3.53767	6
3	--	0.716054	0.563978	4	4.10165	7
4	--	0.621257	0.522118	5	4.62377	8
5	--	0.570746	0.946776	4	5.19452	9
4	--	0.593916	0.504546	5	5.69907	10
5	--	0.532903	0.443297	6	6.14237	11
6	--	0.382633	0.668028	5	6.525	12
5	--	0.619746	0.499394	6	7.02439	13
6	--	0.669398	0.505576	7	7.52997	14
7	--	0.46025	1.240267	6	7.99022	15
6	--	1.047585	0.467169	7	8.45739	16
7	--	0.689023	1.040877	6	9.14641	17
6	--	1.160926	0.832452	7	9.97886	18
7	--	1.179363	0.438453	8	10.41731	19
8	--	1.447176	0.663605	9	11.08092	20
9	--	1.147194	2.045931	8	12.22811	21
8	--	1.034864	1.099004	7	13.26297	22
7	--	0.507916	0.924136	6	13.77089	23
6	--	0.535982	0.639991	5	14.30687	24
5	--	0.670898	0.508943	6	14.81581	25
6	--	0.419787	0.919118	5	15.2356	26
5	--	1.036434	0.525583	6	15.76118	27
6	--	0.886862	0.512829	7	16.27401	28
7	--	1.09414	0.865189	8	17.1392	29
8	--	1.546605	1.340482	9	18.47968	30
9	--	3.036008	2.81935	10	21.29903	31

test #19
5	--	0.652394	0.885301	4	0.65239	1
4	--	0.7815	0.739733	5	1.39212	2
5	--	0.85038	0.869692	4	2.2425	3
4	--	0.993719	0.674699	5	2.9172	4
5	--	0.588101	0.539716	6	3.45692	5
6	--	0.742456	0.987598	5	4.19938	6
5	--	0.571557	1.193371	4	4.77094	7
4	--	0.933681	0.601148	5	5.37209	8
5	--	0.480527	0.877346	4	5.85262	9
4	--	0.760026	0.840317	3	6.61265	10
3	--	0.582909	0.564465	4	7.17711	11
4	--	1.192106	0.580751	5	7.75786	12
5	--	0.761824	0.330243	6	8.0881	13
6	--	1.000993	0.658086	7	8.74619	14
7	--	1.132912	1.198816	6	9.8791	15
6	--	1.141999	0.635919	7	10.51502	16
7	--	0.978386	1.358694	6	11.49341	17
6	--	0.474078	0.922162	5	11.96749	18
5	--	0.348962	0.663764	4	12.31645	19
4	--	0.949632	0.780634	5	13.09708	20
5	--	0.853049	0.580326	6	13.67741	21
6	--	0.384352	0.416232	5	14.06176	22
5	--	1.047778	0.831929	6	14.89369	23
6	--	0.882397	1.080303	5	15.77609	24
5	--	0.7922	0.334128	6	16.11022	25
6	--	0.974979	0.501722	7	16.61194	26
7	--	1.131671	1.298871	6	17.74361	27
6	--	1.212624	1.081817	7	18.82543	28
7	--	0.536336	0.626146	6	19.36177	29
6	--	0.971732	0.547538	7	19.90931	30
7	--	0.482648	0.713983	6	20.39196	31
6	--	0.486397	0.683066	5	20.87836	32
5	--	0.832769	0.530513	6	21.40887	33
6	--	0.65923	0.509781	7	21.91865	34
7	--	0.751899	0.87104	6	22.67055	35
6	--	1.21745	0.844096	7	23.51465	36
7	--	0.780627	1.419765	6	24.29528	37
6	--	0.632091	0.828847	5	24.92737	38
5	--	0.63431	0.514066	6	25.44144	39
6	--	1.103438	1.222557	5	26.54488	40
5	--	1.112202	1.138946	4	27.65708	41
4	--	0.854195	0.469852	5	28.12693	42
5	--	1.12211	0.43639	6	28.56332	43
6	--	0.446068	1.155949	5	29.00939	44
5	--	1.029896	0.64977	6	29.65916	45
6	--	0.366531	0.932289	5	30.02569	46
5	--	0.511001	0.695097	4	30.53669	47
4	--	0.725782	0.610354	5	31.14704	48
5	--	1.166399	1.016911	6	32.16395	49
6	--	0.35126	0.578247	5	32.51521	50
5	--	1.17397	1.161583	6	33.67679	51
6	--	0.512401	0.414769	7	34.09156	52
7	--	1.042171	0.430078	8	34.52164	53
8	--	0.783615	1.723219	7	35.30525	54
7	--	0.636858	0.613567	8	35.91882	55
8	--	1.535624	0.761595	9	36.68042	56
9	--	0.947331	3.024415	8	37.62775	57
8	--	0.701005	1.455248	7	38.32875	58
7	--	0.689027	0.579888	8	38.90864	59
8	--	0.543991	1.594097	7	39.45263	60
7	--	0.419183	1.178831	6	39.87181	61
6	--	0.879354	0.436304	7	40.30811	62
7	--	0.736583	1.001073	6	41.04469	63
6	--	1.12139	1.037625	7	42.08232	64
7	--	1.267679	0.929714	8	43.01203	65
8	--	0.69795	0.647561	9	43.65959	66
9	--	2.230666	1.54944	10	45.20903	67

test #20
5	--	0.343808	0.604235	4	0.34381	1
4	--	0.457639	0.415263	5	0.75907	2
5	--	1.149834	1.184298	4	1.9089	3
4	--	0.368263	1.223941	3	2.27716	4
3	--	0.637434	0.732622	2	2.91459	5
2	--	1.760355	0.513261	3	3.42785	6
3	--	0.825284	1.267478	2	4.25313	7
2	--	0.791728	0.754188	3	5.00732	8
3	--	1.069875	0.712541	4	5.71986	9
4	--	1.041266	0.417929	5	6.13779	10
5	--	0.405417	0.987249	4	6.54321	11
4	--	0.580349	1.221535	3	7.12356	12
3	--	0.579558	1.366424	2	7.70312	13
2	--	1.826997	1.336078	3	9.0392	14
3	--	1.250229	1.067185	4	10.10639	15
4	--	0.923363	0.501944	5	10.60833	16
5	--	0.77116	0.947845	4	11.37949	17
4	--	0.827802	0.646592	5	12.02608	18
5	--	1.134832	0.457871	6	12.48395	19
6	--	0.528362	0.612763	5	13.01231	20
5	--	0.834639	0.805953	6	13.81826	21
6	--	0.351369	0.426806	5	14.16963	22
5	--	1.154261	0.625849	6	14.79548	23
6	--	0.815835	0.394243	7	15.18972	24
7	--	0.509835	0.58693	6	15.69956	25
6	--	0.379158	0.450685	5	16.07872	26
5	--	1.043592	1.040089	6	17.11881	27
6	--	0.621477	0.872881	5	17.74029	28
5	--	0.457278	0.693751	4	18.19757	29
4	--	0.642667	1.180005	3	18.84024	30
3	--	0.646573	0.592363	4	19.4326	31
4	--	0.788514	1.01579	3	20.22111	32
3	--	0.955397	0.657149	4	20.87826	33
4	--	0.426914	0.364671	5	21.24293	34
5	--	0.703181	0.783308	4	21.94611	35
4	--	0.657517	0.537225	5	22.48333	36
5	--	0.520584	0.760032	4	23.00391	37
4	--	1.120843	0.835059	5	23.83897	38
5	--	0.71907	0.344119	6	24.18309	39
6	--	1.05712	0.792047	7	24.97514	40
7	--	0.828303	0.992514	6	25.80344	41
6	--	0.718202	0.954505	5	26.52164	42
5	--	0.667348	0.925889	4	27.18899	43
4	--	0.831573	0.940331	3	28.02056	44
3	--	1.391589	0.702824	4	28.72338	45
4	--	0.35498	0.552177	3	29.07836	46
3	--	0.671098	0.804216	2	29.74946	47
2	--	1.396676	1.454325	1	31.14614	48
1	--	2.316215	1.098859	2	32.245	49
2	--	0.683975	1.393757	1	32.92897	50
1	--	1.694457	3.20181	0	34.62343	51

test #21
5	--	0.88445	0.514124	6	0.51412	1
6	--	1.179659	0.828821	7	1.34294	2
7	--	0.523019	0.750676	6	1.86596	3
6	--	1.048201	0.829647	7	2.69561	4
7	--	1.260131	0.506293	8	3.2019	5
8	--	1.632037	0.879577	9	4.08148	6
9	--	2.19372	1.599052	10	5.68053	7

test #22
5	--	0.736932	0.491568	6	0.49157	1
6	--	0.479379	0.806308	5	0.97095	2
5	--	0.621105	0.560049	6	1.531	3
6	--	0.37642	0.353107	7	1.88411	4
7	--	1.026423	0.659921	8	2.54403	5
8	--	1.032899	1.219016	7	3.57693	6
7	--	0.62657	1.257892	6	4.2035	7
6	--	0.962167	0.349881	7	4.55338	8
7	--	0.650149	0.4398	8	4.99318	9
8	--	0.72459	1.209592	7	5.71777	10
7	--	1.351817	1.296516	8	7.01429	11
8	--	0.71899	1.279606	7	7.73328	12
7	--	0.454619	0.68543	6	8.1879	13
6	--	0.669645	1.209053	5	8.85755	14
5	--	0.475684	0.938231	4	9.33323	15
4	--	0.443013	1.007304	3	9.77624	16
3	--	1.252651	0.759383	4	10.53562	17
4	--	0.549855	0.647736	3	11.08547	18
3	--	1.243799	1.171813	4	12.25728	19
4	--	0.391931	0.664175	3	12.64921	20
3	--	0.597082	0.644795	2	13.24629	21
2	--	0.689903	1.44998	1	13.93619	22
1	--	2.111142	1.897522	2	15.83371	23
2	--	1.012026	1.355994	1	16.84574	24
1	--	1.454813	1.480775	0	18.30055	25

test #23
5	--	0.565149	0.658598	4	0.56515	1
4	--	0.526052	0.580901	3	1.0912	2
3	--	0.511903	0.74455	2	1.6031	3
2	--	0.882441	1.262917	1	2.48554	4
1	--	2.874107	1.198415	2	3.68396	5
2	--	1.62369	0.926595	3	4.61055	6
3	--	1.403394	0.893892	4	5.50444	7
4	--	0.550695	0.445094	5	5.94953	8
5	--	1.032057	0.389175	6	6.3387	9
6	--	0.483822	0.429539	7	6.76824	10
7	--	0.395403	0.861962	6	7.16364	11
6	--	1.052215	0.796496	7	7.96014	12
7	--	0.681281	0.399825	8	8.35996	13
8	--	1.557573	0.682554	9	9.04251	14
9	--	1.130695	0.986355	10	10.02886	15

test #24
5	--	0.359007	0.825288	4	0.35901	1
4	--	1.156006	0.769172	5	1.12818	2
5	--	1.113499	1.128878	4	2.24168	3
4	--	0.5008	0.626247	3	2.74248	4
3	--	1.207853	1.182403	4	3.92488	5
4	--	0.627741	1.040408	3	4.55262	6
3	--	0.569167	0.628526	2	5.12179	7
2	--	1.824283	1.056414	3	6.1782	8
3	--	1.024679	0.988718	4	7.16692	9
4	--	0.865732	0.849446	5	8.01637	10
5	--	1.095909	0.713939	6	8.73031	11
6	--	0.466704	1.239431	5	9.19701	12
5	--	1.029998	0.850322	6	10.04733	13
6	--	0.617773	0.999676	5	10.6651	14
5	--	0.803685	1.11763	4	11.46878	15
4	--	0.844182	0.473622	5	11.9424	16
5	--	1.182012	0.771004	6	12.7134	17
6	--	0.355623	0.694686	5	13.06902	18
5	--	0.975347	0.652566	6	13.72159	19
6	--	1.041112	0.861194	7	14.58278	20
7	--	0.470148	1.184903	6	15.05293	21
6	--	1.061398	1.118355	5	16.11433	22
5	--	1.07732	0.869324	6	16.98365	23
6	--	0.662521	0.451289	7	17.43494	24
7	--	1.080311	0.471209	8	17.90615	25
8	--	1.564283	1.247344	9	19.15349	26
9	--	1.045133	1.759109	8	20.19862	27
8	--	0.699592	0.831335	7	20.89821	28
7	--	0.406369	0.546263	6	21.30458	29
6	--	0.725882	0.828248	5	22.03046	30
5	--	1.087947	0.398716	6	22.42918	31
6	--	0.464094	0.509379	5	22.89327	32
5	--	0.380436	0.414664	4	23.27371	33
4	--	0.484179	1.098133	3	23.75789	34
3	--	0.773046	1.191894	2	24.53094	35
2	--	1.574097	1.82313	1	26.10504	36
1	--	2.798518	2.559808	2	28.66485	37
2	--	0.780543	0.869373	1	29.44539	38
1	--	2.54824	1.852922	2	31.29831	39
2	--	1.422907	1.80398	1	32.72122	40
1	--	2.670954	1.962498	2	34.68372	41
2	--	1.252575	0.702536	3	35.38626	42
3	--	1.062134	1.319682	2	36.44839	43
2	--	0.528231	1.156871	1	36.97662	44
1	--	2.43757	1.739382	2	38.716	45
2	--	0.843098	1.730594	1	39.5591	46
1	--	1.978093	3.037497	0	41.53719	47

test #25
5	--	1.120985	0.630825	6	0.63082	1
6	--	0.387126	0.985335	5	1.01795	2
5	--	1.165422	0.671999	6	1.68995	3
6	--	0.637525	0.566729	7	2.25668	4
7	--	1.272895	0.425404	8	2.68208	5
8	--	1.558691	1.287183	9	3.96926	6
9	--	0.973309	1.386435	8	4.94257	7
8	--	0.908831	1.011057	7	5.8514	8
7	--	0.674175	1.082145	6	6.52557	9
6	--	0.521065	0.785591	5	7.04664	10
5	--	0.630042	0.664727	4	7.67668	11
4	--	0.922924	0.981568	3	8.5996	12
3	--	1.177411	1.283849	2	9.77701	13
2	--	1.203536	0.550879	3	10.32789	14
3	--	0.853033	0.970435	2	11.18092	15
2	--	1.630791	1.187163	3	12.36808	16
3	--	0.397106	0.540528	2	12.76519	17
2	--	0.669488	0.772698	1	13.43468	18
1	--	0.964192	1.266332	0	14.39887	19

test #26
5	--	1.05113	0.961611	6	0.96161	1
6	--	0.533477	0.768918	5	1.49509	2
5	--	0.90057	0.627566	6	2.12266	3
6	--	0.575065	0.752535	5	2.69773	4
5	--	1.0612	0.832656	6	3.53039	5
6	--	0.347805	0.955454	5	3.87819	6
5	--	0.701044	0.832109	4	4.57923	7
4	--	0.348753	0.46727	3	4.92798	8
3	--	0.459653	1.235583	2	5.38763	9
2	--	0.91568	0.803758	3	6.19139	10
3	--	0.804891	0.897793	2	6.99628	11
2	--	1.033118	0.651618	3	7.6479	12
3	--	0.493119	0.525529	2	8.14102	13
2	--	1.6389	1.803	1	9.77992	14
1	--	3.176921	2.341547	2	12.12147	15
2	--	0.771477	1.363949	1	12.89295	16
1	--	2.666171	1.39111	2	14.28406	17
2	--	0.87544	1.604343	1	15.1595	18
1	--	2.864135	1.646758	2	16.80626	19
2	--	1.753712	1.058347	3	17.86461	20
3	--	0.647662	0.670911	2	18.51227	21
2	--	1.740932	1.437848	3	19.95012	22
3	--	1.022897	0.757851	4	20.70797	23
4	--	0.591718	0.918569	3	21.29969	24
3	--	0.503066	1.42303	2	21.80276	25
2	--	1.685717	1.437525	3	23.24028	26
3	--	1.318223	0.629564	4	23.86984	27
4	--	0.656984	0.735868	3	24.52682	28
3	--	0.400289	0.528795	2	24.92711	29
2	--	1.019219	1.380174	1	25.94633	30
1	--	1.215255	1.772096	0	27.16158	31

test #27
5	--	0.878938	0.655784	6	0.65578	1
6	--	0.780904	0.55876	7	1.21454	2
7	--	1.173634	0.494431	8	1.70897	3
8	--	0.652166	1.6004	7	2.36114	4
7	--	0.610037	0.426356	8	2.7875	5
8	--	1.360005	1.322618	9	4.11012	6
9	--	1.727483	2.381267	8	5.8376	7
8	--	0.623949	0.71795	7	6.46155	8
7	--	0.558634	0.422835	8	6.88439	9
8	--	1.435019	1.064169	9	7.94856	10
9	--	1.078168	3.052937	8	9.02673	11
8	--	1.58831	1.397754	9	10.42448	12
9	--	1.189207	1.640347	8	11.61369	13
8	--	0.693329	0.903562	7	12.30702	14
7	--	0.959116	0.644284	8	12.9513	15
8	--	0.805563	1.270874	7	13.75686	16
7	--	0.548665	1.146527	6	14.30552	17
6	--	0.495295	0.620514	5	14.80081	18
5	--	0.635263	0.407709	6	15.20852	19
6	--	0.807534	0.599058	7	15.80758	20
7	--	0.471136	0.922742	6	16.27872	21
6	--	0.763389	0.479085	7	16.7578	22
7	--	0.87886	0.497264	8	17.25506	23
8	--	0.723945	0.730277	7	17.979	24
7	--	1.05609	1.370799	6	19.03509	25
6	--	1.180973	1.177519	7	20.21261	26
7	--	0.741942	0.870881	6	20.95455	27
6	--	0.904369	0.396126	7	21.35068	28
7	--	0.543929	1.301578	6	21.89461	29
6	--	1.112345	0.496312	7	22.39092	30
7	--	0.497823	1.402184	6	22.88874	31
6	--	1.131977	0.495439	7	23.38418	32
7	--	1.045389	0.452534	8	23.83671	33
8	--	1.298971	0.612131	9	24.44884	34
9	--	2.666017	0.960539	10	25.40938	35

test #28
5	--	0.476079	1.05714	4	0.47608	1
4	--	0.373991	0.825008	3	0.85007	2
3	--	1.338635	0.628076	4	1.47815	3
4	--	0.407787	0.663785	3	1.88594	4
3	--	1.287944	1.22487	4	3.11081	5
4	--	0.692618	0.583436	5	3.69425	6
5	--	0.422546	0.487181	4	4.1168	7
4	--	0.583606	1.082425	3	4.70041	8
3	--	1.417946	0.629707	4	5.33012	9
4	--	0.345095	0.346528	3	5.67521	10
3	--	0.976555	0.638139	4	6.31335	11
4	--	0.439246	0.512883	3	6.7526	12
3	--	1.182237	0.649963	4	7.40256	13
4	--	0.731048	1.04257	3	8.13361	14
3	--	1.053105	0.639826	4	8.77344	15
4	--	0.461633	0.612277	3	9.23507	16
3	--	0.422667	0.848732	2	9.65774	17
2	--	0.519971	0.715648	1	10.17771	18
1	--	3.126076	3.174553	0	13.30379	19

test #29
5	--	0.92797	0.86369	6	0.86369	1
6	--	1.173226	0.558738	7	1.42243	2
7	--	0.537817	1.011374	6	1.96025	3
6	--	0.532865	0.955955	5	2.49312	4
5	--	0.5337	0.358409	6	2.85153	5
6	--	0.742133	0.833628	5	3.59366	6
5	--	0.488933	1.050309	4	4.08259	7
4	--	0.457486	1.063008	3	4.54008	8
3	--	0.652051	0.731332	2	5.19213	9
2	--	0.923715	1.283532	1	6.11584	10
1	--	2.124266	2.087841	2	8.20368	11
2	--	1.485667	1.080062	3	9.28374	12
3	--	0.605653	0.552334	4	9.83607	13
4	--	1.187044	0.664162	5	10.50023	14
5	--	0.883716	0.591606	6	11.09184	15
6	--	0.342204	0.715137	5	11.43404	16
5	--	1.107961	0.332815	6	11.76686	17
6	--	0.739832	0.799233	5	12.50669	18
5	--	0.530556	0.422957	6	12.92965	19
6	--	0.484968	0.399309	7	13.32896	20
7	--	0.976558	0.819701	8	14.14866	21
8	--	1.237282	1.689899	7	15.38594	22
7	--	1.063681	1.237182	6	16.44962	23
6	--	0.56146	0.354176	7	16.8038	24
7	--	0.953299	1.148633	6	17.7571	25
6	--	0.434373	0.753955	5	18.19147	26
5	--	0.934251	0.882352	6	19.07382	27
6	--	0.396968	0.704323	5	19.47079	28
5	--	0.488508	0.56427	4	19.9593	29
4	--	0.520988	0.532846	3	20.48029	30
3	--	1.303589	0.522698	4	21.00299	31
4	--	0.365599	1.195857	3	21.36859	32
3	--	0.914966	0.765801	4	22.13439	33
4	--	0.403141	0.940659	3	22.53753	34
3	--	0.665592	1.079633	2	23.20312	35
2	--	0.786449	1.195553	1	23.98957	36
1	--	1.435751	2.293488	0	25.42532	37

test #30
5	--	0.594268	0.342363	6	0.34236	1
6	--	0.798852	0.401352	7	0.74371	2
7	--	1.054509	0.742546	8	1.48626	3
8	--	1.682687	0.680296	9	2.16656	4
9	--	2.76705	3.272315	8	4.93361	5
8	--	0.601638	1.228327	7	5.53525	6
7	--	0.747238	0.622129	8	6.15738	7
8	--	1.189027	0.685099	9	6.84248	8
9	--	2.861843	2.775307	10	9.61779	9

test #31
5	--	1.037127	0.480634	6	0.48063	1
6	--	0.408402	1.209661	5	0.88903	2
5	--	0.468044	1.069364	4	1.35707	3
4	--	0.451231	0.579902	3	1.8083	4
3	--	0.794753	0.442375	4	2.25068	5
4	--	0.834811	0.350396	5	2.60108	6
5	--	1.077673	0.919251	6	3.52033	7
6	--	1.077944	0.93987	7	4.4602	8
7	--	1.020007	0.538913	8	4.99911	9
8	--	0.774067	1.416526	7	5.77318	10
7	--	1.235919	0.718135	8	6.49131	11
8	--	0.626284	0.593808	9	7.08512	12
9	--	0.943435	2.260256	8	8.02856	13
8	--	1.446966	1.36513	9	9.39369	14
9	--	1.017029	3.018246	8	10.41072	15
8	--	0.967215	1.18018	7	11.37794	16
7	--	0.619879	1.338066	6	11.99782	17
6	--	0.412272	0.625459	5	12.41009	18
5	--	0.794833	0.677092	6	13.08718	19
6	--	0.578598	0.956342	5	13.66578	20
5	--	0.651347	0.600707	6	14.26649	21
6	--	0.529973	1.129719	5	14.79646	22
5	--	0.907008	0.885944	6	15.6824	23
6	--	0.41307	0.847435	5	16.09547	24
5	--	0.968108	0.595987	6	16.69146	25
6	--	0.402009	0.379639	7	17.0711	26
7	--	1.142489	0.708468	8	17.77957	27
8	--	1.824346	0.586432	9	18.366	28
9	--	2.420841	1.336001	10	19.702	29

test #32
5	--	0.417678	0.810493	4	0.41768	1
4	--	0.849776	0.863911	3	1.26746	2
3	--	1.058412	0.631344	4	1.8988	3
4	--	0.667357	0.369584	5	2.26838	4
5	--	0.72213	0.519201	6	2.78758	5
6	--	1.208547	0.739194	7	3.52677	6
7	--	0.924265	0.423601	8	3.95037	7
8	--	1.716108	0.606494	9	4.55686	8
9	--	2.055059	1.87242	10	6.42928	9

test #33
5	--	0.656716	0.58247	6	0.58247	1
6	--	0.914574	0.570567	7	1.15304	2
7	--	0.698807	0.495721	8	1.64876	3
8	--	0.748621	1.721099	7	2.39738	4
7	--	0.926931	0.751104	8	3.14848	5
8	--	1.85834	0.902839	9	4.05132	6
9	--	2.07232	2.991501	8	6.12364	7
8	--	0.9446	1.58375	7	7.06824	8
7	--	0.505956	0.814565	6	7.5742	9
6	--	0.702803	0.442011	7	8.01621	10
7	--	0.62661	0.940142	6	8.64282	11
6	--	0.775605	0.851496	5	9.41842	12
5	--	0.849936	1.044893	4	10.26836	13
4	--	0.740962	0.802746	3	11.00932	14
3	--	0.828625	0.795767	4	11.80509	15
4	--	0.958944	0.961102	3	12.76403	16
3	--	1.121307	0.915027	4	13.67906	17
4	--	0.591359	0.495984	5	14.17504	18
5	--	0.771777	0.526578	6	14.70162	19
6	--	0.754101	0.88621	5	15.45572	20
5	--	0.650247	0.490129	6	15.94585	21
6	--	0.761477	0.809513	5	16.70733	22
5	--	0.348573	0.714485	4	17.0559	23
4	--	0.631574	0.811264	3	17.68747	24
3	--	1.411777	1.303848	4	18.99132	25
4	--	0.887088	1.157252	3	19.87841	26
3	--	0.440558	0.58248	2	20.31897	27
2	--	1.135647	0.980891	3	21.29986	28
3	--	1.158506	0.43122	4	21.73108	29
4	--	0.991698	0.783006	5	22.51409	30
5	--	1.106437	0.617752	6	23.13184	31
6	--	0.442934	0.881941	5	23.57477	32
5	--	0.448358	0.875521	4	24.02313	33
4	--	1.161286	0.673521	5	24.69665	34
5	--	0.616345	0.387941	6	25.08459	35
6	--	0.684903	1.171827	5	25.76949	36
5	--	0.360675	0.38647	4	26.13017	37
4	--	0.569722	0.607024	3	26.69989	38
3	--	0.520324	0.436784	4	27.13667	39
4	--	0.598555	0.77966	3	27.73522	40
3	--	0.627643	0.745591	2	28.36286	41
2	--	0.791235	1.148102	1	29.1541	42
1	--	1.209372	1.726659	0	30.36347	43

test #34
5	--	0.387655	0.533363	4	0.38766	1
4	--	0.902147	0.419635	5	0.80729	2
5	--	0.747728	0.530238	6	1.33753	3
6	--	0.665861	0.416776	7	1.75431	4
7	--	0.722906	1.249081	6	2.47722	5
6	--	0.788765	0.511824	7	2.98904	6
7	--	1.404351	0.703214	8	3.69225	7
8	--	1.48655	1.723833	7	5.1788	8
7	--	0.853557	1.098326	6	6.03236	9
6	--	0.757528	0.680858	7	6.71322	10
7	--	0.955437	0.737588	8	7.45081	11
8	--	0.998341	1.391981	7	8.44915	12
7	--	0.452967	0.881751	6	8.90212	13
6	--	1.197977	0.456233	7	9.35835	14
7	--	0.58912	0.491378	8	9.84973	15
8	--	0.719179	1.787087	7	10.56891	16
7	--	0.92463	0.739146	8	11.30806	17
8	--	1.491858	1.466641	9	12.7747	18
9	--	3.237628	2.384565	10	15.15926	19

test #35
5	--	0.53664	0.84242	4	0.53664	1
4	--	1.027769	0.380549	5	0.91719	2
5	--	0.691069	0.391821	6	1.30901	3
6	--	0.787466	1.233465	5	2.09648	4
5	--	0.660019	0.63775	6	2.73423	5
6	--	0.66787	0.498255	7	3.23249	6
7	--	0.63078	0.490367	8	3.72286	7
8	--	1.85826	0.884757	9	4.60762	8
9	--	1.86774	3.149422	8	6.47536	9
8	--	0.713993	0.594685	9	7.07005	10
9	--	2.764148	1.64176	10	8.71181	11

test #36
5	--	0.436774	0.517595	4	0.43677	1
4	--	0.53317	0.39586	5	0.83263	2
5	--	0.847188	0.620607	6	1.45324	3
6	--	0.937322	0.367597	7	1.82084	4
7	--	0.744028	0.71688	8	2.53772	5
8	--	1.415573	0.72424	9	3.26196	6
9	--	2.137265	2.306584	8	5.39923	7
8	--	1.360886	0.545596	9	5.94483	8
9	--	2.469877	1.223708	10	7.16854	9

test #37
5	--	0.486066	0.92144	4	0.48607	1
4	--	1.171381	0.66349	5	1.14956	2
5	--	0.434864	1.162431	4	1.58442	3
4	--	0.932293	0.624583	5	2.209	4
5	--	0.554672	0.489477	6	2.69848	5
6	--	1.020419	0.881491	7	3.57997	6
7	--	0.415387	0.625582	6	3.99536	7
6	--	1.117217	0.602812	7	4.59817	8
7	--	0.50113	0.693299	6	5.0993	9
6	--	0.863169	1.126309	5	5.96247	10
5	--	0.687333	0.633996	6	6.59647	11
6	--	0.610036	0.993058	5	7.20651	12
5	--	0.449291	0.570356	4	7.6558	13
4	--	0.724366	0.426328	5	8.08213	14
5	--	0.778428	1.029231	4	8.86056	15
4	--	0.690279	0.673338	5	9.5339	16
5	--	0.7697	0.726376	6	10.26028	17
6	--	0.362763	0.63328	5	10.62304	18
5	--	0.599424	0.828813	4	11.22246	19
4	--	0.358387	0.523134	3	11.58085	20
3	--	0.923864	0.65853	4	12.23938	21
4	--	0.351232	0.640877	3	12.59061	22
3	--	0.819033	0.516966	4	13.10758	23
4	--	0.452251	0.923747	3	13.55983	24
3	--	1.189437	1.087315	4	14.64715	25
4	--	0.37625	0.987935	3	15.0234	26
3	--	1.228558	0.897647	4	15.92105	27
4	--	0.766004	1.056494	3	16.68705	28
3	--	0.770722	0.988176	2	17.45777	29
2	--	1.00251	0.985893	3	18.44366	30
3	--	0.942643	0.666157	4	19.10982	31
4	--	0.420476	0.513393	3	19.5303	32
3	--	0.659849	1.201959	2	20.19015	33
2	--	1.22171	0.718758	3	20.90891	34
3	--	0.511877	0.83587	2	21.42079	35
2	--	1.064984	1.102871	1	22.48577	36
1	--	2.207659	2.77545	0	24.69343	37

test #38
5	--	1.008634	0.743068	6	0.74307	1
6	--	0.855385	0.541227	7	1.2843	2
7	--	0.689407	0.647245	8	1.93154	3
8	--	0.543683	0.514097	9	2.44564	4
9	--	2.16344	3.020972	8	4.60908	5
8	--	0.951513	1.741844	7	5.56059	6
7	--	0.666687	0.994521	6	6.22728	7
6	--	0.550708	0.745086	5	6.77799	8
5	--	0.690485	1.062552	4	7.46848	9
4	--	0.656554	0.493528	5	7.96201	10
5	--	0.906086	0.881715	6	8.84373	11
6	--	0.872391	0.440242	7	9.28397	12
7	--	0.860755	0.670411	8	9.95438	13
8	--	1.43042	1.703289	7	11.3848	14
7	--	0.645177	0.823593	6	12.02998	15
6	--	0.548609	0.752653	5	12.57859	16
5	--	1.187857	0.486427	6	13.06502	17
6	--	0.950595	1.107187	5	14.01561	18
5	--	0.443238	0.653546	4	14.45885	19
4	--	1.196411	0.418214	5	14.87706	20
5	--	0.56816	0.614934	4	15.44522	21
4	--	1.220803	0.356991	5	15.80221	22
5	--	0.448653	0.964081	4	16.25086	23
4	--	0.510926	0.559852	3	16.76179	24
3	--	0.699681	0.877544	2	17.46147	25
2	--	0.947656	0.592982	3	18.05445	26
3	--	0.442722	0.608908	2	18.49717	27
2	--	0.66037	1.37021	1	19.15754	28
1	--	1.530966	3.069201	0	20.68851	29

test #39
5	--	0.493578	0.559204	4	0.49358	1
4	--	0.507276	0.729472	3	1.00086	2
3	--	0.528695	0.391686	4	1.39255	3
4	--	0.548784	0.530536	5	1.92309	4
5	--	0.495115	0.554406	4	2.41821	5
4	--	0.481607	0.976792	3	2.89982	6
3	--	0.593224	0.587443	4	3.48726	7
4	--	0.535955	0.685522	3	4.02321	8
3	--	0.46316	0.597432	2	4.48637	9
2	--	0.69324	0.844083	1	5.17961	10
1	--	2.522202	2.090838	2	7.27045	11
2	--	0.875566	1.262823	1	8.14602	12
1	--	1.448811	2.990357	0	9.59483	13

test #40
5	--	0.392323	0.427212	4	0.39232	1
4	--	0.43312	0.720622	3	0.82544	2
3	--	1.283523	0.460776	4	1.28622	3
4	--	1.01616	0.487209	5	1.77343	4
5	--	0.380556	1.160963	4	2.15399	5
4	--	0.397067	0.837142	3	2.55106	6
3	--	1.101259	0.500947	4	3.05201	7
4	--	0.693106	0.622005	5	3.67402	8
5	--	0.396727	0.877012	4	4.07075	9
4	--	0.757023	0.386206	5	4.45696	10
5	--	0.570404	1.049351	4	5.02736	11
4	--	1.086257	0.748249	5	5.77561	12
5	--	0.781793	1.099394	4	6.5574	13
4	--	0.895183	1.06491	3	7.45258	14
3	--	0.943932	1.271613	2	8.39651	15
2	--	0.806042	0.599613	3	8.99612	16
3	--	0.454356	0.5151	2	9.45048	17
2	--	0.719002	1.182282	1	10.16948	18
1	--	2.796505	1.830872	2	12.00035	19
2	--	1.244162	1.742354	1	13.24451	20
1	--	1.635934	2.880584	0	14.88044	21

test #41
5	--	0.598798	0.785309	4	0.5988	1
4	--	1.029645	0.628319	5	1.22712	2
5	--	0.445209	0.741423	4	1.67233	3
4	--	0.611498	0.610744	5	2.28307	4
5	--	0.457814	0.997353	4	2.74088	5
4	--	0.540877	0.802781	3	3.28176	6
3	--	0.895878	0.525112	4	3.80687	7
4	--	0.42167	0.346116	5	4.15299	8
5	--	0.45401	0.369433	6	4.52242	9
6	--	0.639095	0.996124	5	5.16151	10
5	--	0.751788	1.190318	4	5.9133	11
4	--	0.720687	0.344608	5	6.25791	12
5	--	0.761586	0.766878	4	7.0195	13
4	--	0.695087	0.67533	5	7.69483	14
5	--	0.331916	0.604416	4	8.02675	15
4	--	0.459123	0.639616	3	8.48587	16
3	--	1.138546	0.840952	4	9.32682	17
4	--	1.240937	0.731411	5	10.05823	18
5	--	0.730639	0.399608	6	10.45784	19
6	--	0.969706	0.913838	7	11.37168	20
7	--	0.86402	0.479714	8	11.85139	21
8	--	0.530792	1.08138	7	12.38218	22
7	--	1.161115	0.509029	8	12.89121	23
8	--	1.504204	0.953362	9	13.84457	24
9	--	2.092004	1.482457	10	15.32703	25

test #42
5	--	0.614305	0.592557	6	0.59256	1
6	--	1.174491	0.873293	7	1.46585	2
7	--	0.680168	0.450494	8	1.91634	3
8	--	1.049046	1.538538	7	2.96539	4
7	--	0.897652	0.405893	8	3.37128	5
8	--	0.629341	0.847547	7	4.00062	6
7	--	1.086129	1.178838	6	5.08675	7
6	--	0.403684	0.47083	5	5.49043	8
5	--	0.561213	1.045988	4	6.05164	9
4	--	0.824362	0.56184	5	6.61348	10
5	--	0.608789	0.470925	6	7.0844	11
6	--	1.162709	1.094126	7	8.17853	12
7	--	1.112768	1.160786	6	9.2913	13
6	--	0.609031	1.104916	5	9.90033	14
5	--	0.975164	0.766993	6	10.66732	15
6	--	0.97473	0.965057	7	11.63238	16
7	--	0.492077	0.821975	6	12.12446	17
6	--	0.987558	0.792462	7	12.91692	18
7	--	0.560718	1.204718	6	13.47764	19
6	--	0.620395	0.838824	5	14.09804	20
5	--	0.400976	0.690995	4	14.49902	21
4	--	1.039908	0.349383	5	14.8484	22
5	--	0.422014	1.140334	4	15.27041	23
4	--	0.660948	1.150079	3	15.93136	24
3	--	1.066001	0.879752	4	16.81111	25
4	--	0.344108	0.749701	3	17.15522	26
3	--	0.845969	1.140691	2	18.00119	27
2	--	1.72898	1.010243	3	19.01143	28
3	--	0.794416	0.705527	4	19.71696	29
4	--	0.738847	0.583716	5	20.30068	30
5	--	0.92385	0.893412	6	21.19409	31
6	--	1.163981	1.003164	7	22.19725	32
7	--	0.439242	1.159502	6	22.63649	33
6	--	0.629253	0.77017	5	23.26574	34
5	--	0.863836	0.382368	6	23.64811	35
6	--	0.901532	0.410309	7	24.05842	36
7	--	0.725217	0.968511	6	24.78364	37
6	--	0.9934	0.416177	7	25.19982	38
7	--	0.868314	0.782413	8	25.98223	39
8	--	1.497684	0.986853	9	26.96908	40
9	--	1.180605	1.630557	8	28.14968	41
8	--	1.114615	1.026194	9	29.17587	42
9	--	3.244135	2.339898	10	31.51577	43

test #43
5	--	0.811577	0.828866	4	0.81158	1
4	--	0.366124	1.072679	3	1.1777	2
3	--	1.254893	0.522139	4	1.69984	3
4	--	0.706882	0.558014	5	2.25785	4
5	--	0.609474	0.807654	4	2.86732	5
4	--	0.884858	0.453414	5	3.32073	6
5	--	0.770116	0.860224	4	4.09085	7
4	--	0.814584	1.090519	3	4.90543	8
3	--	0.944707	0.942322	4	5.84775	9
4	--	1.096464	0.561685	5	6.40943	10
5	--	1.010698	0.550669	6	6.9601	11
6	--	0.382632	0.358512	7	7.31861	12
7	--	0.956158	0.844922	8	8.16353	13
8	--	1.852146	1.60558	9	9.76911	14
9	--	2.001522	1.860459	10	11.62957	15

test #44
5	--	0.836144	0.70905	6	0.70905	1
6	--	0.63607	0.856729	5	1.34512	2
5	--	0.508528	0.518919	4	1.85365	3
4	--	0.399308	0.363457	5	2.21711	4
5	--	0.834908	0.782244	6	2.99935	5
6	--	0.689464	0.385141	7	3.38449	6
7	--	0.894449	0.852432	8	4.23692	7
8	--	1.052894	1.235823	7	5.28981	8
7	--	1.035143	0.561263	8	5.85107	9
8	--	0.554854	0.917034	7	6.40592	10
7	--	0.500027	1.042191	6	6.90595	11
6	--	0.347601	0.571266	5	7.25355	12
5	--	0.637975	0.558516	6	7.81207	13
6	--	0.656741	0.65284	7	8.46491	14
7	--	0.566418	0.675504	6	9.03133	15
6	--	1.166517	0.73593	7	9.76726	16
7	--	1.406426	1.037969	8	10.80523	17
8	--	0.544736	0.945834	7	11.34997	18
7	--	0.814631	1.265679	6	12.1646	19
6	--	0.567706	0.593368	5	12.73231	20
5	--	1.068654	0.806529	6	13.53884	21
6	--	0.391883	0.717627	5	13.93072	22
5	--	0.553414	0.64649	4	14.48413	23
4	--	0.53182	1.239183	3	15.01595	24
3	--	0.635617	0.433691	4	15.44964	25
4	--	0.642963	0.942697	3	16.0926	26
3	--	0.549711	0.579891	2	16.64231	27
2	--	0.579106	1.015502	1	17.22142	28
1	--	1.083174	2.837214	0	18.30459	29

test #45
5	--	0.468618	0.810178	4	0.46862	1
4	--	0.745539	0.676304	5	1.14492	2
5	--	0.488803	0.626913	4	1.63372	3
4	--	0.462366	1.125682	3	2.09609	4
3	--	0.781267	1.165331	2	2.87736	5
2	--	0.969098	1.364033	1	3.84646	6
1	--	1.826649	2.289259	0	5.67311	7

test #46
5	--	0.771333	0.618129	6	0.61813	1
6	--	0.470323	1.091819	5	1.08845	2
5	--	0.62443	0.947418	4	1.71288	3
4	--	0.443763	0.904197	3	2.15664	4
3	--	0.656539	0.723135	2	2.81318	5
2	--	1.042971	1.059561	1	3.85615	6
1	--	1.333749	3.178175	0	5.1899	7

test #47
5	--	0.69186	1.004479	4	0.69186	1
4	--	0.367214	0.390894	3	1.05907	2
3	--	0.726007	0.509413	4	1.56848	3
4	--	0.856424	0.641004	5	2.20948	4
5	--	0.946397	0.810151	6	3.01963	5
6	--	1.057386	0.961251	7	3.98088	6
7	--	1.140218	0.683326	8	4.66421	7
8	--	1.096968	1.405065	7	5.76118	8
7	--	0.457281	0.721408	6	6.21846	9
6	--	0.505412	1.206336	5	6.72387	10
5	--	0.934696	0.636257	6	7.36013	11
6	--	0.35026	0.927341	5	7.71039	12
5	--	0.945288	0.351802	6	8.06219	13
6	--	0.458239	1.169481	5	8.52043	14
5	--	1.192695	0.46893	6	8.98936	15
6	--	0.915263	0.480281	7	9.46964	16
7	--	0.518808	1.065505	6	9.98845	17
6	--	0.787524	1.040877	5	10.77597	18
5	--	0.472489	0.851065	4	11.24846	19
4	--	0.930615	0.715843	5	11.9643	20
5	--	0.983184	0.606628	6	12.57093	21
6	--	1.009724	0.865727	7	13.43666	22
7	--	0.493895	0.397583	8	13.83424	23
8	--	1.16448	1.569715	7	14.99872	24
7	--	0.832089	1.026963	6	15.83081	25
6	--	1.218557	0.373315	7	16.20413	26
7	--	1.143979	1.317538	6	17.34811	27
6	--	0.443862	0.984295	5	17.79197	28
5	--	0.610862	0.885303	4	18.40283	29
4	--	0.823558	1.135468	3	19.22639	30
3	--	0.609326	0.499494	4	19.72588	31
4	--	1.207488	0.464567	5	20.19045	32
5	--	0.81541	0.5697	6	20.76015	33
6	--	0.513164	0.977914	5	21.27331	34
5	--	1.077537	0.395866	6	21.66918	35
6	--	0.616852	0.821837	5	22.28603	36
5	--	0.620801	0.796329	4	22.90683	37
4	--	1.092446	0.862851	5	23.76968	38
5	--	0.566102	0.690517	4	24.33578	39
4	--	0.979588	1.008499	3	25.31537	40
3	--	0.47202	0.762656	2	25.78739	41
2	--	1.283613	1.097858	3	26.88525	42
3	--	1.246671	1.124861	4	28.01011	43
4	--	0.764657	0.460781	5	28.47089	44
5	--	0.459612	0.557532	4	28.9305	45
4	--	0.492523	0.514319	3	29.42302	46
3	--	0.753484	0.653952	4	30.07697	47
4	--	0.767004	0.807787	3	30.84397	48
3	--	0.612094	0.487398	4	31.33137	49
4	--	0.845257	0.856354	3	32.17663	50
3	--	0.737976	0.637616	4	32.81425	51
4	--	0.789941	0.521349	5	33.3356	52
5	--	0.397692	0.395883	6	33.73148	53
6	--	0.547338	0.582773	5	34.27882	54
5	--	0.900229	0.539262	6	34.81808	55
6	--	0.741192	0.95506	5	35.55927	56
5	--	1.156529	1.137932	6	36.6972	57
6	--	1.053063	0.811216	7	37.50842	58
7	--	1.247732	0.423014	8	37.93143	59
8	--	1.290468	0.643876	9	38.57531	60
9	--	1.193657	1.957973	8	39.76897	61
8	--	1.111763	0.767177	9	40.53615	62
9	--	1.992544	1.471072	10	42.00722	63

test #48
5	--	0.809362	0.493985	6	0.49399	1
6	--	0.744096	1.040539	5	1.23809	2
5	--	0.773367	0.828122	4	2.01146	3
4	--	0.802783	1.211105	3	2.81424	4
3	--	0.738226	0.6937	4	3.50794	5
4	--	0.760651	1.051057	3	4.26859	6
3	--	0.821835	1.051074	2	5.09042	7
2	--	1.187648	0.882914	3	5.97333	8
3	--	0.867904	0.518812	4	6.49214	9
4	--	0.396241	0.880511	3	6.88838	10
3	--	0.736528	0.771987	2	7.62491	11
2	--	0.845939	0.78676	3	8.41167	12
3	--	1.129449	0.561238	4	8.97291	13
4	--	0.890534	0.652034	5	9.62494	14
5	--	0.644198	0.366488	6	9.99143	15
6	--	0.725332	0.992263	5	10.71676	16
5	--	1.027059	0.336586	6	11.05335	17
6	--	0.358732	1.225908	5	11.41208	18
5	--	0.662844	0.763345	4	12.07492	19
4	--	1.190656	0.724242	5	12.79916	20
5	--	0.458815	0.405158	6	13.20432	21
6	--	1.148241	0.681818	7	13.88614	22
7	--	0.795329	1.233344	6	14.68147	23
6	--	0.593608	0.643538	5	15.27508	24
5	--	1.004222	1.147134	4	16.2793	25
4	--	0.815673	1.086628	3	17.09497	26
3	--	0.937412	1.13738	2	18.03238	27
2	--	1.178293	1.028928	3	19.06131	28
3	--	1.238107	1.18182	4	20.24313	29
4	--	0.914279	0.745031	5	20.98816	30
5	--	0.684074	0.37377	6	21.36193	31
6	--	0.366883	0.701894	5	21.72881	32
5	--	0.625785	0.623872	6	22.35268	33
6	--	0.871384	0.735475	7	23.08815	34
7	--	0.582754	0.53957	8	23.62772	35
8	--	0.796536	1.740249	7	24.42426	36
7	--	1.344121	0.453321	8	24.87758	37
8	--	0.818369	0.969012	7	25.69595	38
7	--	0.905735	0.626036	8	26.32199	39
8	--	1.529938	0.529766	9	26.85176	40
9	--	1.917928	1.828684	10	28.68044	41

test #49
5	--	0.425911	1.034751	4	0.42591	1
4	--	0.375467	0.428486	3	0.80138	2
3	--	1.343373	0.478409	4	1.27979	3
4	--	0.482731	0.491157	3	1.76252	4
3	--	1.192503	1.196448	2	2.95502	5
2	--	0.775733	0.706302	3	3.66132	6
3	--	1.219217	0.957638	4	4.61896	7
4	--	1.022887	1.19663	3	5.64185	8
3	--	0.851811	0.828884	4	6.47073	9
4	--	0.799181	1.096522	3	7.26991	10
3	--	1.351032	1.175271	4	8.44518	11
4	--	0.425747	1.18795	3	8.87093	12
3	--	0.742475	0.862827	2	9.6134	13
2	--	0.905713	1.318479	1	10.51911	14
1	--	1.161149	2.748987	0	11.68026	15

test #50
5	--	0.715512	0.545232	6	0.54523	1
6	--	1.130422	0.578258	7	1.12349	2
7	--	1.217898	1.086533	8	2.21002	3
8	--	0.877182	1.562871	7	3.0872	4
7	--	1.258153	0.398402	8	3.4856	5
8	--	0.644039	1.489057	7	4.12964	6
7	--	0.521713	0.907229	6	4.65135	7
6	--	1.226367	0.407173	7	5.05852	8
7	--	0.666614	0.628174	8	5.68669	9
8	--	0.707282	0.798909	7	6.39397	10
7	--	0.828467	1.244576	6	7.22244	11
6	--	0.654355	1.010988	5	7.8768	12
5	--	0.991323	0.620652	6	8.49745	13
6	--	0.515107	0.882897	5	9.01256	14
5	--	0.510684	0.700925	4	9.52324	15
4	--	0.806965	0.420751	5	9.94399	16
5	--	0.542446	0.857116	4	10.48644	17
4	--	0.581315	0.752387	3	11.06776	18
3	--	0.720761	1.112416	2	11.78852	19
2	--	1.623598	1.47658	3	13.2651	20
3	--	0.453008	1.276931	2	13.71811	21
2	--	0.557739	1.542904	1	14.27585	22
1	--	2.105315	1.28325	2	15.5591	23
2	--	1.673272	1.030702	3	16.5898	24
3	--	0.56058	0.572084	2	17.15038	25
2	--	1.155565	1.176703	1	18.30594	26
1	--	2.680621	3.132675	0	20.98656	27

test #51
5	--	0.565532	0.73836	4	0.56553	1
4	--	0.818926	1.021809	3	1.38446	2
3	--	0.696172	0.446205	4	1.83067	3
4	--	0.675684	0.483133	5	2.3138	4
5	--	0.900141	0.736434	6	3.05023	5
6	--	1.233937	0.645692	7	3.69592	6
7	--	1.08788	1.051174	8	4.74709	7
8	--	0.783938	0.964979	7	5.53103	8
7	--	0.735371	0.464322	8	5.99535	9
8	--	0.765686	1.341911	7	6.76104	10
7	--	1.304775	0.609353	8	7.37039	11
8	--	1.865649	1.391376	9	8.76177	12
9	--	1.803369	1.17715	10	9.93892	13

test #52
5	--	0.457821	0.631116	4	0.45782	1
4	--	0.936408	0.602733	5	1.06055	2
5	--	0.455991	0.7779	4	1.51654	3
4	--	0.963786	0.541021	5	2.05756	4
5	--	0.336919	0.41748	4	2.39448	5
4	--	0.894135	0.418093	5	2.81257	6
5	--	0.908885	0.683753	6	3.49632	7
6	--	0.553479	0.382918	7	3.87924	8
7	--	1.25141	0.584825	8	4.46407	9
8	--	1.467651	1.471598	7	5.93172	10
7	--	0.729213	0.526873	8	6.45859	11
8	--	0.684033	0.804651	7	7.14262	12
7	--	1.053278	0.471032	8	7.61365	13
8	--	1.023427	1.463132	7	8.63708	14
7	--	0.852211	0.991867	6	9.48929	15
6	--	0.43148	0.938504	5	9.92077	16
5	--	0.372735	0.514115	4	10.2935	17
4	--	0.78383	0.908645	3	11.07733	18
3	--	0.537248	1.313662	2	11.61458	19
2	--	1.136667	0.660091	3	12.27467	20
3	--	0.630074	1.312412	2	12.90474	21
2	--	1.199105	0.749721	3	13.65446	22
3	--	0.798001	0.807291	2	14.45246	23
2	--	1.613177	0.569567	3	15.02203	24
3	--	0.732783	0.742215	2	15.75481	25
2	--	0.698522	0.704697	1	16.45333	26
1	--	1.150548	2.354567	0	17.60388	27

test #53
5	--	0.394408	0.869117	4	0.39441	1
4	--	0.804388	0.789861	5	1.18427	2
5	--	0.988761	0.790057	6	1.97433	3
6	--	1.05254	1.124499	5	3.02687	4
5	--	0.580195	0.392013	6	3.41888	5
6	--	1.062648	0.937401	7	4.35628	6
7	--	0.885295	0.954168	6	5.24158	7
6	--	0.469701	0.611119	5	5.71128	8
5	--	1.125954	0.972051	6	6.68333	9
6	--	0.683137	0.476841	7	7.16017	10
7	--	0.717664	1.073909	6	7.87783	11
6	--	0.803439	0.387331	7	8.26516	12
7	--	0.792787	0.693361	8	8.95852	13
8	--	0.763845	1.143139	7	9.72236	14
7	--	0.554174	0.614445	6	10.27653	15
6	--	0.765568	0.789431	5	11.0421	16
5	--	0.336092	1.059916	4	11.37819	17
4	--	0.779707	0.456009	5	11.8342	18
5	--	1.087418	0.821189	6	12.65539	19
6	--	0.934936	0.47218	7	13.12757	20
7	--	1.375257	1.289603	8	14.41717	21
8	--	0.977029	1.107526	7	15.3942	22
7	--	0.543581	1.157568	6	15.93778	23
6	--	0.809788	1.244177	5	16.74757	24
5	--	0.330153	0.430885	4	17.07772	25
4	--	0.746846	0.403666	5	17.48139	26
5	--	0.371055	0.946923	4	17.85245	27
4	--	0.37381	0.464816	3	18.22626	28
3	--	0.82353	1.304803	2	19.04979	29
2	--	0.67725	1.33258	1	19.72704	30
1	--	1.947719	2.129519	0	21.67476	31

test #54
5	--	0.360443	0.626244	4	0.36044	1
4	--	0.613373	0.987874	3	0.97381	2
3	--	0.545894	1.1787	2	1.5197	3
2	--	1.568883	1.038727	3	2.55843	4
3	--	0.450625	0.69331	2	3.00905	5
2	--	1.213404	0.721919	3	3.73097	6
3	--	0.703274	1.092979	2	4.43424	7
2	--	0.870599	0.520749	3	4.95499	8
3	--	1.14389	1.093889	4	6.04888	9
4	--	0.756752	0.590541	5	6.63942	10
5	--	0.409244	0.604538	4	7.04866	11
4	--	1.018748	0.361753	5	7.41041	12
5	--	0.857643	0.75484	6	8.16525	13
6	--	0.616236	0.495819	7	8.66107	14
7	--	0.751499	1.323614	6	9.41257	15
6	--	0.502906	0.524934	5	9.91548	16
5	--	0.448466	0.879895	4	10.36395	17
4	--	0.436814	0.958361	3	10.80076	18
3	--	0.742327	1.052581	2	11.54309	19
2	--	0.971622	0.975065	1	12.51471	20
1	--	1.92761	2.193836	0	14.44232	21

test #55
5	--	0.517923	1.179252	4	0.51792	1
4	--	0.436436	1.131807	3	0.95436	2
3	--	0.862847	0.592643	4	1.547	3
4	--	0.719957	0.388799	5	1.9358	4
5	--	0.843467	0.802868	6	2.73867	5
6	--	0.955469	0.572427	7	3.3111	6
7	--	1.249867	0.838472	8	4.14957	7
8	--	0.537777	1.654643	7	4.68735	8
7	--	0.747026	0.718419	8	5.40577	9
8	--	0.687033	1.560928	7	6.0928	10
7	--	1.05908	1.262924	6	7.15188	11
6	--	0.686769	0.914152	5	7.83865	12
5	--	1.109668	0.555591	6	8.39424	13
6	--	1.053236	0.591579	7	8.98582	14
7	--	0.767546	0.857397	6	9.75337	15
6	--	0.547139	0.344155	7	10.09752	16
7	--	0.561194	0.714829	6	10.65871	17
6	--	0.531834	0.566706	5	11.19054	18
5	--	0.45939	1.15582	4	11.64993	19
4	--	0.432447	0.892372	3	12.08238	20
3	--	0.903484	0.707429	4	12.78981	21
4	--	0.710491	0.642863	5	13.43267	22
5	--	1.022203	0.894164	6	14.32683	23
6	--	0.836782	0.709825	7	15.03666	24
7	--	1.10009	0.619804	8	15.65646	25
8	--	1.165549	1.344716	7	16.82201	26
7	--	1.126156	1.401644	6	17.94817	27
6	--	0.945483	0.810925	7	18.7591	28
7	--	0.461339	0.71926	6	19.22044	29
6	--	1.116247	0.500449	7	19.72089	30
7	--	1.174007	1.288454	6	20.8949	31
6	--	0.559943	0.998668	5	21.45484	32
5	--	0.561947	0.978918	4	22.01679	33
4	--	0.934768	0.407435	5	22.42422	34
5	--	0.916374	0.944033	4	23.34059	35
4	--	0.823776	0.891995	3	24.16437	36
3	--	1.264508	0.910451	4	25.07482	37
4	--	1.097884	1.17659	3	26.1727	38
3	--	0.935048	1.289054	2	27.10775	39
2	--	0.558876	0.575994	1	27.66663	40
1	--	1.452885	2.429847	0	29.11951	41

test #56
5	--	0.389168	0.51058	4	0.38917	1
4	--	0.435428	0.448445	3	0.8246	2
3	--	1.054468	0.686969	4	1.51157	3
4	--	0.367339	0.395938	3	1.87891	4
3	--	0.649362	1.056395	2	2.52827	5
2	--	0.63027	0.559359	3	3.08763	6
3	--	0.635205	1.023228	2	3.72284	7
2	--	1.068643	1.816292	1	4.79148	8
1	--	1.428166	1.809494	0	6.21965	9

test #57
5	--	0.805395	0.615744	6	0.61574	1
6	--	0.365228	0.442205	5	0.98097	2
5	--	1.12449	0.669331	6	1.6503	3
6	--	0.610661	0.778098	5	2.26096	4
5	--	1.095537	0.516109	6	2.77707	5
6	--	0.398001	0.410429	5	3.17507	6
5	--	0.767663	0.807416	4	3.94273	7
4	--	0.921573	0.422539	5	4.36527	8
5	--	0.412609	0.617276	4	4.77788	9
4	--	0.574539	1.012904	3	5.35242	10
3	--	0.431238	0.982805	2	5.78366	11
2	--	1.852181	1.301965	3	7.08563	12
3	--	0.733624	0.494664	4	7.58029	13
4	--	1.09539	0.482054	5	8.06234	14
5	--	0.600779	0.402177	6	8.46452	15
6	--	0.383178	0.547599	5	8.8477	16
5	--	0.558713	0.339242	6	9.18694	17
6	--	0.858931	0.631742	7	9.81868	18
7	--	1.116219	0.675262	8	10.49394	19
8	--	0.545576	1.574121	7	11.03952	20
7	--	0.613056	0.979993	6	11.65258	21
6	--	0.853422	0.845426	7	12.49801	22
7	--	1.417768	0.750829	8	13.24884	23
8	--	1.118164	0.527651	9	13.77649	24
9	--	1.911686	2.969043	8	15.68818	25
8	--	0.676653	1.088955	7	16.36483	26
7	--	0.723031	1.169475	6	17.08786	27
6	--	0.50994	0.772642	5	17.5978	28
5	--	1.171036	0.607301	6	18.2051	29
6	--	0.495721	0.652691	5	18.70082	30
5	--	0.894166	1.075957	4	19.59499	31
4	--	1.105087	0.902297	5	20.49729	32
5	--	0.580738	0.729491	4	21.07803	33
4	--	0.898476	0.520516	5	21.59855	34
5	--	1.009601	1.121391	4	22.60815	35
4	--	1.101988	0.350046	5	22.9582	36
5	--	1.057926	0.914437	6	23.87264	37
6	--	0.965906	0.733359	7	24.606	38
7	--	0.820422	0.62338	8	25.22938	39
8	--	1.540743	1.126731	9	26.35611	40
9	--	0.916597	1.442338	8	27.27271	41
8	--	1.77491	1.117606	9	28.39032	42
9	--	2.248782	1.190987	10	29.58131	43

test #58
5	--	0.683239	0.696989	4	0.68324	1
4	--	0.834336	0.830579	5	1.51382	2
5	--	0.660584	0.404846	6	1.91867	3
6	--	0.421136	1.166269	5	2.33981	4
5	--	0.527	0.873678	4	2.86681	5
4	--	0.436607	0.879628	3	3.30342	6
3	--	1.392958	1.366682	4	4.6701	7
4	--	0.408015	1.057337	3	5.07812	8
3	--	1.090823	0.706068	4	5.78419	9
4	--	0.693149	0.463683	5	6.24787	10
5	--	0.509773	0.545577	4	6.75764	11
4	--	0.446442	0.894981	3	7.20408	12
3	--	1.005481	0.805684	4	8.00976	13
4	--	0.689769	1.065997	3	8.69953	14
3	--	0.417505	0.433673	2	9.11704	15
2	--	1.151707	0.962548	3	10.07959	16
3	--	1.166972	0.80061	4	10.8802	17
4	--	0.667896	1.201689	3	11.5481	18
3	--	0.674195	0.662031	4	12.21013	19
4	--	0.617725	0.665417	3	12.82785	20
3	--	1.019514	1.11203	2	13.84736	21
2	--	0.628936	0.603166	3	14.45053	22
3	--	0.547487	0.464037	4	14.91457	23
4	--	1.212504	0.80652	5	15.72109	24
5	--	0.865747	0.36504	6	16.08613	25
6	--	0.572975	0.600197	5	16.65911	26
5	--	0.615881	0.611449	6	17.27056	27
6	--	0.733434	0.426146	7	17.69671	28
7	--	0.484068	1.200188	6	18.18078	29
6	--	0.446103	0.586684	5	18.62688	30
5	--	0.501895	0.536258	4	19.12877	31
4	--	0.723141	0.661897	5	19.79067	32
5	--	0.6759	1.085012	4	20.46657	33
4	--	0.695496	1.143638	3	21.16207	34
3	--	1.243641	0.834478	4	21.99655	35
4	--	0.526583	0.608088	3	22.52313	36
3	--	0.782601	0.921812	2	23.30573	37
2	--	1.421491	0.853843	3	24.15957	38
3	--	0.824364	0.781149	4	24.94072	39
4	--	0.734496	0.365939	5	25.30666	40
5	--	0.406978	0.378749	6	25.68541	41
6	--	1.168909	0.781426	7	26.46684	42
7	--	1.406646	0.918621	8	27.38546	43
8	--	1.229334	1.055032	9	28.44049	44
9	--	1.520894	1.784614	8	29.96138	45
8	--	0.97556	1.692442	7	30.93694	46
7	--	1.178677	1.054175	8	31.99112	47
8	--	1.252628	0.564794	9	32.55591	48
9	--	1.698973	2.283613	8	34.25488	49
8	--	1.198927	1.116512	9	35.37139	50
9	--	1.041348	2.138246	8	36.41274	51
8	--	0.51611	1.195212	7	36.92885	52
7	--	0.524486	1.048423	6	37.45334	53
6	--	0.96896	0.855734	7	38.30907	54
7	--	0.540778	0.847807	6	38.84985	55
6	--	0.963389	1.154501	5	39.81324	56
5	--	1.11781	0.849216	6	40.66246	57
6	--	0.453645	1.247387	5	41.11611	58
5	--	0.745926	0.666167	6	41.78228	59
6	--	0.809811	0.669239	7	42.45152	60
7	--	1.311324	0.565011	8	43.01653	61
8	--	0.886348	1.242053	7	43.90288	62
7	--	0.909672	0.799365	8	44.70224	63
8	--	0.798543	1.299272	7	45.50078	64
7	--	0.789197	0.455527	8	45.95631	65
8	--	1.662386	1.297832	9	47.25414	66
9	--	1.063742	2.564717	8	48.31788	67
8	--	0.889658	1.848204	7	49.20754	68
7	--	1.280463	0.703429	8	49.91097	69
8	--	0.574508	0.559269	9	50.47024	70
9	--	1.280092	0.969469	10	51.43971	71

test #59
5	--	0.412666	0.605936	4	0.41267	1
4	--	0.869189	1.047092	3	1.28186	2
3	--	0.423729	0.754883	2	1.70559	3
2	--	0.81401	1.095978	1	2.5196	4
1	--	2.619514	3.30256	0	5.13911	5

test #60
5	--	0.983547	0.677557	6	0.67756	1
6	--	0.405273	0.384867	7	1.06243	2
7	--	0.782236	0.854612	6	1.84467	3
6	--	0.599365	0.772589	5	2.44404	4
5	--	0.525137	1.176044	4	2.96918	5
4	--	1.04084	0.788371	5	3.75755	6
5	--	0.975121	0.532052	6	4.2896	7
6	--	0.82444	1.048343	5	5.11404	8
5	--	0.418896	0.510361	4	5.53294	9
4	--	0.852223	0.654224	5	6.18716	10
5	--	0.933629	1.032236	4	7.12079	11
4	--	0.660358	0.967134	3	7.78115	12
3	--	0.974478	0.933047	4	8.7142	13
4	--	1.07858	0.909675	5	9.62388	14
5	--	0.540957	0.762643	4	10.16484	15
4	--	0.734956	0.566098	5	10.73094	16
5	--	0.62773	0.806515	4	11.35867	17
4	--	0.6419	0.823373	3	12.00057	18
3	--	0.645041	0.99579	2	12.64561	19
2	--	1.228913	0.62038	3	13.26599	20
3	--	1.306251	0.88012	4	14.14611	21
4	--	0.88305	0.97376	3	15.02916	22
3	--	0.482051	0.957367	2	15.51121	23
2	--	0.580782	1.53943	1	16.09199	24
1	--	1.155731	2.203044	0	17.24772	25

test #61
5	--	0.852099	0.971811	4	0.8521	1
4	--	1.059109	0.480966	5	1.33307	2
5	--	0.865091	0.518505	6	1.85157	3
6	--	0.552378	0.854114	5	2.40395	4
5	--	0.959378	0.604476	6	3.00843	5
6	--	0.564972	0.879244	5	3.5734	6
5	--	0.518701	0.395536	6	3.96894	7
6	--	0.457823	1.049233	5	4.42676	8
5	--	1.179532	0.394462	6	4.82122	9
6	--	0.810059	0.77215	7	5.59337	10
7	--	0.955802	1.016538	6	6.54917	11
6	--	1.212904	0.482307	7	7.03148	12
7	--	0.603076	0.548653	8	7.58013	13
8	--	1.260396	1.251603	9	8.83173	14
9	--	0.999519	1.101844	8	9.83125	15
8	--	0.543159	1.410388	7	10.37441	16
7	--	1.100696	1.409536	6	11.47511	17
6	--	0.423178	0.360794	7	11.8359	18
7	--	1.328479	1.117095	8	12.95299	19
8	--	0.697573	0.582166	9	13.53516	20
9	--	2.402683	2.345575	10	15.88074	21

test #62
5	--	0.333845	0.543412	4	0.33385	1
4	--	1.008652	1.032641	3	1.3425	2
3	--	0.424184	0.817144	2	1.76668	3
2	--	0.723406	0.624903	3	2.39158	4
3	--	0.928118	0.421118	4	2.8127	5
4	--	1.074889	0.413597	5	3.2263	6
5	--	1.197611	0.809969	6	4.03627	7
6	--	0.79857	0.400945	7	4.43721	8
7	--	0.390797	0.687193	6	4.82801	9
6	--	0.949778	0.412147	7	5.24016	10
7	--	0.397606	1.232319	6	5.63777	11
6	--	0.39766	0.919431	5	6.03543	12
5	--	0.51573	1.008624	4	6.55116	13
4	--	0.651328	0.393751	5	6.94491	14
5	--	0.754896	0.48079	6	7.4257	15
6	--	0.390444	1.096676	5	7.81614	16
5	--	0.869426	0.921354	4	8.68557	17
4	--	1.018633	1.077909	3	9.7042	18
3	--	0.421661	0.521415	2	10.12586	19
2	--	0.609233	1.518628	1	10.73509	20
1	--	1.577236	2.970817	0	12.31233	21

test #63
5	--	0.406587	1.02989	4	0.40659	1
4	--	0.700561	0.378967	5	0.78556	2
5	--	0.346913	0.6126	4	1.13247	3
4	--	0.90355	0.367632	5	1.5001	4
5	--	0.531593	0.531475	6	2.03158	5
6	--	0.964408	0.443366	7	2.47495	6
7	--	1.094084	1.128338	6	3.56903	7
6	--	1.216525	0.353976	7	3.92301	8
7	--	0.965894	1.122207	6	4.8889	9
6	--	1.031794	0.993668	7	5.88257	10
7	--	1.197066	0.617461	8	6.50003	11
8	--	0.680667	1.078661	7	7.1807	12
7	--	1.008426	0.767537	8	7.94824	13
8	--	1.056649	0.783302	9	8.73154	14
9	--	2.785736	2.35257	10	11.08411	15

test #64
5	--	0.689166	0.430983	6	0.43098	1
6	--	0.655342	1.087011	5	1.08632	2
5	--	0.680052	0.364358	6	1.45068	3
6	--	0.625612	1.055579	5	2.07629	4
5	--	0.663261	0.374369	6	2.45066	5
6	--	0.796344	0.67661	7	3.12727	6
7	--	0.929164	0.548079	8	3.67535	7
8	--	0.915614	1.283545	7	4.59096	8
7	--	1.241237	0.792257	8	5.38322	9
8	--	1.48409	0.699572	9	6.08279	10
9	--	1.028168	2.021839	8	7.11096	11
8	--	1.312526	0.877816	9	7.98878	12
9	--	1.976873	1.797865	10	9.78665	13

test #65
5	--	0.918281	0.895623	6	0.89562	1
6	--	0.727148	0.630871	7	1.52649	2
7	--	0.497574	0.989344	6	2.02406	3
6	--	0.420285	0.493434	5	2.44435	4
5	--	1.0164	0.917756	6	3.36211	5
6	--	0.905918	0.556876	7	3.91899	6
7	--	0.590581	0.46371	8	4.3827	7
8	--	1.074695	1.054895	9	5.43759	8
9	--	1.971816	1.859701	10	7.29729	9

test #66
5	--	1.025468	0.477581	6	0.47758	1
6	--	0.73062	0.902874	5	1.2082	2
5	--	0.647994	0.449232	6	1.65743	3
6	--	0.900639	0.513724	7	2.17115	4
7	--	1.277939	0.630084	8	2.80123	5
8	--	0.567022	0.539138	9	3.34037	6
9	--	2.398222	2.187355	10	5.52773	7

test #67
5	--	0.49932	0.655902	4	0.49932	1
4	--	0.697883	0.528761	5	1.02808	2
5	--	0.58395	0.591671	4	1.61203	3
4	--	0.540841	0.987902	3	2.15287	4
3	--	0.520129	1.021606	2	2.673	5
2	--	1.336994	1.033234	3	3.70623	6
3	--	0.439434	0.466433	2	4.14566	7
2	--	0.809774	0.76073	3	4.90639	8
3	--	0.5986	0.653712	2	5.50499	9
2	--	1.603239	1.114673	3	6.61966	10
3	--	0.617075	0.6082	4	7.22786	11
4	--	0.672804	1.060633	3	7.90066	12
3	--	1.209546	0.413035	4	8.31369	13
4	--	0.597588	0.471851	5	8.78554	14
5	--	0.337893	0.801808	4	9.12343	15
4	--	0.894593	0.927481	3	10.01802	16
3	--	0.754818	1.203904	2	10.77284	17
2	--	0.755474	0.5445	3	11.31734	18
3	--	0.925954	1.128397	2	12.24329	19
2	--	1.176358	1.845979	1	13.41965	20
1	--	0.922475	2.345736	0	14.34213	21

test #68
5	--	1.049379	0.624225	6	0.62423	1
6	--	0.980648	0.770817	7	1.39505	2
7	--	1.065628	0.627161	8	2.02221	3
8	--	0.835262	0.778565	9	2.80077	4
9	--	2.926539	1.178563	10	3.97933	5

test #69
5	--	0.674289	1.085858	4	0.67429	1
4	--	0.764528	0.901714	3	1.43882	2
3	--	0.619167	0.483892	4	1.92271	3
4	--	0.481439	0.550098	3	2.40415	4
3	--	1.172117	1.071044	4	3.47519	5
4	--	0.47415	0.42508	5	3.90027	6
5	--	0.720036	0.490011	6	4.39028	7
6	--	0.520674	1.066765	5	4.91095	8
5	--	0.590986	0.984303	4	5.50194	9
4	--	0.38156	0.781863	3	5.8835	10
3	--	0.734335	0.919009	2	6.61783	11
2	--	1.331089	1.836238	1	7.94892	12
1	--	0.936969	2.381409	0	8.88589	13

test #70
5	--	0.356915	0.348114	6	0.34811	1
6	--	0.8061	0.482646	7	0.83076	2
7	--	0.729564	1.079319	6	1.56032	3
6	--	0.882087	1.010412	5	2.44241	4
5	--	0.995419	0.749008	6	3.19142	5
6	--	0.567558	0.763267	5	3.75898	6
5	--	0.359456	1.062299	4	4.11844	7
4	--	1.116611	0.451136	5	4.56958	8
5	--	1.196623	0.778219	6	5.3478	9
6	--	0.790886	0.562955	7	5.91075	10
7	--	1.404218	0.676056	8	6.58681	11
8	--	1.715497	0.698398	9	7.28521	12
9	--	1.692026	3.20127	8	8.97724	13
8	--	0.594654	1.611735	7	9.57189	14
7	--	0.727771	0.915683	6	10.29966	15
6	--	0.817091	0.469654	7	10.76931	16
7	--	1.241293	0.878502	8	11.64781	17
8	--	1.083536	1.308673	7	12.73135	18
7	--	0.990235	0.43147	8	13.16282	19
8	--	1.460985	1.06559	9	14.22841	20
9	--	2.962424	2.152952	10	16.38136	21

test #71
5	--	0.359738	1.188325	4	0.35974	1
4	--	0.52526	0.914782	3	0.885	2
3	--	1.050095	1.087778	2	1.9351	3
2	--	1.517328	0.929997	3	2.8651	4
3	--	1.053446	0.482602	4	3.3477	5
4	--	1.051482	1.017507	5	4.36521	6
5	--	0.404515	0.941625	4	4.76973	7
4	--	0.371808	1.119499	3	5.14154	8
3	--	0.707045	1.141114	2	5.84859	9
2	--	0.548048	1.675796	1	6.39664	10
1	--	3.316506	1.528498	2	7.92514	11
2	--	1.12185	1.044666	3	8.96981	12
3	--	1.067977	0.912369	4	9.88218	13
4	--	0.711574	0.4115	5	10.29368	14
5	--	0.441061	0.835298	4	10.73474	15
4	--	0.6103	1.186372	3	11.34504	16
3	--	0.587842	1.051243	2	11.93288	17
2	--	1.352463	1.195462	3	13.12834	18
3	--	0.766806	0.644491	4	13.77283	19
4	--	0.521898	0.505444	5	14.27827	20
5	--	0.377272	1.130588	4	14.65554	21
4	--	0.39766	0.540815	3	15.0532	22
3	--	1.406701	0.967165	4	16.02037	23
4	--	0.880254	0.614986	5	16.63536	24
5	--	0.682974	0.640818	6	17.27618	25
6	--	0.856269	0.368813	7	17.64499	26
7	--	0.411643	0.469422	6	18.05663	27
6	--	0.388488	0.997827	5	18.44512	28
5	--	0.838244	0.623878	6	19.069	29
6	--	1.045509	0.975612	7	20.04461	30
7	--	0.668151	0.414132	8	20.45874	31
8	--	1.404703	1.475317	7	21.86344	32
7	--	1.362804	1.176687	8	23.04013	33
8	--	1.450297	1.369944	9	24.41007	34
9	--	2.699335	2.113038	10	26.52311	35

test #72
5	--	0.339806	0.341388	4	0.33981	1
4	--	1.092402	0.683726	5	1.02354	2
5	--	0.46793	0.329189	6	1.35273	3
6	--	0.680418	0.445208	7	1.79794	4
7	--	0.760708	1.179647	6	2.55865	5
6	--	1.083264	0.402611	7	2.96126	6
7	--	1.033881	0.455578	8	3.41684	7
8	--	1.136765	1.588894	7	4.55361	8
7	--	0.67283	0.59958	8	5.15319	9
8	--	1.258549	1.794729	7	6.41174	10
7	--	0.532517	0.56038	6	6.94426	11
6	--	0.891712	0.371527	7	7.31579	12
7	--	0.393974	0.42096	6	7.70976	13
6	--	0.861979	0.497012	7	8.20677	14
7	--	0.538182	1.099618	6	8.74495	15
6	--	0.740645	0.498688	7	9.24364	16
7	--	0.597381	1.383268	6	9.84102	17
6	--	1.191294	0.718556	7	10.55958	18
7	--	0.661499	0.90198	6	11.22108	19
6	--	0.66571	0.860309	5	11.88679	20
5	--	0.411028	0.413757	4	12.29782	21
4	--	1.024187	0.85493	5	13.15275	22
5	--	0.583774	0.338647	6	13.4914	23
6	--	0.444696	0.502133	5	13.9361	24
5	--	0.855078	0.525784	6	14.46188	25
6	--	1.063392	0.606453	7	15.06833	26
7	--	0.510346	0.98564	6	15.57868	27
6	--	0.879612	0.863173	7	16.44185	28
7	--	1.05486	0.866553	8	17.3084	29
8	--	1.110478	1.275328	7	18.41888	30
7	--	0.530266	1.370362	6	18.94915	31
6	--	0.960113	0.448522	7	19.39767	32
7	--	0.787636	0.49368	8	19.89135	33
8	--	1.651547	1.03525	9	20.9266	34
9	--	0.942155	2.47967	8	21.86875	35
8	--	1.575431	1.357915	9	23.22666	36
9	--	2.344856	2.813388	8	25.57152	37
8	--	1.505028	0.529117	9	26.10064	38
9	--	2.995518	1.299898	10	27.40054	39

test #73
5	--	0.575344	0.462828	6	0.46283	1
6	--	0.409479	0.56793	5	0.87231	2
5	--	0.769177	0.504364	6	1.37667	3
6	--	1.134184	0.729874	7	2.10654	4
7	--	1.254964	0.653886	8	2.76043	5
8	--	1.808322	1.451222	9	4.21165	6
9	--	1.330372	2.878295	8	5.54202	7
8	--	0.559161	1.474094	7	6.10118	8
7	--	0.76816	1.106521	6	6.86934	9
6	--	0.638941	0.50562	7	7.37496	10
7	--	0.417542	0.6279	6	7.7925	11
6	--	0.691861	0.381249	7	8.17375	12
7	--	0.901706	1.106331	6	9.07546	13
6	--	0.901379	0.682781	7	9.75824	14
7	--	1.004769	1.152544	6	10.76301	15
6	--	0.34383	0.493788	5	11.10684	16
5	--	1.196438	0.36637	6	11.47321	17
6	--	0.788806	0.367814	7	11.84102	18
7	--	0.835177	0.867535	6	12.6762	19
6	--	0.891423	0.405994	7	13.08219	20
7	--	0.881592	0.482121	8	13.56431	21
8	--	0.704547	1.394133	7	14.26886	22
7	--	1.133611	0.597426	8	14.86629	23
8	--	1.082459	0.890186	9	15.75648	24
9	--	3.284873	1.061967	10	16.81845	25

test #74
5	--	0.494695	0.451914	6	0.45191	1
6	--	0.736899	1.087964	5	1.18881	2
5	--	0.650367	1.066058	4	1.83918	3
4	--	0.430613	0.715433	3	2.26979	4
3	--	0.611472	0.519681	4	2.78947	5
4	--	0.686207	1.208806	3	3.47568	6
3	--	0.878176	1.271387	2	4.35386	7
2	--	1.630582	0.545298	3	4.89916	8
3	--	0.500709	0.608879	2	5.39987	9
2	--	0.825403	0.794842	3	6.19471	10
3	--	0.640686	0.855691	2	6.8354	11
2	--	1.434082	1.500352	1	8.26948	12
1	--	1.525308	1.715669	0	9.79479	13

test #75
5	--	0.774502	0.592273	6	0.59227	1
6	--	0.628332	0.794589	5	1.2206	2
5	--	0.404276	0.672019	4	1.62488	3
4	--	0.847954	0.670532	5	2.29541	4
5	--	1.138512	0.484894	6	2.7803	5
6	--	0.578405	1.112149	5	3.3587	6
5	--	1.045679	0.418831	6	3.77753	7
6	--	1.183656	0.721517	7	4.49905	8
7	--	0.50183	1.345871	6	5.00088	9
6	--	0.857059	1.039313	5	5.85794	10
5	--	0.499809	0.840763	4	6.35775	11
4	--	1.176476	0.760794	5	7.11854	12
5	--	0.561107	0.730151	4	7.67965	13
4	--	0.476392	0.444776	5	8.12443	14
5	--	0.895118	1.041885	4	9.01955	15
4	--	0.656461	0.524939	5	9.54449	16
5	--	1.077566	0.592159	6	10.13665	17
6	--	1.204602	0.884555	7	11.0212	18
7	--	1.205451	0.595284	8	11.61648	19
8	--	1.689553	1.795598	7	13.30603	20
7	--	0.665763	1.099916	6	13.97179	21
6	--	1.203084	0.376473	7	14.34826	22
7	--	0.81558	0.870356	6	15.16384	23
6	--	0.362462	0.656997	5	15.5263	24
5	--	0.465483	0.537174	4	15.99178	25
4	--	0.969581	0.786824	5	16.7786	26
5	--	1.015962	1.164151	4	17.79456	27
4	--	1.01182	0.458101	5	18.25266	28
5	--	1.071101	1.087648	4	19.32376	29
4	--	1.179244	0.936099	5	20.25986	30
5	--	0.557796	0.564023	4	20.81766	31
4	--	0.657194	1.086391	3	21.47485	32
3	--	0.527927	0.553902	2	22.00278	33
2	--	0.643459	0.745022	1	22.64624	34
1	--	2.448427	2.5748	0	25.09467	35

test #76
5	--	1.035892	0.959102	6	0.9591	1
6	--	0.60246	0.854679	5	1.56156	2
5	--	1.16808	0.684832	6	2.24639	3
6	--	0.348069	0.554144	5	2.59446	4
5	--	0.511142	0.810839	4	3.1056	5
4	--	1.010567	0.53018	5	3.63578	6
5	--	0.669156	0.722467	4	4.30494	7
4	--	0.394306	0.444902	3	4.69925	8
3	--	0.805069	0.59375	4	5.293	9
4	--	0.866637	1.108147	3	6.15964	10
3	--	0.859769	0.517949	4	6.67759	11
4	--	0.670075	0.779961	3	7.34766	12
3	--	1.156442	1.391082	2	8.5041	13
2	--	0.911898	1.275002	1	9.416	14
1	--	1.37347	2.391108	0	10.78947	15

test #77
5	--	0.6852	0.477916	6	0.47792	1
6	--	0.803571	0.461232	7	0.93915	2
7	--	0.848525	1.390947	6	1.78767	3
6	--	0.498937	0.394763	7	2.18243	4
7	--	0.793578	0.694537	8	2.87697	5
8	--	0.809706	1.605798	7	3.68668	6
7	--	0.899008	0.688453	8	4.37513	7
8	--	0.727105	0.725361	9	5.10049	8
9	--	2.410142	3.247841	8	7.51063	9
8	--	1.670811	1.36572	9	8.87635	10
9	--	1.456785	2.022832	8	10.33313	11
8	--	1.216961	0.570956	9	10.90409	12
9	--	1.642746	1.706678	8	12.54684	13
8	--	1.723443	1.194276	9	13.74112	14
9	--	1.014545	1.078596	8	14.75567	15
8	--	1.542319	0.61714	9	15.37281	16
9	--	2.281286	1.004143	10	16.37695	17

test #78
5	--	1.050595	0.932141	6	0.93214	1
6	--	0.808013	0.525864	7	1.458	2
7	--	0.956155	1.254823	6	2.41415	3
6	--	1.180394	0.666987	7	3.08114	4
7	--	0.41675	1.209735	6	3.49789	5
6	--	0.815554	0.403153	7	3.90104	6
7	--	1.325203	0.600501	8	4.50154	7
8	--	0.543457	1.081622	7	5.045	8
7	--	1.416878	0.673157	8	5.71816	9
8	--	0.603081	1.042833	7	6.32124	10
7	--	1.189073	0.708256	8	7.0295	11
8	--	0.648392	1.035183	7	7.67789	12
7	--	0.509467	1.18493	6	8.18736	13
6	--	0.593838	0.795894	5	8.7812	14
5	--	1.094469	0.823405	6	9.60461	15
6	--	0.715502	0.919442	5	10.32011	16
5	--	0.894285	0.918075	4	11.21439	17
4	--	0.742881	1.179253	3	11.95727	18
3	--	0.697082	1.258093	2	12.65435	19
2	--	1.24511	1.749742	1	13.89946	20
1	--	2.500768	2.419876	2	16.31934	21
2	--	0.989274	1.3681	1	17.30861	22
1	--	2.02087	2.137079	0	19.32948	23

test #79
5	--	0.447244	0.585474	4	0.44724	1
4	--	0.804717	0.916257	3	1.25196	2
3	--	0.924243	1.261499	2	2.1762	3
2	--	0.713416	0.530183	3	2.70638	4
3	--	1.387885	1.353693	4	4.06007	5
4	--	0.889339	0.701121	5	4.76119	6
5	--	0.425272	0.767352	4	5.18646	7
4	--	1.039361	0.704932	5	5.89139	8
5	--	0.575984	0.685197	4	6.46737	9
4	--	0.831017	0.852286	3	7.29839	10
3	--	1.3003	1.021954	4	8.32034	11
4	--	0.419636	0.574442	3	8.73998	12
3	--	1.002057	1.097299	2	9.74204	13
2	--	0.665302	0.717965	1	10.40734	14
1	--	1.994145	1.096569	2	11.50391	15
2	--	1.699577	0.583957	3	12.08787	16
3	--	1.130804	0.589005	4	12.67688	17
4	--	0.938976	0.506312	5	13.18319	18
5	--	0.555456	0.345499	6	13.52869	19
6	--	0.939266	0.563255	7	14.09194	20
7	--	0.751213	0.913659	6	14.84315	21
6	--	0.513675	1.167167	5	15.35682	22
5	--	0.787348	0.352733	6	15.70955	23
6	--	1.16233	0.472236	7	16.18179	24
7	--	0.957625	1.168835	6	17.13941	25
6	--	0.467323	1.086855	5	17.60673	26
5	--	0.866329	0.958062	4	18.47306	27
4	--	0.876131	0.639274	5	19.11233	28
5	--	0.426296	0.425286	6	19.53762	29
6	--	0.765977	0.55143	7	20.08905	30
7	--	0.578668	0.638921	6	20.66772	31
6	--	0.930949	0.510697	7	21.17842	32
7	--	0.738491	0.608905	8	21.78733	33
8	--	0.533123	1.235966	7	22.32045	34
7	--	1.279066	0.927668	8	23.24812	35
8	--	1.776772	1.308475	9	24.5566	36
9	--	1.988566	1.29698	10	25.85358	37

test #80
5	--	1.085361	0.518345	6	0.51834	1
6	--	0.624327	0.741831	5	1.14267	2
5	--	0.351628	0.941974	4	1.4943	3
4	--	0.840734	0.37534	5	1.86964	4
5	--	0.464846	0.561709	4	2.33449	5
4	--	0.350216	0.553018	3	2.68471	6
3	--	1.045953	0.573796	4	3.25851	7
4	--	0.692134	0.688245	5	3.94675	8
5	--	0.892105	1.033017	4	4.83886	9
4	--	0.729897	0.392924	5	5.23178	10
5	--	0.74182	0.715846	6	5.94763	11
6	--	1.145116	0.540493	7	6.48812	12
7	--	1.423338	1.024184	8	7.5123	13
8	--	1.028771	0.704445	9	8.21674	14
9	--	2.824412	2.143528	10	10.36027	15

test #81
5	--	0.398384	0.627585	4	0.39838	1
4	--	0.372573	1.203541	3	0.77095	2
3	--	0.4101	1.044813	2	1.18105	3
2	--	0.694861	1.462825	1	1.87591	4
1	--	1.72403	2.111711	0	3.59994	5

test #82
5	--	0.589214	0.549	6	0.549	1
6	--	0.671058	0.647599	7	1.1966	2
7	--	0.619372	0.97587	6	1.81597	3
6	--	1.135286	0.799871	7	2.61584	4
7	--	0.885433	0.900304	6	3.50127	5
6	--	0.826618	0.867106	5	4.32789	6
5	--	1.026438	0.84367	6	5.17156	7
6	--	0.921593	0.595155	7	5.76671	8
7	--	0.87251	1.128022	6	6.63922	9
6	--	0.741741	0.400318	7	7.03954	10
7	--	1.055932	0.622848	8	7.66239	11
8	--	1.085293	0.522533	9	8.18492	12
9	--	1.736587	2.270515	8	9.92151	13
8	--	1.50645	0.762027	9	10.68354	14
9	--	1.633875	2.847663	8	12.31741	15
8	--	1.856082	0.746591	9	13.064	16
9	--	0.988546	2.984567	8	14.05255	17
8	--	0.666413	0.883467	7	14.71896	18
7	--	0.510465	1.269392	6	15.22942	19
6	--	0.630247	0.690785	5	15.85967	20
5	--	0.830467	0.949464	4	16.69014	21
4	--	0.940567	0.407242	5	17.09738	22
5	--	0.742087	0.676876	6	17.77426	23
6	--	0.550478	0.735925	5	18.32474	24
5	--	0.48494	0.947326	4	18.80968	25
4	--	1.121578	0.463107	5	19.27279	26
5	--	1.114861	0.475898	6	19.74869	27
6	--	0.754675	1.19355	5	20.50336	28
5	--	0.363493	0.840303	4	20.86685	29
4	--	0.856567	0.734591	5	21.60144	30
5	--	0.883293	0.708668	6	22.31011	31
6	--	0.445651	0.460707	5	22.75576	32
5	--	0.823966	0.408197	6	23.16396	33
6	--	0.57929	0.942481	5	23.74325	34
5	--	0.38042	0.684705	4	24.12367	35
4	--	0.485847	0.915229	3	24.60952	36
3	--	1.422779	1.419494	4	26.02901	37
4	--	1.01366	0.648794	5	26.6778	38
5	--	1.092342	0.819001	6	27.4968	39
6	--	0.659236	0.449964	7	27.94676	40
7	--	0.873293	0.730135	8	28.67689	41
8	--	1.146044	0.869577	9	29.54647	42
9	--	3.255086	1.500621	10	31.04709	43

test #83
5	--	0.33995	1.085817	4	0.33995	1
4	--	0.696107	0.636737	5	0.97669	2
5	--	0.430134	0.508199	4	1.40682	3
4	--	1.045598	0.780595	5	2.18742	4
5	--	0.493693	0.574812	4	2.68111	5
4	--	0.756368	0.644341	5	3.32545	6
5	--	0.350646	1.057446	4	3.6761	7
4	--	0.463578	0.487676	3	4.13968	8
3	--	0.99253	0.403524	4	4.5432	9
4	--	0.774085	0.567869	5	5.11107	10
5	--	0.464059	0.434282	6	5.54535	11
6	--	0.4181	0.37064	7	5.91599	12
7	--	0.74186	0.952705	6	6.65785	13
6	--	0.742176	0.652857	7	7.31071	14
7	--	0.62719	0.680884	6	7.9379	15
6	--	0.805452	0.411731	7	8.34963	16
7	--	0.405644	0.712122	6	8.75527	17
6	--	0.557861	0.943792	5	9.31313	18
5	--	0.602368	0.693803	4	9.9155	19
4	--	0.585139	1.00907	3	10.50064	20
3	--	0.455584	0.599044	2	10.95622	21
2	--	1.671444	0.925871	3	11.88209	22
3	--	0.781	0.80619	2	12.66309	23
2	--	1.649824	1.665615	1	14.31291	24
1	--	2.846497	2.375027	2	16.68794	25
2	--	1.281522	0.756209	3	17.44415	26
3	--	0.462487	1.418533	2	17.90664	27
2	--	0.84111	0.817659	3	18.7243	28
3	--	0.984077	1.220549	2	19.70838	29
2	--	0.697246	0.968384	1	20.40563	30
1	--	3.16781	2.614241	2	23.01987	31
2	--	1.744724	1.228061	3	24.24793	32
3	--	0.792219	0.396843	4	24.64477	33
4	--	0.562089	1.012905	3	25.20686	34
3	--	0.486433	0.942494	2	25.69329	35
2	--	1.498054	0.529862	3	26.22315	36
3	--	0.82377	1.306099	2	27.04692	37
2	--	0.755902	0.597969	3	27.64489	38
3	--	1.124958	0.586459	4	28.23135	39
4	--	0.899279	1.162002	3	29.13063	40
3	--	0.786674	0.849608	2	29.9173	41
2	--	1.137389	1.693294	1	31.05469	42
1	--	1.194458	0.923566	2	31.97826	43
2	--	1.314308	0.51974	3	32.498	44
3	--	1.081286	0.39312	4	32.89112	45
4	--	0.767344	1.12462	3	33.65846	46
3	--	0.836808	0.876471	2	34.49527	47
2	--	0.76502	1.216326	1	35.26029	48
1	--	1.051323	1.789425	0	36.31161	49

test #84
5	--	0.665646	0.816299	4	0.66565	1
4	--	0.703949	0.452247	5	1.1179	2
5	--	0.929348	1.015764	4	2.04725	3
4	--	0.568927	0.590959	3	2.61618	4
3	--	0.477203	0.894744	2	3.09338	5
2	--	1.077999	1.703042	1	4.17138	6
1	--	2.894818	1.296893	2	5.46827	7
2	--	0.512896	1.382992	1	5.98117	8
1	--	1.511779	1.341317	2	7.32249	9
2	--	1.583231	0.770649	3	8.09314	10
3	--	0.94149	0.463228	4	8.55637	11
4	--	0.488606	0.797325	3	9.04498	12
3	--	1.089305	0.406746	4	9.45173	13
4	--	0.66099	0.89025	3	10.11272	14
3	--	0.616053	0.861425	2	10.72877	15
2	--	0.967497	1.331883	1	11.69627	16
1	--	2.13273	2.060288	2	13.75656	17
2	--	0.567975	0.704975	1	14.32454	18
1	--	2.135604	2.946407	0	16.46014	19

test #85
5	--	0.336675	0.444566	4	0.33668	1
4	--	0.462559	0.707408	3	0.79924	2
3	--	0.594108	0.616411	2	1.39335	3
2	--	1.764342	1.501528	3	2.89488	4
3	--	1.333988	1.086946	4	3.98183	5
4	--	0.628692	0.354147	5	4.33598	6
5	--	0.99893	0.616503	6	4.95248	7
6	--	0.784794	0.933553	5	5.73727	8
5	--	0.855294	0.863354	4	6.59256	9
4	--	0.814452	0.597254	5	7.18981	10
5	--	0.581049	0.360335	6	7.55015	11
6	--	0.963912	0.930878	7	8.48103	12
7	--	0.465746	0.657846	6	8.94678	13
6	--	0.861646	0.438632	7	9.38541	14
7	--	1.295117	0.973948	8	10.35936	15
8	--	0.836848	1.490157	7	11.19621	16
7	--	0.53378	0.979477	6	11.72999	17
6	--	0.626485	0.441178	7	12.17117	18
7	--	0.618912	1.342338	6	12.79008	19
6	--	1.210041	0.611144	7	13.40122	20
7	--	0.561389	1.159275	6	13.96261	21
6	--	1.110378	0.463039	7	14.42565	22
7	--	0.673029	0.814313	6	15.09868	23
6	--	0.636267	1.019538	5	15.73495	24
5	--	0.709828	1.073249	4	16.44478	25
4	--	1.046458	0.602595	5	17.04737	26
5	--	0.671457	0.329363	6	17.37673	27
6	--	0.792251	1.047812	5	18.16898	28
5	--	1.110523	0.361343	6	18.53032	29
6	--	0.916063	0.848184	7	19.3785	30
7	--	1.033775	0.836078	8	20.21458	31
8	--	0.677397	0.970937	7	20.89198	32
7	--	0.885834	0.75165	8	21.64363	33
8	--	0.712412	0.717091	7	22.35604	34
7	--	1.11918	0.61364	8	22.96968	35
8	--	0.69948	1.456466	7	23.66916	36
7	--	0.548185	0.582165	6	24.21735	37
6	--	0.395862	0.772043	5	24.61321	38
5	--	0.814593	0.506196	6	25.11941	39
6	--	0.752007	0.794538	5	25.87142	40
5	--	0.778528	0.631465	6	26.50289	41
6	--	0.803215	0.394801	7	26.89769	42
7	--	0.517281	0.772147	6	27.41497	43
6	--	0.407814	0.5767	5	27.82278	44
5	--	0.413393	0.425417	4	28.23617	45
4	--	0.988482	0.456156	5	28.69233	46
5	--	0.440336	0.520016	4	29.13267	47
4	--	0.625776	1.101378	3	29.75845	48
3	--	0.79733	1.211644	2	30.55578	49
2	--	1.707552	0.665789	3	31.22157	50
3	--	0.905261	1.267149	2	32.12683	51
2	--	0.681793	1.277484	1	32.80862	52
1	--	1.244344	1.443833	0	34.05296	53

test #86
5	--	0.602726	0.633127	4	0.60273	1
4	--	0.673698	0.438118	5	1.04085	2
5	--	0.53408	0.378873	6	1.41972	3
6	--	0.507183	0.939741	5	1.9269	4
5	--	0.590345	0.731308	4	2.51725	5
4	--	0.940817	0.425108	5	2.94236	6
5	--	0.756302	0.766039	4	3.69866	7
4	--	0.672521	0.548832	5	4.24749	8
5	--	0.410654	0.588861	4	4.65814	9
4	--	0.57723	0.865659	3	5.23537	10
3	--	1.216389	1.342911	2	6.45176	11
2	--	0.844246	0.571078	3	7.02284	12
3	--	1.255629	1.035223	4	8.05806	13
4	--	0.743879	0.593932	5	8.65199	14
5	--	0.673208	0.378357	6	9.03035	15
6	--	0.818492	0.403578	7	9.43393	16
7	--	0.885065	0.765398	8	10.19933	17
8	--	1.269035	1.252193	9	11.45152	18
9	--	1.135161	1.501943	8	12.58668	19
8	--	1.280173	0.526689	9	13.11337	20
9	--	1.777199	1.115705	10	14.22907	21

test #87
5	--	0.575296	0.795684	4	0.5753	1
4	--	0.707599	0.508146	5	1.08345	2
5	--	0.908552	0.337633	6	1.42108	3
6	--	0.500893	0.451375	7	1.87246	4
7	--	1.176915	0.709257	8	2.58172	5
8	--	0.934042	0.911267	9	3.49299	6
9	--	1.470804	2.013064	8	4.96379	7
8	--	0.889036	0.750726	9	5.71452	8
9	--	2.57373	1.850858	10	7.56538	9

test #88
5	--	0.434264	0.705872	4	0.43426	1
4	--	0.911964	1.163886	3	1.34622	2
3	--	1.378723	1.015216	4	2.36144	3
4	--	1.166799	0.898316	5	3.25976	4
5	--	0.882926	0.729439	6	3.9892	5
6	--	0.816416	0.42046	7	4.40966	6
7	--	0.720225	0.866819	6	5.12989	7
6	--	0.47834	0.967521	5	5.60823	8
5	--	0.679233	0.75154	4	6.28746	9
4	--	1.222861	0.648531	5	6.93599	10
5	--	0.852947	0.571448	6	7.50744	11
6	--	0.469516	0.710624	5	7.97696	12
5	--	1.143569	0.331423	6	8.30838	13
6	--	0.541313	0.400501	7	8.70888	14
7	--	1.063661	0.770487	8	9.47937	15
8	--	0.757423	1.252296	7	10.23679	16
7	--	0.629694	0.86276	6	10.86648	17
6	--	0.843564	1.145963	5	11.71004	18
5	--	0.571261	1.172411	4	12.2813	19
4	--	0.476256	0.644477	3	12.75756	20
3	--	0.48547	0.432862	4	13.19042	21
4	--	0.775106	0.472375	5	13.66279	22
5	--	0.377145	0.371546	6	14.03434	23
6	--	0.803437	0.632378	7	14.66672	24
7	--	1.002673	0.696628	8	15.36335	25
8	--	0.512886	1.387231	7	15.87624	26
7	--	0.634015	0.502212	8	16.37845	27
8	--	1.181298	0.565088	9	16.94354	28
9	--	2.239001	2.587274	8	19.18254	29
8	--	0.8344	1.849331	7	20.01694	30
7	--	0.872125	0.448175	8	20.46511	31
8	--	1.125336	1.646866	7	21.59045	32
7	--	0.593675	1.128069	6	22.18412	33
6	--	0.895943	0.622119	7	22.80624	34
7	--	0.68629	0.490568	8	23.29681	35
8	--	1.802936	0.78198	9	24.07879	36
9	--	1.460056	2.566212	8	25.53885	37
8	--	0.540511	0.900462	7	26.07936	38
7	--	0.963656	0.9871	6	27.04302	39
6	--	0.743816	1.211557	5	27.78684	40
5	--	0.530048	0.581889	4	28.31689	41
4	--	0.427475	0.546466	3	28.74436	42
3	--	0.406045	0.438391	2	29.1504	43
2	--	0.960461	1.039718	1	30.11086	44
1	--	2.696235	1.560816	2	31.67168	45
2	--	1.374099	1.114724	3	32.7864	46
3	--	1.192638	0.427666	4	33.21407	47
4	--	0.556674	0.572266	3	33.77074	48
3	--	0.88127	1.033825	2	34.65201	49
2	--	0.869637	1.328867	1	35.52165	50
1	--	1.607737	2.442069	0	37.12939	51

test #89
5	--	0.639334	0.519409	6	0.51941	1
6	--	0.607863	0.843975	5	1.12727	2
5	--	0.379853	0.351383	6	1.47865	3
6	--	0.602948	0.908483	5	2.0816	4
5	--	0.983678	1.197289	4	3.06528	5
4	--	0.767914	0.820462	3	3.83319	6
3	--	1.133729	0.471919	4	4.30511	7
4	--	0.825017	1.084083	3	5.13013	8
3	--	0.629119	0.813361	2	5.75925	9
2	--	0.641472	0.83501	1	6.40072	10
1	--	2.369739	1.467389	2	7.86811	11
2	--	0.618373	0.538125	3	8.40623	12
3	--	0.994615	0.593234	4	8.99946	13
4	--	0.569844	0.856401	3	9.5693	14
3	--	0.610778	0.677114	2	10.18008	15
2	--	1.217351	0.712941	3	10.89302	16
3	--	0.523957	0.529405	2	11.41698	17
2	--	1.707027	0.999576	3	12.41656	18
3	--	0.490996	0.439363	4	12.85592	19
4	--	0.414512	0.362267	5	13.21819	20
5	--	0.482242	0.432235	6	13.65042	21
6	--	0.92692	0.609464	7	14.25988	22
7	--	1.401228	0.597822	8	14.8577	23
8	--	0.708347	0.679186	9	15.53689	24
9	--	0.972915	3.001127	8	16.5098	25
8	--	1.523143	1.622561	7	18.03294	26
7	--	0.960345	0.661883	8	18.69482	27
8	--	1.705249	0.782778	9	19.4776	28
9	--	1.183526	2.072042	8	20.66113	29
8	--	0.599947	1.422283	7	21.26108	30
7	--	0.921563	0.60888	8	21.86996	31
8	--	0.917371	0.962196	7	22.78733	32
7	--	0.879052	1.124238	6	23.66638	33
6	--	1.172038	0.84142	7	24.5078	34
7	--	0.74134	0.726171	8	25.23397	35
8	--	1.590052	1.531008	9	26.76498	36
9	--	1.040771	2.217946	8	27.80575	37
8	--	0.620683	0.782625	7	28.42643	38
7	--	0.72336	0.440926	8	28.86736	39
8	--	0.781172	1.853324	7	29.64853	40
7	--	1.273074	1.021575	8	30.6701	41
8	--	1.821046	0.69649	9	31.36659	42
9	--	2.813422	2.360866	10	33.72746	43

test #90
5	--	0.608725	0.550167	6	0.55017	1
6	--	1.048146	0.809936	7	1.36011	2
7	--	0.636945	1.163796	6	1.99705	3
6	--	0.444368	0.378724	7	2.37577	4
7	--	1.281016	0.541336	8	2.91711	5
8	--	1.171237	0.838329	9	3.75544	6
9	--	1.869316	1.563977	10	5.31942	7

test #91
5	--	0.64983	0.487012	6	0.48701	1
6	--	1.223014	1.081882	7	1.56889	2
7	--	0.714951	1.090864	6	2.28384	3
6	--	0.539961	0.723909	5	2.8238	4
5	--	0.652805	0.946982	4	3.4766	5
4	--	1.163708	0.891272	5	4.36787	6
5	--	0.888929	0.450539	6	4.81841	7
6	--	0.782313	0.652792	7	5.4712	8
7	--	0.501422	0.632	6	5.97262	9
6	--	0.379159	0.58635	5	6.35178	10
5	--	0.58384	1.113455	4	6.93562	11
4	--	0.745512	0.721976	5	7.6576	12
5	--	0.769849	0.496344	6	8.15394	13
6	--	1.030269	0.569887	7	8.72383	14
7	--	1.336645	1.385132	6	10.06048	15
6	--	0.594913	0.897514	5	10.65539	16
5	--	0.360882	0.368846	4	11.01627	17
4	--	0.571492	0.637821	3	11.58776	18
3	--	0.871754	0.492136	4	12.0799	19
4	--	0.773591	1.112209	3	12.85349	20
3	--	0.708865	0.896081	2	13.56235	21
2	--	0.785185	1.668679	1	14.34754	22
1	--	1.345633	3.199582	0	15.69317	23

test #92
5	--	0.521357	0.974281	4	0.52136	1
4	--	0.92396	0.77768	5	1.29904	2
5	--	1.124932	1.067122	6	2.36616	3
6	--	0.886421	0.871619	7	3.23778	4
7	--	0.845552	0.673514	8	3.91129	5
8	--	0.67984	1.656603	7	4.59113	6
7	--	0.795688	0.621732	8	5.21286	7
8	--	1.722131	1.200944	9	6.4138	8
9	--	3.275894	2.515307	10	8.92911	9

test #93
5	--	0.368605	0.717715	4	0.36861	1
4	--	0.402558	0.645993	3	0.77117	2
3	--	0.685765	0.658245	4	1.42941	3
4	--	0.553852	0.630237	3	1.98326	4
3	--	0.479875	1.124943	2	2.46313	5
2	--	0.806775	0.640082	3	3.10321	6
3	--	0.904468	0.795428	4	3.89864	7
4	--	0.573333	0.492051	5	4.39069	8
5	--	0.873215	0.486776	6	4.87747	9
6	--	1.18161	0.541528	7	5.419	10
7	--	1.326214	1.322674	8	6.74167	11
8	--	0.711002	1.272204	7	7.45267	12
7	--	0.630913	0.566399	8	8.01907	13
8	--	0.96856	0.540868	9	8.55994	14
9	--	2.472169	1.183916	10	9.74386	15

test #94
5	--	0.696371	0.635577	6	0.63558	1
6	--	0.554315	0.816266	5	1.1899	2
5	--	1.127093	0.45292	6	1.64282	3
6	--	0.390647	0.767024	5	2.03347	4
5	--	0.33468	0.752646	4	2.36815	5
4	--	0.936532	0.762341	5	3.13049	6
5	--	0.341959	0.614395	4	3.47245	7
4	--	0.404685	1.070461	3	3.87714	8
3	--	0.716924	1.276227	2	4.59406	9
2	--	1.794492	1.099515	3	5.69358	10
3	--	1.110654	0.574082	4	6.26766	11
4	--	1.002748	0.578406	5	6.84607	12
5	--	0.762781	0.513899	6	7.35997	13
6	--	0.915401	0.593271	7	7.95324	14
7	--	0.443199	1.412074	6	8.39644	15
6	--	0.553271	0.441154	7	8.83759	16
7	--	1.129651	0.657841	8	9.49543	17
8	--	1.162766	1.075553	9	10.57098	18
9	--	2.652197	1.724549	10	12.29553	19

test #95
5	--	0.372821	1.17529	4	0.37282	1
4	--	1.031462	0.469687	5	0.84251	2
5	--	0.388651	0.807137	4	1.23116	3
4	--	0.688794	0.955889	3	1.91995	4
3	--	1.181045	0.565411	4	2.48536	5
4	--	0.9556	0.708073	5	3.19343	6
5	--	1.007202	0.739992	6	3.93342	7
6	--	0.529553	0.510989	7	4.44441	8
7	--	0.732991	0.635631	8	5.08004	9
8	--	0.549667	0.897566	7	5.62971	10
7	--	0.50942	1.073538	6	6.13913	11
6	--	0.674477	0.679941	5	6.81361	12
5	--	0.611578	0.963729	4	7.42519	13
4	--	0.514948	1.202098	3	7.94014	14
3	--	1.036581	1.085165	2	8.97672	15
2	--	1.133227	1.436976	1	10.10995	16
1	--	2.753026	1.000698	2	11.11065	17
2	--	1.66447	0.593353	3	11.704	18
3	--	0.712244	1.21256	2	12.41624	19
2	--	0.913803	0.876446	3	13.29269	20
3	--	0.453451	0.698048	2	13.74614	21
2	--	0.660328	1.549407	1	14.40647	22
1	--	3.137413	2.126925	2	16.53339	23
2	--	1.020795	0.614533	3	17.14792	24
3	--	0.620734	0.767125	2	17.76865	25
2	--	0.640779	0.610025	3	18.37868	26
3	--	0.489692	1.208749	2	18.86837	27
2	--	1.646363	0.805981	3	19.67435	28
3	--	0.573972	0.845682	2	20.24832	29
2	--	1.31584	0.946606	3	21.19493	30
3	--	0.826311	0.541052	4	21.73598	31
4	--	0.626016	0.841324	3	22.362	32
3	--	1.133109	1.106915	4	23.46892	33
4	--	0.488604	0.920879	3	23.95752	34
3	--	0.585482	1.10303	2	24.543	35
2	--	0.855494	1.567201	1	25.39849	36
1	--	2.472137	1.254339	2	26.65283	37
2	--	1.446365	0.611606	3	27.26444	38
3	--	1.01233	0.65732	4	27.92176	39
4	--	0.905827	0.923196	3	28.82759	40
3	--	0.878494	0.791411	4	29.619	41
4	--	0.560942	0.958425	3	30.17994	42
3	--	0.597782	0.607813	2	30.77772	43
2	--	1.0209	0.851557	3	31.62928	44
3	--	0.608055	0.688977	2	32.23734	45
2	--	1.121434	0.790493	3	33.02783	46
3	--	1.068743	1.056321	4	34.08415	47
4	--	0.665524	0.918734	3	34.74967	48
3	--	0.610733	0.977044	2	35.3604	49
2	--	0.735097	1.193216	1	36.0955	50
1	--	1.55325	2.376387	0	37.64875	51

test #96
5	--	1.182711	0.554493	6	0.55449	1
6	--	0.603294	0.693534	5	1.15778	2
5	--	0.5578	1.0404	4	1.71558	3
4	--	1.097893	0.361784	5	2.07736	4
5	--	0.636401	0.84265	4	2.71376	5
4	--	1.092588	0.511202	5	3.22496	6
5	--	0.48156	0.821859	4	3.70652	7
4	--	1.13687	1.200808	3	4.84339	8
3	--	0.789318	0.474505	4	5.3179	9
4	--	0.387318	0.664802	3	5.70522	10
3	--	0.759452	0.547176	4	6.2524	11
4	--	1.150686	1.110946	5	7.36335	12
5	--	0.660533	1.12276	4	8.02388	13
4	--	0.374769	0.479428	3	8.39865	14
3	--	0.901885	0.422796	4	8.82145	15
4	--	0.461243	0.608325	3	9.28269	16
3	--	1.010868	0.835911	4	10.1186	17
4	--	0.354807	0.822603	3	10.47341	18
3	--	0.974736	1.190924	2	11.44815	19
2	--	0.812256	0.920995	1	12.26041	20
1	--	2.135005	0.925942	2	13.18635	21
2	--	1.33027	1.660441	1	14.51662	22
1	--	1.57373	2.021305	0	16.09035	23

test #97
5	--	0.591997	0.662959	4	0.592	1
4	--	0.448572	1.179552	3	1.04057	2
3	--	1.107387	0.940009	4	1.98058	3
4	--	0.350704	0.950656	3	2.33128	4
3	--	0.980075	0.503852	4	2.83513	5
4	--	1.169521	0.804969	5	3.6401	6
5	--	0.996271	1.080838	4	4.63637	7
4	--	1.244477	1.246692	3	5.88085	8
3	--	0.468442	0.822941	2	6.34929	9
2	--	1.618407	0.555093	3	6.90438	10
3	--	0.990565	0.802246	4	7.70663	11
4	--	0.7847	0.72762	5	8.43425	12
5	--	0.811403	0.795363	6	9.22961	13
6	--	0.34314	1.09508	5	9.57275	14
5	--	0.742099	1.123402	4	10.31485	15
4	--	0.540944	0.590379	3	10.85579	16
3	--	0.851917	1.343647	2	11.70771	17
2	--	0.985705	0.953861	3	12.66157	18
3	--	0.598603	0.938837	2	13.26017	19
2	--	0.783146	1.108987	1	14.04332	20
1	--	1.012372	1.519517	0	15.05569	21

test #98
5	--	0.576968	0.783337	4	0.57697	1
4	--	0.690471	0.868285	3	1.26744	2
3	--	1.052688	0.923163	4	2.1906	3
4	--	1.115476	1.145512	3	3.30608	4
3	--	0.820301	1.107325	2	4.12638	5
2	--	1.249226	0.754291	3	4.88067	6
3	--	0.529541	0.789852	2	5.41021	7
2	--	0.601396	0.890285	1	6.01161	8
1	--	1.566983	1.404198	2	7.41581	9
2	--	1.173363	1.3652	1	8.58917	10
1	--	1.555221	0.964129	2	9.5533	11
2	--	1.231952	0.957048	3	10.51035	12
3	--	0.833753	0.931642	2	11.3441	13
2	--	0.811876	0.75023	3	12.09433	14
3	--	0.526168	0.843612	2	12.6205	15
2	--	0.546361	0.668072	1	13.16686	16
1	--	2.302043	2.160575	2	15.32744	17
2	--	0.904387	1.223251	1	16.23183	18
1	--	1.370664	1.745645	0	17.60249	19

test #99
5	--	0.731566	1.088341	4	0.73157	1
4	--	0.667364	1.010677	3	1.39893	2
3	--	1.054464	0.631084	4	2.03001	3
4	--	0.993612	0.607944	5	2.63795	4
5	--	0.627588	1.132748	4	3.26554	5
4	--	0.594871	1.025528	3	3.86041	6
3	--	0.810406	0.634521	4	4.49493	7
4	--	0.709598	0.977111	3	5.20453	8
3	--	0.753171	1.061859	2	5.9577	9
2	--	1.176737	1.213965	1	7.13444	10
1	--	1.496289	2.434373	0	8.63073	11
