start i C()	t_left		t_right 	New i	Total time generation

test #0
7	--	0.5019	0.771267	6	0.5019	1
6	--	0.880367	0.47463	7	0.97653	2
7	--	0.925889	0.918275	8	1.8948	3
8	--	1.102964	1.099346	9	2.99415	4
9	--	1.545682	3.262585	8	4.53983	5
8	--	0.998707	1.079779	7	5.53854	6
7	--	0.82039	1.378261	6	6.35893	7
6	--	0.706174	1.221784	5	7.0651	8
5	--	0.346728	0.937607	4	7.41183	9
4	--	1.009912	0.741697	5	8.15353	10
5	--	0.986215	0.382155	6	8.53569	11
6	--	0.489226	0.499316	5	9.02492	12
5	--	0.616305	0.924337	4	9.64122	13
4	--	0.986239	0.457873	5	10.09909	14
5	--	1.005344	0.617572	6	10.71666	15
6	--	0.641504	0.676247	5	11.35816	16
5	--	0.382178	0.361371	6	11.71953	17
6	--	0.464109	0.549687	5	12.18364	18
5	--	0.71339	1.165898	4	12.89703	19
4	--	0.386996	0.994206	3	13.28403	20
3	--	0.824185	1.405911	2	14.10821	21
2	--	0.655571	0.550466	3	14.65868	22
3	--	0.425977	0.631007	2	15.08466	23
2	--	1.535598	0.684798	3	15.76946	24
3	--	0.50851	1.203849	2	16.27797	25
2	--	1.768496	0.549088	3	16.82706	26
3	--	0.572569	0.843621	2	17.39963	27
2	--	1.698668	1.509513	3	18.90914	28
3	--	0.933645	1.151208	2	19.84278	29
2	--	0.81718	0.587996	3	20.43078	30
3	--	0.962375	0.624611	4	21.05539	31
4	--	0.426882	0.524635	3	21.48227	32
3	--	0.698669	0.41972	4	21.90199	33
4	--	1.211997	0.350867	5	22.25286	34
5	--	0.737971	1.167831	4	22.99083	35
4	--	0.848976	1.169399	3	23.83981	36
3	--	0.997333	0.514182	4	24.35399	37
4	--	0.890755	0.480348	5	24.83434	38
5	--	0.355262	0.983086	4	25.1896	39
4	--	0.403684	0.779756	3	25.59328	40
3	--	0.558679	0.951838	2	26.15196	41
2	--	1.622301	1.131272	3	27.28323	42
3	--	1.051481	1.004112	4	28.28734	43
4	--	1.170279	0.983195	5	29.27054	44
5	--	0.792654	0.48209	6	29.75263	45
6	--	0.453606	0.683368	5	30.20624	46
5	--	0.590419	0.993492	4	30.79666	47
4	--	1.235259	1.034255	5	31.83091	48
5	--	0.514219	1.055573	4	32.34513	49
4	--	1.189094	0.738753	5	33.08388	50
5	--	1.105487	0.462881	6	33.54676	51
6	--	0.511156	0.859398	5	34.05792	52
5	--	0.535327	0.546607	4	34.59325	53
4	--	0.360247	0.383329	3	34.9535	54
3	--	1.12007	0.582945	4	35.53645	55
4	--	0.924072	0.486318	5	36.02277	56
5	--	0.546438	0.825689	4	36.56921	57
4	--	0.940175	0.946398	3	37.50938	58
3	--	0.545944	0.999263	2	38.05532	59
2	--	0.787141	1.540695	1	38.84246	60
1	--	2.122253	1.138296	2	39.98076	61
2	--	0.974815	1.265672	1	40.95557	62
1	--	2.696458	2.112107	2	43.06768	63
2	--	0.847305	1.120155	1	43.91498	64
1	--	3.114134	1.078634	2	44.99361	65
2	--	1.13445	0.678793	3	45.6724	66
3	--	0.454278	1.080735	2	46.12668	67
2	--	0.803687	1.666658	1	46.93037	68
1	--	2.224159	0.948828	2	47.8792	69
2	--	1.499984	1.759011	1	49.37918	70
1	--	1.169344	2.956331	0	50.54852	71

test #1
7	--	0.449537	0.824185	6	0.44954	1
6	--	0.394547	0.829617	5	0.84409	2
5	--	0.456846	1.067748	4	1.30094	3
4	--	0.354205	0.812069	3	1.65514	4
3	--	0.592262	0.992891	2	2.2474	5
2	--	1.016791	1.299524	1	3.26419	6
1	--	1.805995	2.352841	0	5.07019	7

test #2
7	--	0.442486	1.018002	6	0.44249	1
6	--	0.786076	0.36887	7	0.81136	2
7	--	0.498438	0.681903	6	1.3098	3
6	--	0.789349	0.764526	7	2.07433	4
7	--	0.696916	0.740144	6	2.77125	5
6	--	0.451328	0.43536	7	3.20661	6
7	--	0.407435	1.063996	6	3.61404	7
6	--	0.67146	0.36241	7	3.97645	8
7	--	0.695766	0.552158	8	4.52861	9
8	--	1.070793	1.097625	7	5.5994	10
7	--	1.206461	0.556826	8	6.15623	11
8	--	0.899194	1.071987	7	7.05542	12
7	--	0.6809	0.618339	8	7.67376	13
8	--	0.876683	0.823179	9	8.49694	14
9	--	3.038329	2.185492	10	10.68243	15

test #3
7	--	0.994683	0.599173	8	0.59917	1
8	--	0.627932	1.462129	7	1.2271	2
7	--	0.805081	0.804592	8	2.03169	3
8	--	0.973927	0.695179	9	2.72687	4
9	--	3.147244	2.276757	10	5.00363	5

test #4
7	--	1.014514	0.990404	8	0.9904	1
8	--	1.550107	0.955331	9	1.94573	2
9	--	1.333371	1.535881	8	3.2791	3
8	--	1.294561	1.577322	7	4.57366	4
7	--	0.496069	0.528635	6	5.06973	5
6	--	0.96486	0.601064	7	5.67079	6
7	--	0.537367	1.063627	6	6.20816	7
6	--	0.349904	0.471199	5	6.55806	8
5	--	0.493025	0.41506	6	6.97312	9
6	--	0.455917	0.732685	5	7.42904	10
5	--	0.398778	0.714281	4	7.82782	11
4	--	0.725855	0.648269	5	8.47609	12
5	--	0.591756	1.079078	4	9.06785	13
4	--	0.989748	0.965421	5	10.03327	14
5	--	1.132332	0.950997	6	10.98427	15
6	--	0.446961	0.888077	5	11.43123	16
5	--	0.713398	0.342611	6	11.77384	17
6	--	0.747943	0.873141	5	12.52178	18
5	--	0.390131	0.532448	4	12.91191	19
4	--	0.592886	1.078143	3	13.5048	20
3	--	0.572777	1.341311	2	14.07758	21
2	--	0.844231	1.019343	1	14.92181	22
1	--	1.838582	3.258209	0	16.76039	23

test #5
7	--	0.960794	1.147365	6	0.96079	1
6	--	1.005347	0.757707	7	1.7185	2
7	--	0.659363	0.727272	6	2.37786	3
6	--	0.736737	0.360763	7	2.73862	4
7	--	0.435511	0.78524	6	3.17413	5
6	--	0.991655	1.16084	5	4.16578	6
5	--	1.075459	0.389467	6	4.55525	7
6	--	0.646622	0.665275	5	5.20187	8
5	--	0.870676	0.774711	6	5.97658	9
6	--	0.994257	0.812179	7	6.78876	10
7	--	0.667681	0.70411	6	7.45644	11
6	--	1.167123	0.494522	7	7.95096	12
7	--	0.574516	0.999787	6	8.52548	13
6	--	0.92055	0.358218	7	8.8837	14
7	--	0.982284	0.398422	8	9.28212	15
8	--	1.623951	0.778583	9	10.0607	16
9	--	1.696014	3.135502	8	11.75671	17
8	--	1.259764	0.942145	9	12.69886	18
9	--	2.383744	2.38131	10	15.08017	19

test #6
7	--	0.804177	0.901816	6	0.80418	1
6	--	0.822428	0.418989	7	1.22317	2
7	--	0.536287	0.968387	6	1.75946	3
6	--	0.4364	1.044254	5	2.19586	4
5	--	0.525921	0.376792	6	2.57265	5
6	--	1.061149	0.358872	7	2.93152	6
7	--	1.397687	0.653487	8	3.58501	7
8	--	0.995319	1.018804	7	4.58033	8
7	--	0.421452	1.042039	6	5.00178	9
6	--	1.22026	1.027914	7	6.02969	10
7	--	1.373271	0.989914	8	7.0196	11
8	--	1.021366	0.727092	9	7.74669	12
9	--	2.565629	2.168008	10	9.9147	13

test #7
7	--	1.189045	0.583976	8	0.58398	1
8	--	0.857829	1.748259	7	1.44181	2
7	--	1.366383	0.437579	8	1.87939	3
8	--	1.185295	1.591565	7	3.06468	4
7	--	1.015842	1.143067	6	4.08052	5
6	--	0.371949	0.557374	5	4.45247	6
5	--	0.842521	0.355609	6	4.80808	7
6	--	0.425103	0.892072	5	5.23318	8
5	--	1.068734	1.154515	4	6.30191	9
4	--	0.860171	1.119164	3	7.16208	10
3	--	1.346524	0.786557	4	7.94864	11
4	--	0.848202	0.931982	3	8.79684	12
3	--	1.255973	0.903801	4	9.70064	13
4	--	1.189389	0.672072	5	10.37271	14
5	--	1.125977	0.645624	6	11.01833	15
6	--	0.584349	0.738274	5	11.60268	16
5	--	0.46786	0.497213	4	12.07054	17
4	--	0.892685	1.054992	3	12.96322	18
3	--	0.837429	0.584642	4	13.54786	19
4	--	0.55115	0.783218	3	14.09901	20
3	--	1.377144	0.647669	4	14.74668	21
4	--	0.888428	0.54105	5	15.28773	22
5	--	0.854056	0.429762	6	15.71749	23
6	--	0.363408	0.761167	5	16.0809	24
5	--	0.793065	0.996318	4	16.87397	25
4	--	0.353817	0.342925	5	17.21689	26
5	--	0.624166	0.360148	6	17.57704	27
6	--	0.435684	1.063856	5	18.01272	28
5	--	0.954885	0.542823	6	18.55554	29
6	--	0.595646	1.150085	5	19.15119	30
5	--	0.496833	0.887264	4	19.64802	31
4	--	0.370426	0.541934	3	20.01845	32
3	--	0.736655	1.158766	2	20.7551	33
2	--	1.104631	1.523383	1	21.85973	34
1	--	0.974708	2.101539	0	22.83444	35

test #8
7	--	0.424271	0.699152	6	0.42427	1
6	--	0.457857	0.406183	7	0.83045	2
7	--	1.291262	0.430502	8	1.26095	3
8	--	1.030147	0.530783	9	1.79173	4
9	--	1.170094	1.125313	10	2.91704	5

test #9
7	--	0.690501	0.445522	8	0.44552	1
8	--	1.667825	1.070672	9	1.51619	2
9	--	1.518148	2.243352	8	3.03434	3
8	--	0.957213	1.328275	7	3.99155	4
7	--	1.063735	1.337474	6	5.05529	5
6	--	0.41486	0.882256	5	5.47015	6
5	--	1.120694	0.375582	6	5.84573	7
6	--	1.094107	1.036453	7	6.88218	8
7	--	1.041223	1.099809	6	7.9234	9
6	--	0.855539	0.582623	7	8.50602	10
7	--	0.765923	0.987809	6	9.27194	11
6	--	0.842467	0.816975	7	10.08892	12
7	--	0.503929	0.934949	6	10.59285	13
6	--	0.609855	0.759266	5	11.20271	14
5	--	0.899297	0.40762	6	11.61033	15
6	--	0.593187	0.680591	5	12.20352	16
5	--	0.607142	0.751346	4	12.81066	17
4	--	0.565252	0.993686	3	13.37591	18
3	--	0.516258	0.92753	2	13.89217	19
2	--	0.963246	1.455101	1	14.85542	20
1	--	1.05133	1.584697	0	15.90675	21

test #10
7	--	1.13315	1.341857	6	1.13315	1
6	--	0.597556	0.352767	7	1.48592	2
7	--	0.565663	0.647474	6	2.05158	3
6	--	0.495909	0.564103	5	2.54749	4
5	--	0.416593	0.52924	4	2.96408	5
4	--	0.494058	0.378066	5	3.34215	6
5	--	0.525221	0.631845	4	3.86737	7
4	--	0.734116	0.801611	3	4.60149	8
3	--	0.816018	0.833114	2	5.41751	9
2	--	0.822186	0.604283	3	6.02179	10
3	--	0.833255	0.817036	4	6.83883	11
4	--	0.567657	0.390076	5	7.22891	12
5	--	0.473694	0.886619	4	7.7026	13
4	--	0.63341	0.437365	5	8.13997	14
5	--	1.133163	0.464377	6	8.60435	15
6	--	0.842248	0.412284	7	9.01663	16
7	--	0.782165	0.707775	8	9.72441	17
8	--	1.050228	1.117375	7	10.77464	18
7	--	0.810041	0.518722	8	11.29336	19
8	--	0.755438	1.203318	7	12.0488	20
7	--	0.911424	1.402674	6	12.96022	21
6	--	0.739163	1.016847	5	13.69938	22
5	--	0.566666	0.618122	4	14.26605	23
4	--	0.488806	0.534804	3	14.75486	24
3	--	0.398408	0.650355	2	15.15327	25
2	--	1.145885	1.350878	1	16.29916	26
1	--	1.57923	1.758108	0	17.87839	27

test #11
7	--	0.911544	0.460568	8	0.46057	1
8	--	1.059245	1.02931	9	1.48988	2
9	--	2.384717	3.311773	8	3.8746	3
8	--	1.22896	1.532099	7	5.10356	4
7	--	0.53245	0.70175	6	5.63601	5
6	--	1.094275	0.908842	7	6.54485	6
7	--	0.777546	0.45826	8	7.00311	7
8	--	1.157242	1.139874	9	8.14298	8
9	--	1.380537	1.477637	8	9.52352	9
8	--	1.541597	1.488592	9	11.01211	10
9	--	1.801405	1.100367	10	12.11248	11

test #12
7	--	0.708012	1.210803	6	0.70801	1
6	--	0.716898	0.741008	5	1.42491	2
5	--	0.418939	0.527057	4	1.84385	3
4	--	1.229604	0.954525	5	2.79837	4
5	--	0.839941	0.885812	4	3.63831	5
4	--	0.799121	0.473342	5	4.11165	6
5	--	0.814174	0.380374	6	4.49202	7
6	--	0.486132	0.975929	5	4.97815	8
5	--	0.844592	1.073446	4	5.82274	9
4	--	0.355495	0.497951	3	6.17824	10
3	--	0.922658	1.271251	2	7.1009	11
2	--	0.829388	1.321678	1	7.93029	12
1	--	1.861687	1.814247	2	9.74454	13
2	--	0.558624	1.553557	1	10.30316	14
1	--	2.103244	2.562812	0	12.4064	15

test #13
7	--	0.497563	0.871974	6	0.49756	1
6	--	0.678765	0.988463	5	1.17632	2
5	--	0.983956	0.538897	6	1.71522	3
6	--	0.765546	1.152446	5	2.48077	4
5	--	1.028366	0.41557	6	2.89634	5
6	--	0.639234	0.52515	7	3.42149	6
7	--	0.47354	0.644637	6	3.89503	7
6	--	0.774341	0.394121	7	4.28915	8
7	--	0.867454	0.885878	6	5.1566	9
6	--	1.002723	0.630923	7	5.78752	10
7	--	0.467018	0.807451	6	6.25454	11
6	--	0.567845	0.885913	5	6.82239	12
5	--	1.108524	0.370526	6	7.19292	13
6	--	0.809615	1.086942	5	8.00253	14
5	--	0.867469	0.658629	6	8.66116	15
6	--	0.416754	1.118195	5	9.07791	16
5	--	0.45503	0.747617	4	9.53294	17
4	--	0.763339	0.895083	3	10.29628	18
3	--	0.595043	0.698494	2	10.89132	19
2	--	0.779485	0.92209	1	11.6708	20
1	--	1.92739	1.77709	2	13.44789	21
2	--	0.880997	0.751811	3	14.1997	22
3	--	0.688068	0.894936	2	14.88777	23
2	--	1.371684	0.574615	3	15.46238	24
3	--	0.714042	0.735724	2	16.17642	25
2	--	0.785782	1.39894	1	16.9622	26
1	--	1.102843	2.478165	0	18.06504	27

test #14
7	--	0.412781	0.479128	6	0.41278	1
6	--	0.85357	0.616526	7	1.02931	2
7	--	0.5259	0.803897	6	1.55521	3
6	--	0.649598	0.625078	7	2.18029	4
7	--	0.625635	0.527512	8	2.7078	5
8	--	1.11447	1.616543	7	3.82227	6
7	--	0.59513	0.784642	6	4.4174	7
6	--	0.370936	0.418171	5	4.78834	8
5	--	0.546383	0.643559	4	5.33472	9
4	--	0.639075	1.193361	3	5.97379	10
3	--	0.533407	0.528095	4	6.50188	11
4	--	0.705703	0.842916	3	7.20758	12
3	--	0.836742	1.197032	2	8.04432	13
2	--	0.818707	1.669583	1	8.86303	14
1	--	2.647671	2.422754	2	11.28578	15
2	--	0.921136	0.887994	3	12.17377	16
3	--	1.334914	1.190624	4	13.36439	17
4	--	0.417704	0.565055	3	13.78209	18
3	--	0.407893	0.456918	2	14.18998	19
2	--	1.771199	0.712074	3	14.90205	20
3	--	1.273056	0.415538	4	15.31759	21
4	--	0.667489	0.46349	5	15.78108	22
5	--	0.798904	0.687419	6	16.4685	23
6	--	0.476808	1.135596	5	16.94531	24
5	--	0.633507	0.749679	4	17.57882	25
4	--	0.384665	0.846203	3	17.96348	26
3	--	1.020596	0.525695	4	18.48918	27
4	--	1.103222	0.36571	5	18.85489	28
5	--	0.329963	0.665957	4	19.18485	29
4	--	0.657802	0.376577	5	19.56143	30
5	--	0.464247	0.912192	4	20.02568	31
4	--	0.355313	1.214744	3	20.38099	32
3	--	0.52237	0.685066	2	20.90336	33
2	--	0.542201	1.84256	1	21.44556	34
1	--	2.56986	1.084476	2	22.53004	35
2	--	1.659302	1.477589	3	24.00763	36
3	--	0.823539	0.574495	4	24.58212	37
4	--	0.346223	0.69142	3	24.92834	38
3	--	0.766908	1.010442	2	25.69525	39
2	--	0.882406	0.917195	1	26.57766	40
1	--	0.91389	2.494825	0	27.49155	41

test #15
7	--	0.470271	0.898966	6	0.47027	1
6	--	0.988627	1.100309	5	1.4589	2
5	--	0.703388	1.05469	4	2.16229	3
4	--	0.676621	1.007668	3	2.83891	4
3	--	0.725028	0.624967	4	3.46388	5
4	--	1.178226	1.171584	5	4.63546	6
5	--	0.41013	0.727838	4	5.04559	7
4	--	0.697504	0.824989	3	5.74309	8
3	--	0.922362	1.143672	2	6.66545	9
2	--	1.364399	1.458513	1	8.02985	10
1	--	1.795784	3.152621	0	9.82563	11

test #16
7	--	1.065774	1.197957	6	1.06577	1
6	--	1.231299	0.800658	7	1.86643	2
7	--	1.103886	0.87538	8	2.74181	3
8	--	1.469981	0.918858	9	3.66067	4
9	--	2.278897	1.913505	10	5.57418	5

test #17
7	--	0.732935	0.525366	8	0.52537	1
8	--	0.847775	0.915956	7	1.37314	2
7	--	0.675704	1.194893	6	2.04884	3
6	--	1.197661	0.778422	7	2.82726	4
7	--	0.728601	1.375118	6	3.55586	5
6	--	0.920813	1.006067	5	4.47667	6
5	--	0.959498	1.087729	4	5.43617	7
4	--	1.14752	0.656557	5	6.09273	8
5	--	0.343121	0.334531	6	6.42726	9
6	--	1.161804	0.610825	7	7.03808	10
7	--	0.773131	1.140269	6	7.81121	11
6	--	0.399127	0.937253	5	8.21034	12
5	--	0.704789	0.405239	6	8.61558	13
6	--	0.822165	0.611338	7	9.22692	14
7	--	0.680255	1.062682	6	9.90718	15
6	--	0.386975	1.044168	5	10.29416	16
5	--	0.39598	0.898537	4	10.69014	17
4	--	0.343674	0.727509	3	11.03381	18
3	--	1.162382	0.792718	4	11.82653	19
4	--	0.362814	0.493402	3	12.18934	20
3	--	0.569263	1.185691	2	12.7586	21
2	--	1.447405	1.067427	3	13.82603	22
3	--	0.433481	0.645174	2	14.25951	23
2	--	1.386745	1.401612	1	15.64625	24
1	--	2.739947	1.922211	2	17.56846	25
2	--	0.552672	0.708559	1	18.12113	26
1	--	0.983756	1.253287	0	19.10489	27

test #18
7	--	0.398259	0.822145	6	0.39826	1
6	--	0.472011	1.181887	5	0.87027	2
5	--	0.86536	0.68211	6	1.55238	3
6	--	0.970965	0.405196	7	1.95758	4
7	--	0.529307	0.482723	8	2.4403	5
8	--	0.694938	0.947386	7	3.13524	6
7	--	0.600527	0.493829	8	3.62907	7
8	--	1.608041	1.331665	9	4.96074	8
9	--	2.245439	1.443834	10	6.40457	9

test #19
7	--	1.049809	0.534832	8	0.53483	1
8	--	0.600995	1.660965	7	1.13582	2
7	--	0.696679	1.3946	6	1.8325	3
6	--	1.00967	1.234106	5	2.84217	4
5	--	1.004578	0.417764	6	3.25993	5
6	--	0.930927	1.081098	5	4.19086	6
5	--	1.041627	0.728666	6	4.91953	7
6	--	0.468376	0.758101	5	5.38791	8
5	--	0.905601	0.606303	6	5.99421	9
6	--	0.668659	0.968881	5	6.66287	10
5	--	0.559594	0.396923	6	7.05979	11
6	--	0.47693	0.359844	7	7.41963	12
7	--	0.420306	1.403846	6	7.83994	13
6	--	0.357481	0.417021	5	8.19742	14
5	--	0.729412	1.103043	4	8.92683	15
4	--	0.483111	0.81769	3	9.40994	16
3	--	1.09807	0.874907	4	10.28485	17
4	--	1.068251	0.370838	5	10.65569	18
5	--	0.9058	0.802514	6	11.4582	19
6	--	1.023764	0.461872	7	11.92007	20
7	--	0.947829	0.472529	8	12.3926	21
8	--	1.780356	0.592019	9	12.98462	22
9	--	1.078911	3.02791	8	14.06353	23
8	--	1.615445	1.230206	9	15.29374	24
9	--	1.542228	2.767201	8	16.83597	25
8	--	0.649075	0.519304	9	17.35527	26
9	--	2.031559	1.578441	10	18.93371	27

test #20
7	--	0.888916	0.631399	8	0.6314	1
8	--	0.694152	1.209239	7	1.32555	2
7	--	1.083496	1.048569	8	2.37412	3
8	--	1.132679	1.738539	7	3.5068	4
7	--	0.403597	1.170153	6	3.9104	5
6	--	0.429692	0.411724	7	4.32212	6
7	--	0.619803	1.281088	6	4.94192	7
6	--	1.245457	1.124344	7	6.06626	8
7	--	0.598902	0.634328	6	6.66516	9
6	--	0.510166	0.812348	5	7.17533	10
5	--	0.907672	0.349565	6	7.5249	11
6	--	0.444462	1.076762	5	7.96936	12
5	--	0.35553	0.675489	4	8.32489	13
4	--	0.660564	0.457126	5	8.78202	14
5	--	0.624497	0.90703	4	9.40652	15
4	--	0.382779	1.065638	3	9.7893	16
3	--	0.615749	0.455723	4	10.24502	17
4	--	1.212197	1.076041	5	11.32106	18
5	--	0.832292	0.517396	6	11.83846	19
6	--	0.80829	0.384393	7	12.22285	20
7	--	0.515134	1.142993	6	12.73798	21
6	--	0.717056	0.367129	7	13.10511	22
7	--	1.208897	0.425194	8	13.5303	23
8	--	0.55299	0.747504	7	14.08329	24
7	--	1.117103	0.709051	8	14.79234	25
8	--	1.670797	0.766581	9	15.55892	26
9	--	1.774009	1.966921	8	17.33293	27
8	--	1.455234	0.689772	9	18.0227	28
9	--	0.931525	2.509221	8	18.95423	29
8	--	1.256991	1.250773	9	20.205	30
9	--	3.105555	1.965626	10	22.17063	31

test #21
7	--	0.738863	0.541534	8	0.54153	1
8	--	1.12335	1.423472	7	1.66488	2
7	--	0.538467	0.728651	6	2.20335	3
6	--	0.798595	1.023981	5	3.00195	4
5	--	1.011127	1.066485	4	4.01308	5
4	--	1.006442	0.439637	5	4.45272	6
5	--	0.717355	0.328229	6	4.78095	7
6	--	0.578073	0.507227	7	5.28818	8
7	--	1.053186	1.274432	6	6.34137	9
6	--	1.164849	0.509667	7	6.85104	10
7	--	1.343529	0.495087	8	7.34613	11
8	--	0.789435	1.05422	7	8.13556	12
7	--	0.734776	0.687784	8	8.82334	13
8	--	1.40698	0.554589	9	9.37793	14
9	--	0.979328	1.830958	8	10.35726	15
8	--	1.555877	1.362457	9	11.71972	16
9	--	2.639135	1.168639	10	12.88836	17

test #22
7	--	0.477389	0.680571	6	0.47739	1
6	--	1.001957	0.831158	7	1.30855	2
7	--	0.771887	0.855504	6	2.08044	3
6	--	0.510156	0.720723	5	2.5906	4
5	--	0.365221	0.68648	4	2.95582	5
4	--	1.122186	0.411191	5	3.36701	6
5	--	0.628248	1.166257	4	3.99526	7
4	--	0.624988	0.347574	5	4.34283	8
5	--	0.610958	0.859803	4	4.95379	9
4	--	1.085317	0.400798	5	5.35459	10
5	--	0.340261	1.07843	4	5.69485	11
4	--	0.511415	0.400447	5	6.0953	12
5	--	0.47071	0.748253	4	6.56601	13
4	--	0.436109	0.58811	3	7.00212	14
3	--	1.279811	1.373172	2	8.28193	15
2	--	0.786064	1.741225	1	9.06799	16
1	--	2.830245	1.941549	2	11.00954	17
2	--	1.096036	1.086579	3	12.09612	18
3	--	0.70548	0.654352	4	12.75047	19
4	--	0.589942	1.061141	3	13.34041	20
3	--	0.739148	0.98129	2	14.07956	21
2	--	1.273561	0.625912	3	14.70547	22
3	--	1.036382	0.418137	4	15.12361	23
4	--	0.861542	0.955129	3	15.98515	24
3	--	0.94372	0.981483	2	16.92887	25
2	--	1.475397	0.549865	3	17.47874	26
3	--	1.172559	0.516846	4	17.99559	27
4	--	0.607558	0.358481	5	18.35407	28
5	--	0.607495	0.742206	4	18.96157	29
4	--	0.754241	0.947095	3	19.71581	30
3	--	0.61002	0.624966	2	20.32583	31
2	--	1.592706	0.671081	3	20.99691	32
3	--	0.434964	1.204505	2	21.43187	33
2	--	1.282359	1.017173	3	22.44904	34
3	--	0.845539	0.898831	2	23.29458	35
2	--	0.960342	1.123613	1	24.25492	36
1	--	2.056286	0.950261	2	25.20518	37
2	--	1.160495	1.743136	1	26.36568	38
1	--	1.306054	2.359342	0	27.67173	39

test #23
7	--	0.906661	0.442484	8	0.44248	1
8	--	0.618	0.977539	7	1.06048	2
7	--	0.65649	0.449638	8	1.51012	3
8	--	1.748214	0.550109	9	2.06023	4
9	--	2.736233	1.307781	10	3.36801	5

test #24
7	--	0.577254	0.793271	6	0.57725	1
6	--	0.703414	1.045598	5	1.28066	2
5	--	0.976946	0.723358	6	2.00402	3
6	--	0.376425	1.146032	5	2.38045	4
5	--	0.418349	0.431225	4	2.7988	5
4	--	1.177354	1.177177	5	3.97598	6
5	--	0.349644	0.587442	4	4.32562	7
4	--	0.943966	0.626651	5	4.95227	8
5	--	1.0116	0.981403	6	5.93367	9
6	--	0.847932	0.712286	7	6.64596	10
7	--	0.435249	0.69202	6	7.08121	11
6	--	0.712305	0.774856	5	7.79351	12
5	--	1.041798	0.732533	6	8.52604	13
6	--	0.788767	0.723446	7	9.24949	14
7	--	0.783724	0.650709	8	9.9002	15
8	--	1.137342	0.930421	9	10.83062	16
9	--	1.801883	3.008337	8	12.6325	17
8	--	1.203863	1.770628	7	13.83636	18
7	--	0.975254	0.980501	6	14.81161	19
6	--	0.814234	0.487286	7	15.2989	20
7	--	1.306528	0.410712	8	15.70961	21
8	--	0.900223	1.736508	7	16.60983	22
7	--	0.845944	1.345712	6	17.45577	23
6	--	0.3489	0.47212	5	17.80467	24
5	--	0.630169	0.959477	4	18.43484	25
4	--	0.669437	1.019503	3	19.10428	26
3	--	1.258031	0.765199	4	19.86948	27
4	--	0.926547	0.567062	5	20.43654	28
5	--	0.713683	0.950113	4	21.15022	29
4	--	0.560466	0.516072	5	21.66629	30
5	--	0.425641	0.547766	4	22.09193	31
4	--	0.544762	0.421257	5	22.51319	32
5	--	0.487477	0.704134	4	23.00067	33
4	--	0.677979	0.393508	5	23.39418	34
5	--	0.33205	0.431582	4	23.72623	35
4	--	0.657244	0.717987	3	24.38347	36
3	--	0.919557	0.99847	2	25.30303	37
2	--	0.954994	1.74916	1	26.25802	38
1	--	2.165152	3.063665	0	28.42317	39

test #25
7	--	1.270882	0.658024	8	0.65802	1
8	--	0.558797	1.400535	7	1.21682	2
7	--	1.226071	1.022102	8	2.23892	3
8	--	1.451613	1.14633	9	3.38525	4
9	--	1.674427	2.994248	8	5.05968	5
8	--	0.770235	1.656959	7	5.82992	6
7	--	1.329036	0.614926	8	6.44485	7
8	--	0.849976	1.096148	7	7.29483	8
7	--	0.510022	0.595462	6	7.80485	9
6	--	0.864409	0.650617	7	8.45547	10
7	--	0.497668	0.932476	6	8.95314	11
6	--	1.012654	0.527741	7	9.48088	12
7	--	0.757818	0.982285	6	10.2387	13
6	--	0.767718	0.6952	7	10.9339	14
7	--	0.473001	0.846008	6	11.4069	15
6	--	0.48934	0.453007	7	11.85991	16
7	--	1.129537	0.522296	8	12.38221	17
8	--	1.284553	1.133947	9	13.51616	18
9	--	1.324331	1.368949	8	14.84049	19
8	--	1.107491	0.621707	9	15.4622	20
9	--	1.775154	3.068949	8	17.23735	21
8	--	1.7199	0.892915	9	18.13027	22
9	--	1.192861	2.111114	8	19.32313	23
8	--	1.579124	0.945514	9	20.26864	24
9	--	1.124612	1.629656	8	21.39325	25
8	--	1.111479	0.878467	9	22.27172	26
9	--	2.329994	2.092029	10	24.36375	27

test #26
7	--	0.391327	1.150352	6	0.39133	1
6	--	0.729879	0.5261	7	0.91743	2
7	--	0.752307	0.507302	8	1.42473	3
8	--	1.445429	0.991663	9	2.41639	4
9	--	1.000362	3.047882	8	3.41675	5
8	--	1.353158	1.46282	7	4.76991	6
7	--	0.509099	1.065837	6	5.27901	7
6	--	0.606118	0.691346	5	5.88513	8
5	--	0.823248	0.370016	6	6.25515	9
6	--	0.894256	0.534227	7	6.78938	10
7	--	0.404595	0.642308	6	7.19397	11
6	--	0.584987	0.597852	5	7.77896	12
5	--	0.48701	0.601841	4	8.26597	13
4	--	0.495808	1.046848	3	8.76178	14
3	--	0.82974	1.09403	2	9.59152	15
2	--	0.959994	1.185267	1	10.55151	16
1	--	1.460755	2.335147	0	12.01227	17

test #27
7	--	0.478191	1.034535	6	0.47819	1
6	--	0.368113	0.63676	5	0.8463	2
5	--	0.926647	0.604381	6	1.45068	3
6	--	0.372867	0.610834	5	1.82355	4
5	--	0.430818	0.356442	6	2.17999	5
6	--	0.602931	0.857276	5	2.78292	6
5	--	0.982668	0.723664	6	3.50658	7
6	--	0.855673	0.349314	7	3.85589	8
7	--	1.008751	0.73741	8	4.5933	9
8	--	0.913825	1.533752	7	5.50712	10
7	--	0.552318	1.033128	6	6.05944	11
6	--	0.900334	1.191736	5	6.95977	12
5	--	0.630255	0.863232	4	7.59003	13
4	--	0.422618	1.211909	3	8.01265	14
3	--	1.270391	1.058984	4	9.07163	15
4	--	0.478488	0.366504	5	9.43813	16
5	--	0.832187	0.739357	6	10.17749	17
6	--	0.430127	0.561536	5	10.60762	18
5	--	0.850818	0.540354	6	11.14797	19
6	--	0.822232	0.823714	5	11.9702	20
5	--	0.944547	0.613739	6	12.58394	21
6	--	0.799551	0.527976	7	13.11192	22
7	--	1.262983	1.117849	8	14.22977	23
8	--	0.536513	1.17854	7	14.76628	24
7	--	0.678906	0.843047	6	15.44519	25
6	--	0.531559	0.723565	5	15.97675	26
5	--	0.691771	0.749823	4	16.66852	27
4	--	0.798518	1.246044	3	17.46704	28
3	--	0.770944	0.501765	4	17.96881	29
4	--	0.51158	0.604865	3	18.48039	30
3	--	0.516603	0.733519	2	18.99699	31
2	--	0.587818	0.574664	3	19.57165	32
3	--	0.629068	1.397075	2	20.20072	33
2	--	0.939259	0.95165	1	21.13998	34
1	--	0.939223	2.904472	0	22.0792	35

test #28
7	--	0.698866	0.620967	8	0.62097	1
8	--	1.434218	1.121067	9	1.74204	2
9	--	1.454328	2.096366	8	3.19637	3
8	--	1.467052	0.528291	9	3.72466	4
9	--	2.755365	1.30621	10	5.03087	5

test #29
7	--	0.398917	0.647948	6	0.39892	1
6	--	0.5557	0.945172	5	0.95462	2
5	--	0.795919	0.481285	6	1.43591	3
6	--	0.48831	0.420099	7	1.85601	4
7	--	0.480511	1.409617	6	2.33652	5
6	--	1.011434	0.378625	7	2.71514	6
7	--	0.826207	0.406893	8	3.12203	7
8	--	0.709847	1.192448	7	3.83188	8
7	--	0.785776	0.40812	8	4.24	9
8	--	1.829592	1.030874	9	5.27087	10
9	--	1.236731	3.194365	8	6.5076	11
8	--	1.474671	1.007169	9	7.51477	12
9	--	1.342705	1.569089	8	8.85748	13
8	--	1.587348	1.683065	7	10.44483	14
7	--	1.138365	0.887417	8	11.33225	15
8	--	1.050575	1.323042	7	12.38283	16
7	--	1.256499	0.564473	8	12.9473	17
8	--	1.074573	0.849144	9	13.79644	18
9	--	1.259176	1.849449	8	15.05562	19
8	--	0.905664	0.756792	9	15.81241	20
9	--	1.202642	2.36855	8	17.01505	21
8	--	0.990144	0.550544	9	17.56559	22
9	--	1.07751	1.250996	8	18.6431	23
8	--	0.539977	0.880234	7	19.18308	24
7	--	0.545661	0.822491	6	19.72874	25
6	--	0.663215	0.807701	5	20.39195	26
5	--	0.963956	0.352049	6	20.744	27
6	--	0.622387	0.761491	5	21.36639	28
5	--	0.490606	0.638561	4	21.857	29
4	--	0.37242	0.784816	3	22.22942	30
3	--	1.142368	0.789987	4	23.01941	31
4	--	0.463806	0.347178	5	23.36659	32
5	--	1.019233	1.013369	6	24.37996	33
6	--	0.645162	0.960489	5	25.02512	34
5	--	0.862002	0.589382	6	25.6145	35
6	--	1.238001	0.393794	7	26.00829	36
7	--	0.873384	0.662797	8	26.67109	37
8	--	1.227203	0.90855	9	27.57964	38
9	--	0.915106	1.830072	8	28.49475	39
8	--	0.724793	1.740596	7	29.21954	40
7	--	0.717877	0.900144	6	29.93742	41
6	--	0.658598	0.684612	5	30.59602	42
5	--	0.500365	0.374667	6	30.97069	43
6	--	1.203876	1.093972	7	32.06466	44
7	--	0.762909	0.524018	8	32.58868	45
8	--	1.024694	1.782855	7	33.61337	46
7	--	1.357174	0.743205	8	34.35658	47
8	--	1.477571	1.614789	7	35.83415	48
7	--	0.49552	0.885075	6	36.32967	49
6	--	0.710696	0.664114	7	36.99378	50
7	--	0.406174	1.213352	6	37.39995	51
6	--	0.957785	0.817348	7	38.2173	52
7	--	1.05668	0.74905	8	38.96635	53
8	--	0.941997	1.236215	7	39.90835	54
7	--	1.201828	0.833599	8	40.74195	55
8	--	0.892801	1.336591	7	41.63475	56
7	--	0.680726	0.633246	8	42.268	57
8	--	1.358067	0.976091	9	43.24409	58
9	--	2.814372	2.828791	8	46.05846	59
8	--	0.716959	0.680358	9	46.73882	60
9	--	1.748709	1.995732	8	48.48753	61
8	--	0.890186	0.951601	7	49.37772	62
7	--	0.76634	0.769282	6	50.14406	63
6	--	0.784302	0.472522	7	50.61658	64
7	--	0.571413	0.885458	6	51.18799	65
6	--	0.717195	0.631586	7	51.81958	66
7	--	0.877932	0.768147	8	52.58773	67
8	--	1.387316	0.656722	9	53.24445	68
9	--	1.861826	1.469249	10	54.7137	69

test #30
7	--	0.791388	0.574023	8	0.57402	1
8	--	1.165017	1.415404	7	1.73904	2
7	--	0.575022	0.541502	8	2.28054	3
8	--	1.329845	0.520582	9	2.80112	4
9	--	2.111223	2.310535	8	4.91234	5
8	--	0.943225	0.737997	9	5.65034	6
9	--	2.170232	1.693942	10	7.34428	7

test #31
7	--	0.772558	1.228939	6	0.77256	1
6	--	1.131107	0.894452	7	1.66701	2
7	--	1.089586	0.769858	8	2.43687	3
8	--	0.690923	1.094332	7	3.12779	4
7	--	0.901011	1.319959	6	4.0288	5
6	--	0.384819	0.58583	5	4.41362	6
5	--	1.090953	0.486016	6	4.89964	7
6	--	1.23468	0.987826	7	5.88747	8
7	--	1.037989	1.125339	6	6.92546	9
6	--	0.690245	0.929052	5	7.6157	10
5	--	0.893436	0.969438	4	8.50914	11
4	--	0.922864	0.857291	5	9.36643	12
5	--	0.819521	0.4523	6	9.81873	13
6	--	0.958529	0.590749	7	10.40948	14
7	--	1.045653	0.774257	8	11.18374	15
8	--	1.064433	1.816058	7	12.24817	16
7	--	1.292733	0.761223	8	13.00939	17
8	--	1.771241	0.973364	9	13.98275	18
9	--	1.245292	2.503291	8	15.22804	19
8	--	1.490501	0.94098	9	16.16902	20
9	--	1.229949	2.909478	8	17.39897	21
8	--	0.553786	0.689597	7	17.95276	22
7	--	1.006481	0.899105	8	18.85187	23
8	--	1.080116	1.496861	7	19.93199	24
7	--	0.732902	0.596763	8	20.52875	25
8	--	1.620406	0.591787	9	21.12054	26
9	--	2.374676	1.697424	10	22.81796	27

test #32
7	--	0.927013	0.88953	8	0.88953	1
8	--	1.084811	1.483565	7	1.97434	2
7	--	1.386468	0.620512	8	2.59485	3
8	--	1.382514	1.559268	7	3.97736	4
7	--	0.725428	0.876065	6	4.70279	5
6	--	1.192371	0.846886	7	5.54968	6
7	--	0.464186	0.903605	6	6.01387	7
6	--	0.570227	0.66309	5	6.5841	8
5	--	1.097257	1.184508	4	7.68136	9
4	--	1.186894	0.352364	5	8.03372	10
5	--	0.538083	0.775243	4	8.5718	11
4	--	0.63966	0.655267	3	9.21146	12
3	--	0.425169	0.469308	2	9.63663	13
2	--	1.021532	1.402233	1	10.65816	14
1	--	1.371219	1.841383	0	12.02938	15

test #33
7	--	0.76239	1.285034	6	0.76239	1
6	--	1.059422	0.832192	7	1.59458	2
7	--	1.084612	0.451801	8	2.04638	3
8	--	1.408469	0.534573	9	2.58095	4
9	--	1.884759	2.858954	8	4.46571	5
8	--	0.849585	0.942832	7	5.3153	6
7	--	0.441437	1.068393	6	5.75674	7
6	--	0.51206	1.102241	5	6.2688	8
5	--	1.15874	1.019464	6	7.28826	9
6	--	0.766043	0.676678	7	7.96494	10
7	--	0.460973	0.642463	6	8.42591	11
6	--	0.810508	0.543163	7	8.96907	12
7	--	0.530045	1.244668	6	9.49911	13
6	--	0.644592	0.943968	5	10.1437	14
5	--	0.518927	0.598807	4	10.66263	15
4	--	0.431343	0.566473	3	11.09397	16
3	--	1.088054	0.622551	4	11.71652	17
4	--	0.566498	0.928648	3	12.28302	18
3	--	0.747626	1.371054	2	13.03065	19
2	--	1.41052	1.38977	3	14.42042	20
3	--	0.647336	0.497821	4	14.91824	21
4	--	0.572556	1.116669	3	15.4908	22
3	--	1.204454	0.850856	4	16.34166	23
4	--	0.439085	0.449996	3	16.78075	24
3	--	0.661101	1.397749	2	17.44185	25
2	--	1.47874	0.900322	3	18.34217	26
3	--	0.665262	0.919001	2	19.00743	27
2	--	0.961529	1.086841	1	19.96896	28
1	--	2.846144	1.201628	2	21.17059	29
2	--	0.754671	1.577835	1	21.92526	30
1	--	2.646507	2.627777	2	24.55304	31
2	--	0.932936	1.845187	1	25.48598	32
1	--	1.949352	2.083473	0	27.43533	33

test #34
7	--	1.38747	0.889553	8	0.88955	1
8	--	0.917859	1.199512	7	1.80741	2
7	--	0.82269	0.575581	8	2.38299	3
8	--	1.245789	1.106802	9	3.48979	4
9	--	1.214511	1.507347	8	4.7043	5
8	--	0.5496	1.120933	7	5.2539	6
7	--	0.856859	0.906601	6	6.11076	7
6	--	1.005182	0.741107	7	6.85187	8
7	--	0.413275	1.271864	6	7.26515	9
6	--	0.598363	1.244412	5	7.86351	10
5	--	0.513239	0.429698	6	8.29321	11
6	--	0.841774	1.056708	5	9.13498	12
5	--	0.414413	1.176603	4	9.54939	13
4	--	0.450093	0.495429	3	9.99948	14
3	--	1.071019	1.204209	2	11.0705	15
2	--	1.070898	0.820981	3	11.89148	16
3	--	1.005424	0.629755	4	12.52123	17
4	--	0.754733	0.54467	5	13.0659	18
5	--	0.669326	0.855456	4	13.73523	19
4	--	0.655202	0.601108	5	14.33634	20
5	--	0.37704	0.772988	4	14.71338	21
4	--	0.798771	1.243336	3	15.51215	22
3	--	1.152898	0.859398	4	16.37155	23
4	--	1.183205	1.103028	5	17.47458	24
5	--	0.410729	1.095469	4	17.88531	25
4	--	0.451424	0.600334	3	18.33673	26
3	--	0.847036	0.659276	4	18.99601	27
4	--	0.357305	0.936937	3	19.35331	28
3	--	1.056569	0.421345	4	19.77466	29
4	--	0.482726	0.73018	3	20.25739	30
3	--	0.931744	1.417127	2	21.18913	31
2	--	1.344375	1.476487	1	22.53351	32
1	--	3.042142	3.109716	0	25.57565	33

test #35
7	--	0.5168	0.703676	6	0.5168	1
6	--	0.907974	1.113358	5	1.42477	2
5	--	0.626404	0.416668	6	1.84144	3
6	--	0.834441	0.64645	7	2.48789	4
7	--	0.85157	0.756654	8	3.24454	5
8	--	0.871136	1.281245	7	4.11568	6
7	--	0.930858	0.752949	8	4.86863	7
8	--	1.293768	1.227455	9	6.09608	8
9	--	1.614282	2.486627	8	7.71036	9
8	--	1.193322	1.4179	7	8.90368	10
7	--	1.007652	0.71051	8	9.61419	11
8	--	0.776348	0.933166	7	10.39054	12
7	--	0.867074	0.425566	8	10.81611	13
8	--	1.168435	1.250692	7	11.98454	14
7	--	0.960927	0.913884	8	12.89842	15
8	--	0.761878	0.805368	7	13.6603	16
7	--	0.487474	1.058578	6	14.14777	17
6	--	0.390065	1.210668	5	14.53783	18
5	--	0.447512	1.170673	4	14.98534	19
4	--	0.501723	0.59982	3	15.48706	20
3	--	0.847262	0.677528	4	16.16459	21
4	--	0.472655	0.784468	3	16.63724	22
3	--	1.190099	0.615356	4	17.2526	23
4	--	0.542066	0.618964	3	17.79467	24
3	--	1.088502	1.300365	2	18.88317	25
2	--	1.570612	1.179471	3	20.06264	26
3	--	1.159325	1.321557	2	21.22196	27
2	--	1.526306	0.897358	3	22.11932	28
3	--	0.466377	0.680161	2	22.5857	29
2	--	0.909849	0.777003	3	23.3627	30
3	--	1.304456	0.737742	4	24.10044	31
4	--	0.577625	0.373875	5	24.47432	32
5	--	0.844338	0.554588	6	25.02891	33
6	--	0.357123	0.617624	5	25.38603	34
5	--	0.769088	0.385971	6	25.772	35
6	--	0.697689	0.49926	7	26.27126	36
7	--	0.623695	1.173176	6	26.89495	37
6	--	0.782807	0.510326	7	27.40528	38
7	--	1.12515	1.273338	6	28.53043	39
6	--	0.896531	0.401033	7	28.93146	40
7	--	0.587726	0.719787	6	29.51919	41
6	--	1.204015	0.45194	7	29.97113	42
7	--	0.949041	1.038242	6	30.92017	43
6	--	0.681187	0.646988	7	31.56716	44
7	--	0.458231	0.448467	8	32.01563	45
8	--	0.583656	0.544999	9	32.56063	46
9	--	1.36779	2.955677	8	33.92842	47
8	--	1.60787	0.875192	9	34.80361	48
9	--	1.506238	1.351523	10	36.15513	49

test #36
7	--	1.348977	0.631234	8	0.63123	1
8	--	0.88389	1.020531	7	1.51512	2
7	--	0.544968	0.658646	6	2.06009	3
6	--	1.240629	0.811144	7	2.87123	4
7	--	1.01256	0.44505	8	3.31628	5
8	--	0.762953	1.621271	7	4.07923	6
7	--	0.710511	0.837545	6	4.78974	7
6	--	0.581703	0.543241	7	5.33298	8
7	--	0.998176	0.718845	8	6.05182	9
8	--	0.655819	1.285368	7	6.70764	10
7	--	1.367032	0.548688	8	7.25633	11
8	--	1.623502	0.852361	9	8.10869	12
9	--	1.148822	1.330189	8	9.25751	13
8	--	0.804653	1.183883	7	10.06216	14
7	--	0.825483	0.84038	6	10.88764	15
6	--	0.892876	0.973605	5	11.78052	16
5	--	0.447963	0.349503	6	12.13002	17
6	--	0.635849	1.204052	5	12.76587	18
5	--	0.902569	0.590354	6	13.35622	19
6	--	1.156344	0.79536	7	14.15158	20
7	--	0.402992	0.607074	6	14.55457	21
6	--	0.401109	0.732567	5	14.95568	22
5	--	0.509533	0.48574	6	15.44142	23
6	--	0.671774	0.429245	7	15.87066	24
7	--	0.57589	1.187125	6	16.44655	25
6	--	0.490524	0.995943	5	16.93707	26
5	--	0.581353	0.511371	6	17.44844	27
6	--	0.530104	0.493643	7	17.94208	28
7	--	1.141617	1.203399	6	19.0837	29
6	--	0.521922	0.563302	5	19.60562	30
5	--	0.464578	0.769405	4	20.0702	31
4	--	0.790457	0.577154	5	20.64735	32
5	--	0.737174	0.96506	4	21.38452	33
4	--	0.996632	0.383223	5	21.76774	34
5	--	0.511458	0.53712	4	22.2792	35
4	--	0.426666	0.679022	3	22.70587	36
3	--	1.164018	0.964136	4	23.67001	37
4	--	0.687788	1.098283	3	24.3578	38
3	--	1.034978	1.28647	2	25.39278	39
2	--	1.303328	1.605691	1	26.69611	40
1	--	0.949336	1.299105	0	27.64545	41

test #37
7	--	0.441351	0.519655	6	0.44135	1
6	--	0.621318	0.940406	5	1.06267	2
5	--	0.445741	0.419594	6	1.48226	3
6	--	0.572034	0.935631	5	2.05429	4
5	--	0.86785	0.362102	6	2.41639	5
6	--	0.402458	0.35683	7	2.77322	6
7	--	1.104962	0.702585	8	3.47581	7
8	--	0.584691	0.917825	7	4.0605	8
7	--	1.210228	0.9464	8	5.0069	9
8	--	1.213428	0.786804	9	5.7937	10
9	--	1.869578	2.469381	8	7.66328	11
8	--	0.611102	1.570115	7	8.27438	12
7	--	0.900204	1.348638	6	9.17458	13
6	--	1.118854	0.575784	7	9.75036	14
7	--	0.898774	1.348735	6	10.64913	15
6	--	0.721026	1.001752	5	11.37016	16
5	--	0.361419	0.383971	4	11.73158	17
4	--	0.930033	0.341886	5	12.07347	18
5	--	0.473873	0.556293	4	12.54734	19
4	--	0.642265	0.509954	5	13.05729	20
5	--	0.912071	0.791675	6	13.84897	21
6	--	0.787573	0.568658	7	14.41763	22
7	--	0.857226	0.437562	8	14.85519	23
8	--	0.939222	0.535594	9	15.39078	24
9	--	1.438594	2.48396	8	16.82937	25
8	--	1.448182	0.707334	9	17.5367	26
9	--	1.784057	1.465277	10	19.00198	27

test #38
7	--	0.57774	0.906336	6	0.57774	1
6	--	0.979125	0.375959	7	0.9537	2
7	--	0.977015	0.773488	8	1.72719	3
8	--	1.047902	0.930619	9	2.65781	4
9	--	1.546202	1.193523	10	3.85133	5

test #39
7	--	0.988875	0.931641	8	0.93164	1
8	--	0.66599	1.781929	7	1.59763	2
7	--	1.050476	0.90047	8	2.4981	3
8	--	0.576431	1.362779	7	3.07453	4
7	--	0.856191	0.654469	8	3.729	5
8	--	1.548532	1.478839	9	5.20784	6
9	--	2.948842	1.101235	10	6.30907	7

test #40
7	--	0.404116	1.262474	6	0.40412	1
6	--	0.993022	0.451158	7	0.85528	2
7	--	0.396141	0.813852	6	1.25142	3
6	--	0.402591	0.906175	5	1.65401	4
5	--	0.981711	0.847833	6	2.50184	5
6	--	1.2184	0.591934	7	3.09377	6
7	--	1.352732	1.13222	8	4.22599	7
8	--	1.370204	0.899247	9	5.12524	8
9	--	1.214144	2.577578	8	6.33938	9
8	--	1.031914	1.323563	7	7.37129	10
7	--	0.519421	1.389752	6	7.89071	11
6	--	1.02623	0.347313	7	8.23802	12
7	--	0.562861	1.202047	6	8.80088	13
6	--	1.180012	0.95295	7	9.75383	14
7	--	0.82844	0.762925	8	10.51675	15
8	--	1.825503	0.706418	9	11.22317	16
9	--	1.257104	1.876549	8	12.48027	17
8	--	1.370504	1.608982	7	13.85077	18
7	--	0.70043	0.648509	8	14.49928	19
8	--	0.878435	1.436675	7	15.37771	20
7	--	0.938568	1.037181	6	16.31628	21
6	--	0.495198	0.621636	5	16.81148	22
5	--	0.84979	0.906263	4	17.66127	23
4	--	1.108964	0.487294	5	18.14856	24
5	--	0.876836	0.440429	6	18.58899	25
6	--	0.81054	1.167319	5	19.39953	26
5	--	0.605736	0.722029	4	20.00527	27
4	--	1.005339	0.570077	5	20.57535	28
5	--	0.814014	0.496744	6	21.07209	29
6	--	0.471228	0.567398	5	21.54332	30
5	--	0.456028	0.937703	4	21.99935	31
4	--	0.887938	0.398158	5	22.39751	32
5	--	0.469037	0.745748	4	22.86655	33
4	--	0.563001	0.442518	5	23.30907	34
5	--	0.884844	0.498743	6	23.80781	35
6	--	1.126001	0.532737	7	24.34055	36
7	--	0.888573	0.918828	6	25.22912	37
6	--	0.974046	0.357212	7	25.58633	38
7	--	1.317437	0.641616	8	26.22795	39
8	--	1.398057	1.578609	7	27.62601	40
7	--	0.909137	0.929516	6	28.53515	41
6	--	0.887615	0.399604	7	28.93475	42
7	--	0.897681	1.386176	6	29.83243	43
6	--	0.82104	1.01877	5	30.65347	44
5	--	0.485724	1.006351	4	31.13919	45
4	--	0.68025	0.933403	3	31.81944	46
3	--	1.057022	0.899235	4	32.71868	47
4	--	0.555737	0.429805	5	33.14848	48
5	--	0.717079	0.979709	4	33.86556	49
4	--	1.245232	1.031161	5	34.89672	50
5	--	0.48263	0.899333	4	35.37935	51
4	--	0.914466	0.595296	5	35.97465	52
5	--	0.487229	0.619743	4	36.46188	53
4	--	0.821561	1.197969	3	37.28344	54
3	--	0.491631	1.315759	2	37.77507	55
2	--	1.236	0.816218	3	38.59129	56
3	--	1.131052	0.590702	4	39.18199	57
4	--	1.030742	0.681754	5	39.86374	58
5	--	0.545149	0.553449	4	40.40889	59
4	--	0.448226	0.364603	5	40.77349	60
5	--	0.378081	0.793115	4	41.15157	61
4	--	0.464537	0.520945	3	41.61611	62
3	--	0.671052	0.906505	2	42.28716	63
2	--	1.199277	1.209232	1	43.48644	64
1	--	2.435223	2.266405	2	45.75284	65
2	--	1.295645	1.02563	3	46.77847	66
3	--	0.488173	0.612303	2	47.26664	67
2	--	0.701594	1.420721	1	47.96823	68
1	--	2.312356	3.142376	0	50.28059	69

test #41
7	--	0.918992	1.313866	6	0.91899	1
6	--	0.646947	0.438722	7	1.35771	2
7	--	0.797294	1.099468	6	2.155	3
6	--	0.542725	0.572315	5	2.69773	4
5	--	0.435924	0.509945	4	3.13365	5
4	--	0.549329	0.724123	3	3.68298	6
3	--	0.906762	1.320234	2	4.58974	7
2	--	1.682406	0.987454	3	5.57719	8
3	--	0.946623	0.931551	4	6.50874	9
4	--	0.427726	1.160876	3	6.93647	10
3	--	1.021313	0.840301	4	7.77677	11
4	--	0.540232	0.826091	3	8.317	12
3	--	0.646491	0.570078	4	8.88708	13
4	--	0.772282	0.610575	5	9.49765	14
5	--	0.904978	0.515941	6	10.01359	15
6	--	0.438819	0.437055	7	10.45065	16
7	--	0.916979	0.66602	8	11.11667	17
8	--	0.798401	0.844353	7	11.91507	18
7	--	0.993645	0.755336	8	12.67041	19
8	--	0.615447	1.542104	7	13.28586	20
7	--	0.578981	0.902107	6	13.86484	21
6	--	1.060343	0.37223	7	14.23707	22
7	--	0.479504	1.122185	6	14.71657	23
6	--	0.760757	0.662923	7	15.37949	24
7	--	0.542487	1.367897	6	15.92198	25
6	--	0.595628	0.414669	7	16.33665	26
7	--	0.841125	0.671734	8	17.00838	27
8	--	0.576983	0.729893	7	17.58536	28
7	--	0.50574	0.482908	8	18.06827	29
8	--	0.513967	1.053229	7	18.58224	30
7	--	0.508557	1.172051	6	19.0908	31
6	--	0.419866	0.483326	5	19.51067	32
5	--	0.440201	0.74046	4	19.95087	33
4	--	0.675229	1.067071	3	20.6261	34
3	--	1.371955	1.262788	4	21.88889	35
4	--	0.614044	0.75455	3	22.50293	36
3	--	0.782834	0.403891	4	22.90682	37
4	--	1.005411	0.671115	5	23.57794	38
5	--	1.007102	0.411018	6	23.98896	39
6	--	0.714388	0.583946	7	24.57291	40
7	--	0.610669	0.488471	8	25.06138	41
8	--	1.416739	1.479202	7	26.47812	42
7	--	0.505878	0.481494	8	26.95961	43
8	--	1.141819	0.567511	9	27.52712	44
9	--	1.910603	2.230405	8	29.43772	45
8	--	0.887956	1.076007	7	30.32568	46
7	--	0.610155	0.545069	8	30.87075	47
8	--	0.725427	1.40923	7	31.59618	48
7	--	0.877813	1.075677	6	32.47399	49
6	--	1.028557	1.239353	5	33.50255	50
5	--	0.530188	0.841363	4	34.03274	51
4	--	0.995718	0.735939	5	34.76868	52
5	--	0.680908	0.713653	4	35.44959	53
4	--	0.646768	0.45198	5	35.90157	54
5	--	1.110259	0.471265	6	36.37283	55
6	--	1.209608	0.561584	7	36.93441	56
7	--	0.740645	0.606288	8	37.5407	57
8	--	1.102678	1.192592	7	38.64338	58
7	--	0.453937	0.920229	6	39.09732	59
6	--	1.004442	0.657054	7	39.75437	60
7	--	0.432448	1.290707	6	40.18682	61
6	--	0.92315	1.110858	5	41.10997	62
5	--	0.522506	0.551855	4	41.63248	63
4	--	0.750958	0.519074	5	42.15155	64
5	--	0.69273	0.876534	4	42.84428	65
4	--	0.558547	0.779978	3	43.40283	66
3	--	0.55307	0.678097	2	43.9559	67
2	--	1.388485	0.867035	3	44.82294	68
3	--	1.061609	1.239737	2	45.88455	69
2	--	0.89724	1.368526	1	46.78179	70
1	--	3.013261	1.29737	2	48.07916	71
2	--	0.549396	1.003255	1	48.62856	72
1	--	1.111435	2.939673	0	49.73999	73

test #42
7	--	0.994644	0.52539	8	0.52539	1
8	--	0.844017	0.578374	9	1.10376	2
9	--	2.773393	1.325812	10	2.42957	3

test #43
7	--	1.103782	1.099532	8	1.09953	1
8	--	0.683918	1.580516	7	1.78345	2
7	--	0.537499	0.824179	6	2.32095	3
6	--	0.404788	0.673844	5	2.72574	4
5	--	1.004339	0.713559	6	3.4393	5
6	--	0.734404	0.635608	7	4.07491	6
7	--	1.319285	0.934065	8	5.00898	7
8	--	1.564364	0.919031	9	5.92801	8
9	--	1.931905	2.384336	8	7.85991	9
8	--	1.466191	1.37814	9	9.23805	10
9	--	1.573677	2.933024	8	10.81173	11
8	--	0.669583	0.850515	7	11.48131	12
7	--	0.429823	0.608179	6	11.91113	13
6	--	0.895585	0.585615	7	12.49674	14
7	--	0.539786	0.630353	6	13.03653	15
6	--	0.370784	0.354032	7	13.39056	16
7	--	0.47717	0.745788	6	13.86773	17
6	--	0.515555	0.457775	7	14.3255	18
7	--	0.704221	0.7317	6	15.02972	19
6	--	0.657744	0.898445	5	15.68746	20
5	--	0.629001	1.180041	4	16.31646	21
4	--	1.239469	0.748631	5	17.06509	22
5	--	0.546909	0.851765	4	17.612	23
4	--	0.392745	1.116303	3	18.00475	24
3	--	0.654024	0.617251	4	18.622	25
4	--	0.750586	0.360223	5	18.98222	26
5	--	0.905202	0.474486	6	19.45671	27
6	--	0.684664	0.53917	7	19.99588	28
7	--	1.15679	1.32797	6	21.15267	29
6	--	0.547708	1.028505	5	21.70038	30
5	--	0.620231	0.920737	4	22.32061	31
4	--	0.460026	0.92695	3	22.78064	32
3	--	1.286459	1.184808	4	23.96545	33
4	--	0.669673	0.354082	5	24.31953	34
5	--	0.489444	0.58582	4	24.80897	35
4	--	0.405871	0.681837	3	25.21484	36
3	--	0.786617	0.44511	4	25.65995	37
4	--	0.790378	0.660738	5	26.32069	38
5	--	0.845006	0.427496	6	26.74819	39
6	--	0.597412	1.162544	5	27.3456	40
5	--	0.451561	0.516224	4	27.79716	41
4	--	0.47973	0.590929	3	28.27689	42
3	--	0.553845	1.219297	2	28.83074	43
2	--	0.792478	0.814087	1	29.62322	44
1	--	1.594797	1.780897	0	31.21802	45

test #44
7	--	0.948158	1.082154	6	0.94816	1
6	--	0.767219	0.943704	5	1.71538	2
5	--	0.877521	0.60141	6	2.31679	3
6	--	0.696211	1.092915	5	3.013	4
5	--	1.189889	0.515324	6	3.52832	5
6	--	1.109592	0.713704	7	4.24202	6
7	--	0.499571	0.586475	6	4.74159	7
6	--	0.553652	1.165459	5	5.29524	8
5	--	0.950487	1.079355	4	6.24573	9
4	--	0.58655	0.864	3	6.83228	10
3	--	1.056984	1.340878	2	7.88926	11
2	--	1.110462	1.344183	1	8.99972	12
1	--	1.311269	2.330645	0	10.31099	13

test #45
7	--	0.63829	0.84681	6	0.63829	1
6	--	0.415756	1.022662	5	1.05405	2
5	--	0.39563	0.515335	4	1.44968	3
4	--	0.702208	0.585979	5	2.03566	4
5	--	0.714075	1.157233	4	2.74974	5
4	--	0.549449	0.66822	3	3.29919	6
3	--	1.362436	0.395918	4	3.69511	7
4	--	0.676083	0.418625	5	4.11374	8
5	--	1.038648	0.549524	6	4.66326	9
6	--	0.47235	0.565131	5	5.13561	10
5	--	0.546444	0.330769	6	5.46638	11
6	--	0.351395	0.891257	5	5.81778	12
5	--	0.907002	0.949384	4	6.72478	13
4	--	0.365513	0.632429	3	7.09029	14
3	--	1.002317	0.489679	4	7.57997	15
4	--	0.500028	0.859574	3	8.08	16
3	--	0.693804	1.188818	2	8.7738	17
2	--	0.583386	1.154053	1	9.35719	18
1	--	1.688136	2.093094	0	11.04533	19

test #46
7	--	0.648131	0.611219	8	0.61122	1
8	--	0.791421	0.737646	9	1.34887	2
9	--	1.895757	1.523802	10	2.87267	3

test #47
7	--	0.508756	0.847134	6	0.50876	1
6	--	0.611406	0.388043	7	0.8968	2
7	--	0.847918	1.157905	6	1.74472	3
6	--	1.038869	0.948231	7	2.69295	4
7	--	1.251023	0.811967	8	3.50492	5
8	--	1.818301	1.338273	9	4.84319	6
9	--	1.638017	1.575653	10	6.41884	7

test #48
7	--	0.670978	1.328826	6	0.67098	1
6	--	0.829141	0.99167	5	1.50012	2
5	--	0.373539	0.788124	4	1.87366	3
4	--	0.469232	0.466092	5	2.33975	4
5	--	0.35837	0.654701	4	2.69812	5
4	--	1.203519	0.598374	5	3.29649	6
5	--	0.421581	0.624862	4	3.71807	7
4	--	0.497058	0.538793	3	4.21513	8
3	--	0.888044	0.3947	4	4.60983	9
4	--	0.515415	0.388106	5	4.99794	10
5	--	0.396453	0.603735	4	5.39439	11
4	--	0.70602	0.401917	5	5.79631	12
5	--	0.974247	0.70865	6	6.50496	13
6	--	0.866336	1.133754	5	7.3713	14
5	--	0.715975	0.351937	6	7.72324	15
6	--	0.916256	0.578252	7	8.30149	16
7	--	0.415401	0.959646	6	8.71689	17
6	--	1.196388	1.188208	7	9.9051	18
7	--	0.481564	0.729387	6	10.38666	19
6	--	0.869323	0.899585	5	11.25598	20
5	--	0.3489	0.4245	4	11.60488	21
4	--	0.650351	1.097861	3	12.25523	22
3	--	0.832465	0.469147	4	12.72438	23
4	--	0.381533	0.883	3	13.10591	24
3	--	0.921557	1.078135	2	14.02747	25
2	--	1.573921	1.806119	1	15.60139	26
1	--	1.938537	1.639281	2	17.24067	27
2	--	0.851705	1.091794	1	18.09238	28
1	--	2.877125	1.305693	2	19.39807	29
2	--	1.23926	0.971923	3	20.36999	30
3	--	1.359235	1.102606	4	21.4726	31
4	--	0.525183	1.015093	3	21.99778	32
3	--	0.948468	1.226225	2	22.94625	33
2	--	1.13129	1.765122	1	24.07754	34
1	--	1.437282	1.036942	2	25.11448	35
2	--	0.784685	1.282076	1	25.89916	36
1	--	1.485744	1.18987	2	27.08903	37
2	--	1.383964	0.766046	3	27.85508	38
3	--	0.958564	0.84953	4	28.70461	39
4	--	0.782019	1.030858	3	29.48663	40
3	--	0.98754	0.581082	4	30.06771	41
4	--	0.790518	0.559722	5	30.62743	42
5	--	0.854967	0.762505	6	31.38993	43
6	--	0.350369	0.89548	5	31.7403	44
5	--	0.646396	0.51812	6	32.25842	45
6	--	0.630057	0.968947	5	32.88848	46
5	--	0.651466	0.855863	4	33.53995	47
4	--	0.67176	0.939613	3	34.21171	48
3	--	1.291675	1.037374	4	35.24908	49
4	--	0.907992	0.422588	5	35.67167	50
5	--	0.653956	1.168161	4	36.32563	51
4	--	0.555299	0.684902	3	36.88093	52
3	--	1.215977	0.706031	4	37.58696	53
4	--	0.953973	0.928258	5	38.51522	54
5	--	0.540441	0.347606	6	38.86283	55
6	--	0.399953	0.841046	5	39.26278	56
5	--	1.121331	0.701986	6	39.96477	57
6	--	0.639279	0.70707	5	40.60405	58
5	--	0.393874	0.408959	4	40.99792	59
4	--	0.677623	1.18791	3	41.67554	60
3	--	0.486196	0.871647	2	42.16174	61
2	--	0.565501	0.787663	1	42.72724	62
1	--	3.025003	1.210014	2	43.93725	63
2	--	1.495344	0.950552	3	44.8878	64
3	--	0.924237	0.811908	4	45.69971	65
4	--	0.750535	0.516329	5	46.21604	66
5	--	1.000997	0.654975	6	46.87101	67
6	--	0.768077	0.392302	7	47.26331	68
7	--	0.54406	1.122557	6	47.80737	69
6	--	0.442471	1.061554	5	48.24984	70
5	--	0.46257	0.767119	4	48.71241	71
4	--	0.727646	1.013212	3	49.44006	72
3	--	0.645838	0.633207	4	50.07327	73
4	--	1.045781	0.370964	5	50.44423	74
5	--	0.614063	0.516988	6	50.96122	75
6	--	0.657434	0.8596	5	51.61865	76
5	--	0.377332	0.555293	4	51.99598	77
4	--	0.378053	0.994725	3	52.37403	78
3	--	0.791331	0.525955	4	52.89998	79
4	--	0.731695	1.164906	3	53.63167	80
3	--	0.479324	0.98581	2	54.11099	81
2	--	1.235463	1.29553	1	55.34645	82
1	--	1.545909	1.506456	2	56.85291	83
2	--	0.585997	0.535147	3	57.38806	84
3	--	0.903687	0.909661	2	58.29175	85
2	--	0.688766	0.994182	1	58.98052	86
1	--	2.047372	1.597091	2	60.57761	87
2	--	0.91679	0.676628	3	61.25424	88
3	--	1.159782	1.021947	4	62.27619	89
4	--	0.782235	1.079356	3	63.05843	90
3	--	0.500403	1.05661	2	63.55883	91
2	--	1.478878	0.619517	3	64.17835	92
3	--	0.706546	1.39872	2	64.8849	93
2	--	0.870411	1.161586	1	65.75531	94
1	--	0.967753	1.523193	0	66.72306	95

test #49
7	--	0.424537	0.708795	6	0.42454	1
6	--	0.882537	0.882702	5	1.30708	2
5	--	0.525901	0.675438	4	1.83298	3
4	--	1.003778	1.128968	3	2.83676	4
3	--	0.648149	1.229811	2	3.48491	5
2	--	1.536472	1.356587	3	4.8415	6
3	--	0.81307	0.94088	2	5.65457	7
2	--	1.229952	0.571403	3	6.22597	8
3	--	0.714384	0.432573	4	6.65854	9
4	--	0.368382	0.385667	3	7.02692	10
3	--	1.307151	0.925635	4	7.95255	11
4	--	0.768049	0.57586	5	8.52841	12
5	--	1.133448	0.91049	6	9.4389	13
6	--	0.770665	0.414166	7	9.85307	14
7	--	0.965388	1.333068	6	10.81846	15
6	--	0.490726	0.49603	5	11.30919	16
5	--	0.383033	0.776923	4	11.69222	17
4	--	0.649698	0.724433	3	12.34192	18
3	--	0.88559	0.932373	2	13.22751	19
2	--	0.862348	0.914737	1	14.08986	20
1	--	3.088394	2.028611	2	16.11847	21
2	--	0.694454	1.850121	1	16.81292	22
1	--	1.208053	2.587908	0	18.02097	23

test #50
7	--	0.42259	0.783883	6	0.42259	1
6	--	0.390048	1.057602	5	0.81264	2
5	--	0.822299	0.734892	6	1.54753	3
6	--	0.811831	0.91568	5	2.35936	4
5	--	0.60166	1.144035	4	2.96102	5
4	--	0.957315	0.535018	5	3.49604	6
5	--	0.957909	0.37603	6	3.87207	7
6	--	0.977229	0.399569	7	4.27164	8
7	--	0.750886	0.508524	8	4.78016	9
8	--	0.524824	0.867824	7	5.30498	10
7	--	0.847082	0.649178	8	5.95416	11
8	--	1.14929	1.383131	7	7.10345	12
7	--	0.701592	1.164997	6	7.80504	13
6	--	0.837605	0.715397	7	8.52044	14
7	--	1.367453	0.469548	8	8.98999	15
8	--	0.605515	0.756549	7	9.59551	16
7	--	0.666064	1.279861	6	10.26157	17
6	--	1.215956	0.636721	7	10.89829	18
7	--	0.958778	1.338863	6	11.85707	19
6	--	1.038795	1.028081	7	12.88515	20
7	--	1.04129	0.697555	8	13.58271	21
8	--	1.059087	1.767516	7	14.6418	22
7	--	0.50328	0.928722	6	15.14508	23
6	--	0.408717	0.732337	5	15.5538	24
5	--	0.641762	0.454072	6	16.00787	25
6	--	0.611064	0.392595	7	16.40047	26
7	--	0.979118	0.390975	8	16.79145	27
8	--	0.870307	0.653808	9	17.44526	28
9	--	1.451857	1.526713	8	18.89712	29
8	--	0.848194	0.727736	9	19.62486	30
9	--	1.484722	2.999412	8	21.10958	31
8	--	0.674085	1.115116	7	21.78367	32
7	--	0.595759	0.621382	6	22.37943	33
6	--	0.427194	0.451246	5	22.80662	34
5	--	0.942354	0.888316	6	23.69494	35
6	--	0.5177	0.686024	5	24.21264	36
5	--	0.536486	0.567362	4	24.74913	37
4	--	0.983019	0.908836	5	25.65797	38
5	--	0.838314	0.554774	6	26.21274	39
6	--	0.682729	0.355595	7	26.56833	40
7	--	1.104924	1.023186	8	27.59152	41
8	--	1.028515	0.646594	9	28.23811	42
9	--	1.015858	1.94704	8	29.25397	43
8	--	0.922867	0.560602	9	29.81457	44
9	--	1.703691	3.119825	8	31.51826	45
8	--	1.463176	1.604466	7	32.98144	46
7	--	0.833703	0.776844	8	33.75828	47
8	--	0.694212	1.159594	7	34.45249	48
7	--	0.438175	0.440169	6	34.89066	49
6	--	0.49946	0.952262	5	35.39012	50
5	--	0.9766	0.392508	6	35.78263	51
6	--	0.953827	0.63651	7	36.41914	52
7	--	0.973671	0.525673	8	36.94481	53
8	--	1.348334	1.056863	9	38.00167	54
9	--	3.013813	1.027181	10	39.02885	55

test #51
7	--	0.566594	1.124116	6	0.56659	1
6	--	0.366343	0.643687	5	0.93293	2
5	--	0.488415	1.070918	4	1.42134	3
4	--	0.630485	0.734283	3	2.05182	4
3	--	0.886109	1.199544	2	2.93793	5
2	--	0.770122	0.959065	1	3.70805	6
1	--	2.564668	3.206675	0	6.27272	7

test #52
7	--	0.621137	0.58122	8	0.58122	1
8	--	1.467128	1.020498	9	1.60172	2
9	--	1.797475	2.616323	8	3.39919	3
8	--	1.770012	1.15008	9	4.54927	4
9	--	2.221303	2.701761	8	6.77057	5
8	--	1.806505	0.691507	9	7.46208	6
9	--	1.60782	3.288231	8	9.0699	7
8	--	1.556272	0.821044	9	9.89094	8
9	--	1.772565	1.157665	10	11.0486	9

test #53
7	--	0.998567	1.149132	6	0.99857	1
6	--	0.530261	0.357369	7	1.35594	2
7	--	1.311037	0.517748	8	1.87369	3
8	--	1.58947	1.535051	9	3.40874	4
9	--	2.492082	1.401816	10	4.81056	5

test #54
7	--	0.593844	0.968983	6	0.59384	1
6	--	0.927302	0.425668	7	1.01951	2
7	--	0.724342	1.319224	6	1.74385	3
6	--	0.671172	0.622184	7	2.36603	4
7	--	1.298472	0.911566	8	3.2776	5
8	--	0.794776	0.935816	7	4.07238	6
7	--	0.798747	1.389422	6	4.87113	7
6	--	0.363084	0.752514	5	5.23421	8
5	--	0.959072	0.487219	6	5.72143	9
6	--	0.374163	0.939923	5	6.09559	10
5	--	0.627577	0.362054	6	6.45764	11
6	--	0.378892	0.376559	7	6.8342	12
7	--	1.264047	0.656919	8	7.49112	13
8	--	0.971034	1.461667	7	8.46215	14
7	--	1.227033	0.677958	8	9.14011	15
8	--	0.898154	0.632675	9	9.77278	16
9	--	1.93033	1.468798	10	11.24158	17

test #55
7	--	1.039674	1.130092	6	1.03967	1
6	--	0.365473	0.404158	5	1.40514	2
5	--	0.959412	0.547602	6	1.95274	3
6	--	0.769138	0.785972	5	2.72188	4
5	--	0.660524	1.114768	4	3.3824	5
4	--	1.001701	0.541816	5	3.92422	6
5	--	0.823882	0.85578	4	4.7481	7
4	--	0.524121	0.99384	3	5.27222	8
3	--	0.938804	1.177118	2	6.21102	9
2	--	0.612537	0.835557	1	6.82356	10
1	--	1.103511	2.030245	0	7.92707	11

test #56
7	--	1.170511	0.50815	8	0.50815	1
8	--	1.800146	0.673625	9	1.18178	2
9	--	1.649141	2.881534	8	2.83092	3
8	--	1.180896	1.409074	7	4.01182	4
7	--	1.379341	0.848615	8	4.86044	5
8	--	0.672388	0.612531	9	5.47297	6
9	--	1.625195	2.677336	8	7.09816	7
8	--	0.674019	0.56101	9	7.65917	8
9	--	2.446622	0.996077	10	8.65525	9

test #57
7	--	0.568735	1.005432	6	0.56873	1
6	--	1.113193	1.214768	5	1.68192	2
5	--	0.383608	1.00264	4	2.06553	3
4	--	0.851073	1.18292	3	2.9166	4
3	--	0.77083	0.972409	2	3.68743	5
2	--	0.749336	0.569106	3	4.25654	6
3	--	0.649122	0.503105	4	4.75965	7
4	--	0.436686	0.461072	3	5.19634	8
3	--	0.812538	0.59963	4	5.79597	9
4	--	0.904175	0.462769	5	6.25874	10
5	--	0.654519	0.775439	4	6.91326	11
4	--	0.671494	0.653252	5	7.56651	12
5	--	0.401881	0.890016	4	7.96839	13
4	--	0.692373	0.757757	3	8.66076	14
3	--	0.9389	0.561463	4	9.22222	15
4	--	0.604824	0.434445	5	9.65667	16
5	--	0.351539	0.920412	4	10.00821	17
4	--	1.207453	1.130355	5	11.13856	18
5	--	0.985334	0.739904	6	11.87846	19
6	--	0.422397	0.927368	5	12.30086	20
5	--	1.054441	0.541899	6	12.84276	21
6	--	0.476157	0.552159	5	13.31892	22
5	--	0.370795	0.38188	4	13.68971	23
4	--	0.343112	1.134852	3	14.03282	24
3	--	0.916417	1.177518	2	14.94924	25
2	--	0.654614	1.156369	1	15.60385	26
1	--	1.894835	1.891202	2	17.49505	27
2	--	0.562975	0.589361	1	18.05803	28
1	--	3.285868	1.411567	2	19.4696	29
2	--	0.688943	1.399461	1	20.15854	30
1	--	2.497816	1.493546	2	21.65209	31
2	--	0.544435	1.112335	1	22.19653	32
1	--	1.125096	1.168085	0	23.32163	33

test #58
7	--	1.09066	0.540532	8	0.54053	1
8	--	0.728767	1.623445	7	1.2693	2
7	--	0.778775	1.076342	6	2.04807	3
6	--	1.085304	1.061463	7	3.10953	4
7	--	0.447841	0.691802	6	3.55737	5
6	--	0.765919	0.579513	7	4.13688	6
7	--	0.829513	0.500497	8	4.63738	7
8	--	1.413962	0.802951	9	5.44033	8
9	--	1.108163	1.665172	8	6.54849	9
8	--	1.490993	1.84908	7	8.03948	10
7	--	1.040103	0.569489	8	8.60897	11
8	--	1.647725	1.328448	9	9.93742	12
9	--	1.358392	1.801107	8	11.29581	13
8	--	1.385842	1.507134	7	12.68165	14
7	--	0.45394	0.435429	8	13.11708	15
8	--	0.86917	1.68518	7	13.98625	16
7	--	0.48704	0.749955	6	14.47329	17
6	--	0.55524	0.469943	7	14.94323	18
7	--	0.424775	0.999399	6	15.36801	19
6	--	1.099795	0.737518	7	16.10553	20
7	--	0.517994	0.39624	8	16.50177	21
8	--	0.849109	1.086211	7	17.35088	22
7	--	1.043133	0.802459	8	18.15334	23
8	--	0.801306	1.65682	7	18.95465	24
7	--	0.394012	0.589636	6	19.34866	25
6	--	0.353738	0.366377	5	19.7024	26
5	--	0.511219	0.416187	6	20.11859	27
6	--	1.015629	0.585731	7	20.70432	28
7	--	1.307783	0.966477	8	21.6708	29
8	--	1.744246	0.878025	9	22.54883	30
9	--	2.503176	1.77111	10	24.31994	31

test #59
7	--	0.905758	1.153314	6	0.90576	1
6	--	0.899367	0.397702	7	1.30346	2
7	--	1.060386	1.097371	6	2.36385	3
6	--	0.941213	1.022492	5	3.30506	4
5	--	0.530821	0.437827	6	3.74289	5
6	--	1.047685	0.446331	7	4.18922	6
7	--	1.004999	0.913203	8	5.10242	7
8	--	1.033853	0.593674	9	5.69609	8
9	--	3.109049	1.037707	10	6.7338	9

test #60
7	--	1.282592	0.554111	8	0.55411	1
8	--	1.09958	0.827335	9	1.38145	2
9	--	3.078766	0.953418	10	2.33487	3

test #61
7	--	0.537344	0.53755	6	0.53734	1
6	--	0.879978	0.794861	7	1.3322	2
7	--	0.807851	0.439252	8	1.77145	3
8	--	1.516289	0.857496	9	2.62895	4
9	--	2.18021	1.954512	10	4.58346	5

test #62
7	--	0.945223	1.123744	6	0.94522	1
6	--	0.590849	0.606601	5	1.53607	2
5	--	0.639527	0.961827	4	2.1756	3
4	--	0.906325	0.520783	5	2.69638	4
5	--	0.397093	0.947397	4	3.09347	5
4	--	0.622391	0.793508	3	3.71586	6
3	--	1.055003	1.276101	2	4.77086	7
2	--	0.63039	0.782371	1	5.40125	8
1	--	3.182567	1.271962	2	6.67321	9
2	--	1.356975	0.752174	3	7.42538	10
3	--	1.417708	0.514018	4	7.9394	11
4	--	0.382066	1.032126	3	8.32147	12
3	--	0.833913	0.551486	4	8.87296	13
4	--	0.925232	0.881531	5	9.75449	14
5	--	0.84639	0.93965	4	10.60088	15
4	--	0.587199	0.622593	3	11.18808	16
3	--	1.098499	0.894951	4	12.08303	17
4	--	1.042853	0.383389	5	12.46642	18
5	--	0.46801	0.549948	4	12.93443	19
4	--	0.625312	0.545371	5	13.4798	20
5	--	1.121958	0.967774	6	14.44757	21
6	--	0.92594	0.847489	7	15.29506	22
7	--	0.455404	0.521007	6	15.75046	23
6	--	0.805008	0.675159	7	16.42562	24
7	--	0.45905	0.700286	6	16.88467	25
6	--	0.846127	0.598169	7	17.48284	26
7	--	1.396747	0.522128	8	18.00497	27
8	--	1.385913	0.754173	9	18.75914	28
9	--	1.812267	2.833731	8	20.57141	29
8	--	0.52576	0.759023	7	21.09717	30
7	--	0.425681	0.486966	6	21.52285	31
6	--	0.673966	1.024625	5	22.19682	32
5	--	0.553107	0.576059	4	22.74993	33
4	--	1.018305	1.134118	3	23.76824	34
3	--	0.681256	1.260866	2	24.4495	35
2	--	0.64624	1.236816	1	25.09574	36
1	--	1.260317	1.591324	0	26.35606	37

test #63
7	--	0.785561	0.595167	8	0.59517	1
8	--	0.620192	0.709877	7	1.21536	2
7	--	0.428337	0.813777	6	1.6437	3
6	--	0.753697	0.583092	7	2.22679	4
7	--	1.016583	0.697831	8	2.92462	5
8	--	0.967116	0.804446	9	3.72907	6
9	--	1.670845	1.45633	10	5.1854	7

test #64
7	--	0.626984	1.077391	6	0.62698	1
6	--	0.722231	0.647141	7	1.27412	2
7	--	0.80236	0.930346	6	2.07648	3
6	--	0.66266	0.344259	7	2.42074	4
7	--	1.139706	0.731153	8	3.15189	5
8	--	1.298369	1.115088	9	4.26698	6
9	--	2.215081	2.216932	8	6.48206	7
8	--	0.700359	0.996318	7	7.18242	8
7	--	0.803236	1.298965	6	7.98566	9
6	--	0.512207	0.701369	5	8.49787	10
5	--	1.040364	0.791595	6	9.28947	11
6	--	0.439871	0.610996	5	9.72934	12
5	--	0.893971	0.428856	6	10.1582	13
6	--	0.493844	1.039003	5	10.65204	14
5	--	0.757848	1.150369	4	11.40989	15
4	--	0.536594	0.785655	3	11.94648	16
3	--	0.734025	0.89398	2	12.68051	17
2	--	1.07801	1.50704	1	13.75852	18
1	--	1.336978	1.622515	0	15.0955	19

test #65
7	--	1.200653	0.742674	8	0.74267	1
8	--	0.776662	1.638007	7	1.51933	2
7	--	1.168726	0.945512	8	2.46484	3
8	--	1.005333	1.445097	7	3.47017	4
7	--	1.015363	0.811809	8	4.28198	5
8	--	1.781817	1.26086	9	5.54284	6
9	--	2.110676	1.795018	10	7.33786	7

test #66
7	--	0.48395	1.111876	6	0.48395	1
6	--	0.63734	0.548062	7	1.03201	2
7	--	0.666329	0.59298	8	1.62499	3
8	--	1.469633	1.333601	9	2.95859	4
9	--	1.579496	3.061542	8	4.53809	5
8	--	0.816612	0.786286	9	5.32438	6
9	--	1.506715	2.081671	8	6.8311	7
8	--	1.51959	1.180221	9	8.01132	8
9	--	2.828632	2.628655	10	10.63998	9

test #67
7	--	0.54737	0.934445	6	0.54737	1
6	--	0.974498	0.864527	7	1.4119	2
7	--	0.608005	0.775727	6	2.01991	3
6	--	0.563255	0.477462	7	2.49737	4
7	--	0.93873	0.462588	8	2.95996	5
8	--	0.575944	0.70438	7	3.5359	6
7	--	0.493863	0.590641	6	4.02976	7
6	--	1.10983	1.004511	7	5.03427	8
7	--	1.189046	0.886953	8	5.92122	9
8	--	0.617472	1.548638	7	6.53869	10
7	--	0.982114	1.016269	6	7.5208	11
6	--	0.469967	0.873177	5	7.99077	12
5	--	0.713825	0.825148	4	8.7046	13
4	--	0.967841	1.064217	3	9.67244	14
3	--	0.76614	0.554612	4	10.22705	15
4	--	0.629118	0.746793	3	10.85617	16
3	--	0.799506	0.87253	2	11.65568	17
2	--	1.173366	1.759252	1	12.82905	18
1	--	1.381051	1.503668	0	14.2101	19

test #68
7	--	0.453976	0.811966	6	0.45398	1
6	--	0.747539	0.9844	5	1.20152	2
5	--	0.390964	0.494979	4	1.59248	3
4	--	0.581115	0.672892	3	2.1736	4
3	--	0.393967	0.707795	2	2.56757	5
2	--	0.955722	1.569464	1	3.52329	6
1	--	2.464718	1.895622	2	5.41891	7
2	--	0.64282	1.434318	1	6.06173	8
1	--	2.170649	2.951634	0	8.23238	9

test #69
7	--	0.532407	0.457922	8	0.45792	1
8	--	1.161136	0.850514	9	1.30843	2
9	--	1.133666	0.917711	10	2.22614	3

test #70
7	--	0.902278	0.921252	6	0.90228	1
6	--	1.120109	1.144922	5	2.02239	2
5	--	0.342606	0.547742	4	2.365	3
4	--	0.480926	0.781459	3	2.84593	4
3	--	0.849157	1.346607	2	3.69509	5
2	--	0.863465	1.843738	1	4.55856	6
1	--	1.165977	1.322892	0	5.72454	7

test #71
7	--	0.923038	0.868322	8	0.86832	1
8	--	0.675035	1.273186	7	1.54336	2
7	--	1.220813	0.780924	8	2.32428	3
8	--	1.396779	1.514764	7	3.72106	4
7	--	0.747649	0.541842	8	4.2629	5
8	--	0.749915	0.771568	7	5.01281	6
7	--	0.674403	0.449636	8	5.46245	7
8	--	1.842928	0.655782	9	6.11823	8
9	--	2.918024	1.168656	10	7.28689	9

test #72
7	--	0.989154	1.316756	6	0.98915	1
6	--	0.859893	0.733961	7	1.72311	2
7	--	0.605932	1.200721	6	2.32904	3
6	--	0.554254	1.171668	5	2.88329	4
5	--	0.483362	0.678728	4	3.36665	5
4	--	1.057377	0.439153	5	3.8058	6
5	--	0.507546	0.363152	6	4.16895	7
6	--	0.542658	1.043932	5	4.71161	8
5	--	0.434171	0.965339	4	5.14578	9
4	--	1.232061	0.875306	5	6.02109	10
5	--	0.413557	0.340495	6	6.36158	11
6	--	1.026563	0.769047	7	7.13063	12
7	--	0.439354	0.467976	6	7.56998	13
6	--	0.381623	1.077045	5	7.9516	14
5	--	0.572411	1.009473	4	8.52401	15
4	--	0.739535	0.876625	3	9.26355	16
3	--	0.918915	0.750551	4	10.0141	17
4	--	0.419001	0.529795	3	10.4331	18
3	--	0.677515	0.90435	2	11.11061	19
2	--	0.824138	0.874707	1	11.93475	20
1	--	2.866603	1.637097	2	13.57185	21
2	--	1.268175	1.20195	3	14.7738	22
3	--	0.650052	0.665617	2	15.42385	23
2	--	1.135355	1.696182	1	16.5592	24
1	--	1.429216	3.024187	0	17.98842	25

test #73
7	--	0.851254	1.409721	6	0.85125	1
6	--	0.512049	1.063786	5	1.3633	2
5	--	0.83627	0.453525	6	1.81683	3
6	--	0.799501	1.148851	5	2.61633	4
5	--	0.987933	0.44482	6	3.06115	5
6	--	0.854415	0.466008	7	3.52716	6
7	--	1.002803	0.865244	8	4.3924	7
8	--	1.073006	0.786734	9	5.17913	8
9	--	2.372965	1.320158	10	6.49929	9

test #74
7	--	0.809813	1.313264	6	0.80981	1
6	--	0.727428	0.99241	5	1.53724	2
5	--	0.809301	0.851731	4	2.34654	3
4	--	0.731362	0.366806	5	2.71335	4
5	--	0.733117	1.197741	4	3.44647	5
4	--	0.483326	0.510185	3	3.9298	6
3	--	1.285993	1.39586	2	5.21579	7
2	--	1.575579	0.58413	3	5.79992	8
3	--	0.711933	0.822872	2	6.51185	9
2	--	1.775841	1.863265	1	8.28769	10
1	--	1.006616	2.454325	0	9.29431	11

test #75
7	--	0.742925	0.606223	8	0.60622	1
8	--	0.937616	0.999528	7	1.54384	2
7	--	0.835761	0.585816	8	2.12966	3
8	--	1.777006	0.562334	9	2.69199	4
9	--	0.982854	2.266094	8	3.67484	5
8	--	0.782462	0.81762	7	4.4573	6
7	--	0.885513	1.323482	6	5.34281	7
6	--	0.68582	0.545966	7	5.88878	8
7	--	0.950326	0.575265	8	6.46405	9
8	--	0.707439	0.957676	7	7.17149	10
7	--	1.14432	0.409769	8	7.58126	11
8	--	1.197756	1.856081	7	8.77902	12
7	--	0.953249	0.971344	6	9.73227	13
6	--	0.599969	0.396146	7	10.12842	14
7	--	0.573133	0.760121	6	10.70155	15
6	--	0.736479	0.414614	7	11.11616	16
7	--	1.161302	0.655655	8	11.77181	17
8	--	0.554714	1.269317	7	12.32652	18
7	--	0.905658	0.416845	8	12.74337	19
8	--	1.651455	0.788236	9	13.53161	20
9	--	2.193272	1.994348	10	15.52596	21

test #76
7	--	1.157636	1.19462	6	1.15764	1
6	--	0.973298	0.449357	7	1.607	2
7	--	0.618659	0.863027	6	2.22566	3
6	--	1.199622	0.834338	7	3.06	4
7	--	1.28572	0.618848	8	3.67885	5
8	--	0.990588	0.96086	9	4.63971	6
9	--	1.613028	2.821175	8	6.25274	7
8	--	0.72504	1.657539	7	6.97778	8
7	--	0.6324	0.738512	6	7.61018	9
6	--	1.238456	1.125544	7	8.73572	10
7	--	0.580983	1.023228	6	9.3167	11
6	--	1.029312	1.224707	5	10.34601	12
5	--	0.677162	0.405111	6	10.75112	13
6	--	0.598747	0.818229	5	11.34987	14
5	--	0.380499	0.455033	4	11.73037	15
4	--	0.949396	0.590105	5	12.32047	16
5	--	0.523358	0.379264	6	12.69973	17
6	--	1.180222	0.638698	7	13.33843	18
7	--	0.47866	0.441185	8	13.77961	19
8	--	1.259399	1.176018	9	14.95563	20
9	--	1.703029	3.04688	8	16.65866	21
8	--	1.667962	0.554728	9	17.21339	22
9	--	1.49686	2.177681	8	18.71025	23
8	--	1.086003	1.382409	7	19.79625	24
7	--	0.452185	0.476551	6	20.24844	25
6	--	0.973316	0.66483	7	20.91327	26
7	--	0.698695	0.500774	8	21.41404	27
8	--	1.163601	1.07087	9	22.48491	28
9	--	2.947887	1.205763	10	23.69067	29

test #77
7	--	0.504904	0.467951	8	0.46795	1
8	--	0.942223	1.107743	7	1.41017	2
7	--	0.678509	1.094325	6	2.08868	3
6	--	0.487914	1.228487	5	2.57659	4
5	--	0.684891	0.564306	6	3.1409	5
6	--	1.001418	0.85359	7	3.99449	6
7	--	1.384152	1.230923	8	5.22541	7
8	--	1.782673	0.874708	9	6.10012	8
9	--	2.702656	1.59401	10	7.69413	9

test #78
7	--	0.451633	0.556143	6	0.45163	1
6	--	0.541105	0.652793	5	0.99273	2
5	--	0.643988	0.456727	6	1.44946	3
6	--	0.729272	0.939669	5	2.17873	4
5	--	0.535744	0.699946	4	2.71447	5
4	--	0.909757	0.351212	5	3.06568	6
5	--	0.81254	0.849681	4	3.87822	7
4	--	1.169393	0.752352	5	4.63057	8
5	--	0.606664	0.693249	4	5.23723	9
4	--	0.808829	1.039779	3	6.04606	10
3	--	0.436448	0.856333	2	6.48251	11
2	--	0.608439	1.132492	1	7.09095	12
1	--	2.779002	1.256581	2	8.34753	13
2	--	1.706104	1.168326	3	9.51586	14
3	--	1.088168	0.636966	4	10.15283	15
4	--	0.616051	1.1076	3	10.76888	16
3	--	1.010361	0.610345	4	11.37923	17
4	--	0.895763	0.575586	5	11.95482	18
5	--	0.492404	0.961259	4	12.44722	19
4	--	0.428258	0.592846	3	12.87548	20
3	--	0.661869	0.636454	4	13.51193	21
4	--	0.860786	1.141902	3	14.37272	22
3	--	1.114769	0.768955	4	15.14168	23
4	--	0.857495	0.933508	3	15.99918	24
3	--	0.478891	0.671861	2	16.47807	25
2	--	0.719677	0.762482	1	17.19775	26
1	--	1.542676	2.792175	0	18.74043	27

test #79
7	--	0.85261	0.590401	8	0.5904	1
8	--	0.970914	1.409111	7	1.56131	2
7	--	0.558528	0.483117	8	2.04443	3
8	--	1.26207	0.576329	9	2.62076	4
9	--	0.958694	2.447833	8	3.57945	5
8	--	1.450279	0.866162	9	4.44561	6
9	--	2.199645	0.995027	10	5.44064	7

test #80
7	--	0.413559	0.411184	8	0.41118	1
8	--	0.552159	1.012441	7	0.96334	2
7	--	0.70263	0.973504	6	1.66597	3
6	--	0.774404	0.994215	5	2.44037	4
5	--	0.739323	0.930061	4	3.17969	5
4	--	0.825335	0.362582	5	3.54227	6
5	--	0.476358	0.38557	6	3.92784	7
6	--	0.34855	0.619053	5	4.27639	8
5	--	0.667056	0.675142	4	4.94345	9
4	--	0.955806	0.645589	5	5.58904	10
5	--	0.775548	0.476655	6	6.06569	11
6	--	0.749578	0.470358	7	6.53605	12
7	--	0.838954	0.401319	8	6.93737	13
8	--	0.585687	0.818536	7	7.52306	14
7	--	0.838951	1.053413	6	8.36201	15
6	--	1.09773	0.364206	7	8.72622	16
7	--	0.433102	1.225844	6	9.15932	17
6	--	1.188207	0.383305	7	9.54263	18
7	--	0.860156	0.959467	6	10.40279	19
6	--	0.698979	0.528586	7	10.93138	20
7	--	0.542331	0.997954	6	11.47371	21
6	--	1.23171	1.09646	7	12.57017	22
7	--	0.539797	1.39377	6	13.10997	23
6	--	0.928419	0.816099	7	13.92607	24
7	--	0.879787	0.453427	8	14.3795	25
8	--	1.540459	0.70116	9	15.08066	26
9	--	1.349972	1.236087	10	16.31675	27

test #81
7	--	1.02885	0.456969	8	0.45697	1
8	--	1.624428	1.371868	9	1.82884	2
9	--	2.72265	1.234222	10	3.06306	3

test #82
7	--	0.544308	0.980956	6	0.54431	1
6	--	0.66008	0.853786	5	1.20439	2
5	--	0.351631	0.59782	4	1.55602	3
4	--	0.765735	0.551943	5	2.10796	4
5	--	0.876276	1.056781	4	2.98424	5
4	--	0.473312	0.476813	3	3.45755	6
3	--	0.622226	1.227017	2	4.07978	7
2	--	0.779969	0.957622	1	4.85975	8
1	--	0.969423	2.737298	0	5.82917	9

test #83
7	--	0.601646	1.37971	6	0.60165	1
6	--	1.027359	0.671547	7	1.2732	2
7	--	0.431258	0.77132	6	1.70446	3
6	--	0.861969	0.531946	7	2.23641	4
7	--	0.460932	0.58776	6	2.69734	5
6	--	0.849804	0.370704	7	3.06804	6
7	--	1.267307	0.611465	8	3.67951	7
8	--	1.58451	0.713175	9	4.39269	8
9	--	1.591097	1.91405	8	5.98379	9
8	--	1.054917	0.643977	9	6.62777	10
9	--	1.039488	1.373587	8	7.66726	11
8	--	0.903407	0.890857	9	8.55812	12
9	--	1.919829	2.048185	8	10.47795	13
8	--	1.038545	1.237354	7	11.5165	14
7	--	0.479677	0.450822	8	11.96732	15
8	--	1.575656	1.302573	9	13.26989	16
9	--	1.96665	1.736554	10	15.00644	17

test #84
7	--	1.056891	1.21736	6	1.05689	1
6	--	0.64867	1.012039	5	1.70556	2
5	--	0.336182	0.570115	4	2.04174	3
4	--	0.591307	0.792003	3	2.63305	4
3	--	1.063703	1.035454	4	3.6685	5
4	--	0.682756	0.910864	3	4.35126	6
3	--	0.401167	1.41309	2	4.75243	7
2	--	1.466444	0.693791	3	5.44622	8
3	--	0.68055	0.403776	4	5.85	9
4	--	0.708702	0.932101	3	6.5587	10
3	--	1.097881	1.192898	2	7.65658	11
2	--	0.513153	1.122097	1	8.16973	12
1	--	1.746321	1.016599	2	9.18633	13
2	--	1.418505	0.565257	3	9.75159	14
3	--	0.986381	0.906468	4	10.65806	15
4	--	0.367083	0.368715	3	11.02514	16
3	--	0.428982	1.15418	2	11.45412	17
2	--	1.731608	1.305857	3	12.75998	18
3	--	1.134474	0.671922	4	13.4319	19
4	--	0.711415	0.767264	3	14.14332	20
3	--	0.743063	0.460847	4	14.60417	21
4	--	1.08511	0.755401	5	15.35957	22
5	--	0.558307	0.358334	6	15.7179	23
6	--	0.506977	0.494357	7	16.21226	24
7	--	0.568056	0.775447	6	16.78032	25
6	--	0.873334	0.718074	7	17.49839	26
7	--	0.977258	0.900023	8	18.39841	27
8	--	0.995864	1.010117	7	19.39427	28
7	--	0.43869	0.642401	6	19.83296	29
6	--	0.544216	0.953777	5	20.37718	30
5	--	0.551094	0.344398	6	20.72158	31
6	--	0.381233	0.534711	5	21.10281	32
5	--	0.852209	0.481193	6	21.584	33
6	--	0.507599	1.083823	5	22.0916	34
5	--	0.43595	0.366908	6	22.45851	35
6	--	1.102881	0.58284	7	23.04135	36
7	--	1.214938	1.066101	8	24.10745	37
8	--	0.771843	1.124183	7	24.87929	38
7	--	0.613574	1.204653	6	25.49286	39
6	--	1.049839	0.454055	7	25.94691	40
7	--	0.438307	0.648445	6	26.38522	41
6	--	1.079885	0.502929	7	26.88815	42
7	--	0.417514	0.920065	6	27.30566	43
6	--	0.628119	0.807023	5	27.93378	44
5	--	1.036677	0.838184	6	28.77196	45
6	--	0.542855	0.453393	7	29.22535	46
7	--	0.751147	0.658822	8	29.88417	47
8	--	0.560907	0.931653	7	30.44508	48
7	--	1.29734	0.524235	8	30.96932	49
8	--	1.865998	1.772024	9	32.74134	50
9	--	0.972198	0.967242	10	33.70858	51

test #85
7	--	0.445066	0.70276	6	0.44507	1
6	--	0.570912	0.810705	5	1.01598	2
5	--	0.627113	0.903218	4	1.64309	3
4	--	0.468512	0.626764	3	2.1116	4
3	--	1.209099	0.522947	4	2.63455	5
4	--	0.379473	0.643049	3	3.01402	6
3	--	1.271338	1.115076	4	4.1291	7
4	--	1.059957	0.986763	5	5.11586	8
5	--	0.4673	1.041498	4	5.58316	9
4	--	0.432704	0.377934	5	5.96109	10
5	--	1.074253	0.867134	6	6.82822	11
6	--	0.58654	0.54162	7	7.36984	12
7	--	0.688048	0.886029	6	8.05789	13
6	--	1.003028	0.649361	7	8.70725	14
7	--	0.428238	0.575379	6	9.13549	15
6	--	0.368992	0.518293	5	9.50448	16
5	--	0.420311	0.426131	4	9.92479	17
4	--	0.841655	0.462209	5	10.387	18
5	--	0.726834	0.689481	6	11.07648	19
6	--	0.898661	0.459078	7	11.53556	20
7	--	0.848644	0.548228	8	12.08379	21
8	--	1.433603	1.354499	9	13.43829	22
9	--	1.989992	2.081727	8	15.42828	23
8	--	1.70268	1.274188	9	16.70247	24
9	--	1.313509	1.518289	8	18.01598	25
8	--	0.884177	0.650805	9	18.66678	26
9	--	1.383747	2.026033	8	20.05053	27
8	--	1.043762	0.57564	9	20.62617	28
9	--	1.769177	2.55898	8	22.39535	29
8	--	1.137798	0.726433	9	23.12178	30
9	--	2.20361	1.513847	10	24.63563	31

test #86
7	--	0.584875	0.783935	6	0.58488	1
6	--	0.511235	1.115244	5	1.09611	2
5	--	0.857427	0.399042	6	1.49515	3
6	--	0.6079	0.474425	7	1.96957	4
7	--	0.575079	0.983361	6	2.54465	5
6	--	0.766973	1.007823	5	3.31162	6
5	--	0.447922	0.411852	6	3.72347	7
6	--	0.73829	0.814329	5	4.46176	8
5	--	0.607959	1.031786	4	5.06972	9
4	--	0.550071	0.590741	3	5.61979	10
3	--	0.66186	0.834852	2	6.28165	11
2	--	0.803307	0.701775	3	6.98343	12
3	--	0.519302	1.209847	2	7.50273	13
2	--	0.637673	1.352997	1	8.1404	14
1	--	2.109428	1.575079	2	9.71548	15
2	--	1.149291	1.033627	3	10.74911	16
3	--	1.011011	0.411326	4	11.16044	17
4	--	1.11149	1.236657	3	12.27193	18
3	--	0.404285	0.768715	2	12.67622	19
2	--	0.85278	1.01006	1	13.529	20
1	--	1.273522	0.917549	2	14.44655	21
2	--	0.847797	1.208245	1	15.29435	22
1	--	1.182352	1.818992	0	16.4767	23

test #87
7	--	0.68604	1.03293	6	0.68604	1
6	--	0.874865	0.98277	5	1.56091	2
5	--	1.14609	0.362901	6	1.92381	3
6	--	0.625408	0.545218	7	2.46903	4
7	--	1.112652	0.984639	8	3.45367	5
8	--	0.63306	0.569483	9	4.02315	6
9	--	2.684786	2.198468	10	6.22162	7

test #88
7	--	0.527599	1.155894	6	0.5276	1
6	--	0.506672	0.822458	5	1.03427	2
5	--	0.388097	0.770195	4	1.42237	3
4	--	0.36683	0.566775	3	1.7892	4
3	--	0.743977	0.793188	2	2.53318	5
2	--	0.912147	0.720308	3	3.25349	6
3	--	0.582446	0.553606	4	3.8071	7
4	--	0.790638	0.673142	5	4.48024	8
5	--	0.914168	1.070205	4	5.39441	9
4	--	0.907603	0.858212	5	6.25262	10
5	--	0.62088	0.36525	6	6.61787	11
6	--	0.783699	0.369227	7	6.9871	12
7	--	0.459795	1.183766	6	7.4469	13
6	--	1.008195	0.780758	7	8.22766	14
7	--	0.558425	1.09778	6	8.78608	15
6	--	0.859413	0.606815	7	9.39289	16
7	--	0.913336	1.073383	6	10.30623	17
6	--	0.729816	0.912516	5	11.03605	18
5	--	0.806302	1.102802	4	11.84235	19
4	--	0.508926	0.482306	5	12.32466	20
5	--	0.630833	0.723015	4	12.95549	21
4	--	0.78084	0.405885	5	13.36137	22
5	--	0.495065	1.18102	4	13.85643	23
4	--	0.678586	0.51392	5	14.37035	24
5	--	0.657017	0.732875	4	15.02737	25
4	--	0.58965	0.674982	3	15.61702	26
3	--	0.692348	0.863639	2	16.30937	27
2	--	0.810748	0.654897	3	16.96427	28
3	--	0.552453	0.590969	2	17.51672	29
2	--	1.009135	0.835837	3	18.35256	30
3	--	1.236304	0.840222	4	19.19278	31
4	--	0.390737	0.414343	3	19.58352	32
3	--	0.822426	0.408448	4	19.99197	33
4	--	1.201089	0.749744	5	20.74171	34
5	--	0.77448	1.118771	4	21.51619	35
4	--	0.717576	1.21888	3	22.23377	36
3	--	1.356096	0.689286	4	22.92306	37
4	--	1.129989	0.775264	5	23.69832	38
5	--	0.834982	0.376214	6	24.07453	39
6	--	0.685552	0.495371	7	24.5699	40
7	--	1.387588	0.962902	8	25.5328	41
8	--	1.012354	0.681873	9	26.21467	42
9	--	2.264196	2.244505	10	28.45918	43

test #89
7	--	0.964805	0.432495	8	0.4325	1
8	--	1.354383	1.043419	9	1.47592	2
9	--	3.068653	2.22348	10	3.6994	3

test #90
7	--	1.216674	0.62768	8	0.62768	1
8	--	1.372074	0.952118	9	1.5798	2
9	--	2.563713	2.962102	8	4.14351	3
8	--	0.850875	0.82191	9	4.96542	4
9	--	0.944861	2.279642	8	5.91028	5
8	--	1.470063	0.891352	9	6.80163	6
9	--	1.720355	1.406945	10	8.20857	7

test #91
7	--	0.49449	1.215207	6	0.49449	1
6	--	0.935085	1.078033	5	1.42958	2
5	--	0.545447	0.857224	4	1.97503	3
4	--	0.976978	1.000645	3	2.95201	4
3	--	0.530904	0.441705	4	3.39372	5
4	--	1.233941	0.443431	5	3.83715	6
5	--	1.146105	0.623093	6	4.46024	7
6	--	0.978744	0.570001	7	5.03024	8
7	--	0.719094	0.441306	8	5.47155	9
8	--	0.535237	1.492643	7	6.00679	10
7	--	1.420341	1.282757	8	7.28955	11
8	--	1.317866	1.423095	7	8.60742	12
7	--	1.152106	0.878265	8	9.48568	13
8	--	0.569983	1.83904	7	10.05566	14
7	--	1.273723	0.496948	8	10.55261	15
8	--	0.817181	1.673707	7	11.36979	16
7	--	0.589679	0.560428	8	11.93022	17
8	--	1.132996	0.853539	9	12.78376	18
9	--	2.319764	2.352495	8	15.10352	19
8	--	0.569982	0.880772	7	15.6735	20
7	--	0.599372	1.381419	6	16.27287	21
6	--	1.002379	0.871452	7	17.14432	22
7	--	0.602305	0.708839	6	17.74662	23
6	--	1.240169	1.192584	7	18.9392	24
7	--	1.068696	0.717294	8	19.65649	25
8	--	0.905964	0.59099	9	20.24748	26
9	--	1.934383	1.531661	10	21.77914	27

test #92
7	--	0.870572	0.616283	8	0.61628	1
8	--	0.566634	1.105438	7	1.18291	2
7	--	0.483917	1.359736	6	1.66683	3
6	--	1.035265	0.899027	7	2.56586	4
7	--	0.962391	0.929955	8	3.49581	5
8	--	1.042402	1.809808	7	4.53821	6
7	--	1.165823	0.910016	8	5.44823	7
8	--	1.525319	0.852848	9	6.30108	8
9	--	1.683025	1.367742	10	7.66882	9

test #93
7	--	0.530493	0.930276	6	0.53049	1
6	--	0.474979	0.661442	5	1.00547	2
5	--	0.805902	0.491766	6	1.49724	3
6	--	0.48412	0.716751	5	1.98136	4
5	--	0.974906	0.751193	6	2.73255	5
6	--	0.957633	0.558919	7	3.29147	6
7	--	0.412592	1.004044	6	3.70406	7
6	--	0.503373	0.577705	5	4.20743	8
5	--	0.525272	0.500484	6	4.70791	9
6	--	0.947579	0.518355	7	5.22627	10
7	--	0.606284	0.57811	8	5.80438	11
8	--	0.979369	1.351449	7	6.78375	12
7	--	0.610864	0.926498	6	7.39461	13
6	--	0.75207	0.676076	7	8.07069	14
7	--	0.676285	0.818164	6	8.74698	15
6	--	0.845961	0.965323	5	9.59294	16
5	--	0.638017	0.444209	6	10.03715	17
6	--	0.81049	0.459058	7	10.49621	18
7	--	0.784367	1.137236	6	11.28058	19
6	--	0.596632	0.560936	7	11.84152	20
7	--	0.72755	0.393456	8	12.23498	21
8	--	1.663066	1.417525	9	13.6525	22
9	--	1.032338	0.958172	10	14.61067	23

test #94
7	--	0.476833	0.851128	6	0.47683	1
6	--	0.372371	0.561861	5	0.8492	2
5	--	0.347393	0.862712	4	1.19659	3
4	--	0.508848	0.356591	5	1.55318	4
5	--	0.645816	0.406656	6	1.95984	5
6	--	0.823571	0.663522	7	2.62336	6
7	--	0.560451	0.972746	6	3.18381	7
6	--	1.094089	0.666819	7	3.85063	8
7	--	0.626258	1.041434	6	4.47689	9
6	--	1.213427	0.385453	7	4.86234	10
7	--	0.659629	0.970819	6	5.52197	11
6	--	0.349971	0.525039	5	5.87194	12
5	--	0.500802	0.896062	4	6.37274	13
4	--	1.085	0.411446	5	6.78419	14
5	--	0.70117	0.563225	6	7.34741	15
6	--	1.136366	0.606704	7	7.95411	16
7	--	0.440876	0.937238	6	8.39499	17
6	--	0.545607	0.74432	5	8.9406	18
5	--	0.453293	0.577496	4	9.39389	19
4	--	0.998569	0.821682	5	10.21557	20
5	--	0.923256	0.329194	6	10.54476	21
6	--	0.386973	0.855332	5	10.93173	22
5	--	0.394654	0.724488	4	11.32638	23
4	--	0.502379	0.727049	3	11.82876	24
3	--	1.262219	1.018933	4	12.84769	25
4	--	0.461008	0.518095	3	13.3087	26
3	--	0.734903	0.818325	2	14.0436	27
2	--	0.938834	0.605976	3	14.64958	28
3	--	0.636571	0.938319	2	15.28615	29
2	--	1.253069	1.410204	1	16.53922	30
1	--	2.494197	2.467305	2	19.00653	31
2	--	0.631819	1.53122	1	19.63835	32
1	--	1.01829	3.223109	0	20.65664	33

test #95
7	--	1.35455	1.073265	8	1.07326	1
8	--	1.345895	0.978037	9	2.0513	2
9	--	2.51307	3.292153	8	4.56437	3
8	--	1.397396	0.869433	9	5.4338	4
9	--	2.246835	2.319472	8	7.68063	5
8	--	0.659555	1.060836	7	8.34019	6
7	--	1.0031	1.002492	8	9.34268	7
8	--	1.292427	0.573041	9	9.91572	8
9	--	1.831189	1.733918	10	11.64964	9

test #96
7	--	0.963529	1.054193	6	0.96353	1
6	--	1.061033	0.918031	7	1.88156	2
7	--	0.807842	0.561232	8	2.44279	3
8	--	1.332434	1.408063	7	3.77522	4
7	--	1.223265	0.638941	8	4.41416	5
8	--	1.317317	1.311094	9	5.72525	6
9	--	2.492933	0.928839	10	6.65409	7

test #97
7	--	1.418058	1.033458	8	1.03346	1
8	--	0.71693	1.622756	7	1.75039	2
7	--	1.212663	0.883234	8	2.63362	3
8	--	0.905103	1.331344	7	3.53872	4
7	--	1.018123	0.753246	8	4.29197	5
8	--	0.757561	1.27776	7	5.04953	6
7	--	0.716224	0.463544	8	5.51307	7
8	--	0.694629	1.86811	7	6.2077	8
7	--	0.519669	1.361222	6	6.72737	9
6	--	0.765496	0.440026	7	7.1674	10
7	--	0.898874	0.555747	8	7.72315	11
8	--	1.365577	1.280099	9	9.00325	12
9	--	1.397641	2.061263	8	10.40089	13
8	--	1.754053	1.253311	9	11.6542	14
9	--	2.01737	1.286596	10	12.9408	15

test #98
7	--	0.669233	0.578318	8	0.57832	1
8	--	0.542836	1.759045	7	1.12116	2
7	--	0.656533	0.576966	8	1.69813	3
8	--	0.524043	0.913458	7	2.22217	4
7	--	0.515871	0.541259	6	2.73804	5
6	--	0.373948	0.892872	5	3.11199	6
5	--	0.600602	0.496051	6	3.60804	7
6	--	0.434734	0.513616	5	4.04277	8
5	--	0.361411	0.799164	4	4.40418	9
4	--	0.364826	1.028292	3	4.76901	10
3	--	0.498724	0.876113	2	5.26773	11
2	--	0.87569	1.009024	1	6.14342	12
1	--	1.941896	2.647599	0	8.08532	13

test #99
7	--	0.854605	0.627285	8	0.62728	1
8	--	0.779979	0.595948	9	1.22323	2
9	--	1.149744	1.295116	8	2.37297	3
8	--	0.801343	1.778641	7	3.17431	4
7	--	0.507905	0.577194	6	3.68222	5
6	--	1.101979	0.614808	7	4.29703	6
7	--	0.734604	0.430017	8	4.72705	7
8	--	0.818317	0.760856	9	5.48791	8
9	--	2.452814	2.798807	8	7.94072	9
8	--	1.451978	1.478138	7	9.3927	10
7	--	0.653547	1.303465	6	10.04625	11
6	--	0.673549	0.637439	7	10.68369	12
7	--	0.446989	1.101889	6	11.13068	13
6	--	0.723755	1.192169	5	11.85444	14
5	--	0.86777	0.435466	6	12.28991	15
6	--	1.149066	0.811884	7	13.10179	16
7	--	0.619509	0.810277	6	13.7213	17
6	--	0.37485	0.445061	5	14.09615	18
5	--	0.412256	0.940108	4	14.50841	19
4	--	0.391944	0.885837	3	14.90035	20
3	--	0.781595	1.253153	2	15.68195	21
2	--	0.789873	1.831363	1	16.47182	22
1	--	2.064668	2.776839	0	18.53649	23
