start i C()	t_left		t_right 	New i	Total time generation

test #0
6	--	0.601449	0.902541	5	0.60145	1
5	--	0.64943	1.196367	4	1.25088	2
4	--	0.542158	1.181795	3	1.79304	3
3	--	0.513014	0.90282	2	2.30605	4
2	--	0.539382	0.629582	1	2.84543	5
1	--	1.804571	1.496769	2	4.3422	6
2	--	1.575896	0.758981	3	5.10118	7
3	--	0.680195	1.092487	2	5.78137	8
2	--	1.443546	1.715459	1	7.22492	9
1	--	3.236572	1.778238	2	9.00316	10
2	--	0.738876	1.456448	1	9.74204	11
1	--	2.034142	1.277349	2	11.01939	12
2	--	0.549071	0.964403	1	11.56846	13
1	--	1.552985	1.166119	2	12.73458	14
2	--	0.7676	0.869052	1	13.50218	15
1	--	2.309507	1.202645	2	14.70482	16
2	--	1.267663	1.198499	3	15.90332	17
3	--	0.645046	0.976744	2	16.54837	18
2	--	0.820115	1.41636	1	17.36849	19
1	--	2.788939	1.179471	2	18.54796	20
2	--	1.149253	0.844162	3	19.39212	21
3	--	0.474234	0.58449	2	19.86635	22
2	--	1.195747	1.441981	1	21.0621	23
1	--	2.781184	1.988099	2	23.0502	24
2	--	0.652454	1.363111	1	23.70265	25
1	--	2.655552	2.627511	2	26.33016	26
2	--	0.637547	0.706156	1	26.96771	27
1	--	1.648187	1.679181	0	28.6159	28

test #1
6	--	0.490727	0.463799	7	0.4638	1
7	--	0.666859	1.135771	6	1.13066	2
6	--	0.55315	0.6518	5	1.68381	3
5	--	0.380991	1.10312	4	2.0648	4
4	--	0.748538	1.006751	3	2.81334	5
3	--	1.132034	0.707562	4	3.5209	6
4	--	0.747432	0.961814	3	4.26833	7
3	--	1.120826	0.718307	4	4.98664	8
4	--	0.688975	1.004693	3	5.67562	9
3	--	1.421551	0.919564	4	6.59518	10
4	--	0.616386	0.933534	3	7.21157	11
3	--	1.15596	0.613153	4	7.82472	12
4	--	1.237102	0.679957	5	8.50468	13
5	--	0.5876	0.814628	4	9.09228	14
4	--	1.130362	0.601702	5	9.69398	15
5	--	0.481178	0.42603	6	10.12001	16
6	--	0.425486	1.035963	5	10.5455	17
5	--	0.806497	0.532697	6	11.0782	18
6	--	0.643952	1.145171	5	11.72215	19
5	--	0.470448	1.004737	4	12.1926	20
4	--	0.365307	0.792519	3	12.55791	21
3	--	1.010848	1.147837	2	13.56876	22
2	--	1.006591	0.730978	3	14.29974	23
3	--	1.411319	1.005295	4	15.30504	24
4	--	0.93298	0.826992	5	16.13203	25
5	--	1.005398	0.63229	6	16.76432	26
6	--	0.828929	0.579316	7	17.34364	27
7	--	1.116232	0.841178	8	18.18482	28
8	--	1.514202	0.824627	9	19.00945	29
9	--	2.275541	2.842722	8	21.28499	30
8	--	0.815806	1.220253	7	22.1008	31
7	--	0.750216	1.416538	6	22.85102	32
6	--	0.457516	1.002107	5	23.30854	33
5	--	0.606903	0.757265	4	23.91544	34
4	--	0.409587	0.487338	3	24.32503	35
3	--	1.361219	0.601648	4	24.92668	36
4	--	1.007708	0.551339	5	25.47802	37
5	--	0.440889	0.558624	4	25.91891	38
4	--	1.172038	1.14996	5	27.06887	39
5	--	0.852137	0.644914	6	27.71378	40
6	--	1.008934	0.736698	7	28.45048	41
7	--	0.527648	0.528294	6	28.97813	42
6	--	1.181745	0.827603	7	29.80573	43
7	--	0.760876	0.870304	6	30.56661	44
6	--	0.353448	0.346809	7	30.91342	45
7	--	0.827859	0.481062	8	31.39448	46
8	--	0.715918	1.36297	7	32.1104	47
7	--	1.225939	0.812582	8	32.92298	48
8	--	1.273692	1.499607	7	34.19667	49
7	--	0.640516	1.31026	6	34.83719	50
6	--	0.858726	0.419673	7	35.25686	51
7	--	0.495233	0.975191	6	35.75209	52
6	--	0.41244	1.18807	5	36.16453	53
5	--	0.40754	0.575683	4	36.57207	54
4	--	0.781625	0.883622	3	37.3537	55
3	--	0.915137	0.659014	4	38.01271	56
4	--	1.153177	0.613022	5	38.62573	57
5	--	0.773508	0.702916	6	39.32865	58
6	--	0.858359	0.625729	7	39.95438	59
7	--	0.692332	0.870168	6	40.64671	60
6	--	0.593986	0.739573	5	41.2407	61
5	--	0.365114	0.663529	4	41.60581	62
4	--	0.488765	1.015912	3	42.09458	63
3	--	1.163667	0.532846	4	42.62743	64
4	--	0.647965	0.828013	3	43.2754	65
3	--	0.647005	0.711283	2	43.92241	66
2	--	0.689517	0.681425	3	44.60383	67
3	--	1.107845	0.851711	4	45.45554	68
4	--	1.162248	0.651298	5	46.10684	69
5	--	0.580224	0.983708	4	46.68706	70
4	--	0.892218	0.472268	5	47.15933	71
5	--	0.677988	0.548597	6	47.70793	72
6	--	1.192402	0.566779	7	48.27471	73
7	--	1.231585	1.234022	6	49.50629	74
6	--	0.664498	0.821711	5	50.17079	75
5	--	0.410195	0.37313	6	50.54392	76
6	--	0.617419	0.945669	5	51.16134	77
5	--	0.430772	0.705191	4	51.59211	78
4	--	0.446209	1.176653	3	52.03832	79
3	--	1.251779	0.781809	4	52.82013	80
4	--	0.814302	1.132968	3	53.63443	81
3	--	0.804584	0.695842	4	54.33027	82
4	--	0.396107	0.594996	3	54.72638	83
3	--	1.214839	0.447861	4	55.17424	84
4	--	0.56346	0.359463	5	55.5337	85
5	--	0.777834	0.532411	6	56.06611	86
6	--	1.213918	1.189976	7	57.25609	87
7	--	1.222282	1.268604	6	58.47837	88
6	--	0.952887	0.812835	7	59.2912	89
7	--	0.600275	0.963607	6	59.89148	90
6	--	0.870157	0.428639	7	60.32012	91
7	--	0.894419	0.479573	8	60.79969	92
8	--	1.192199	1.170623	9	61.97031	93
9	--	2.435113	1.826666	10	63.79698	94

test #2
6	--	0.78182	0.81851	5	0.78182	1
5	--	0.416508	0.448605	4	1.19833	2
4	--	0.392915	0.573434	3	1.59125	3
3	--	0.850194	1.125093	2	2.44144	4
2	--	0.719069	1.473245	1	3.16051	5
1	--	2.091822	1.907949	2	5.06846	6
2	--	0.755074	0.5524	3	5.62086	7
3	--	0.735484	0.492975	4	6.11383	8
4	--	0.869312	0.43943	5	6.55326	9
5	--	0.336116	1.180234	4	6.88938	10
4	--	0.412495	0.873075	3	7.30188	11
3	--	0.981182	1.053428	2	8.28306	12
2	--	1.061476	1.015634	3	9.29869	13
3	--	0.695123	0.647886	4	9.94658	14
4	--	0.656311	0.357964	5	10.30454	15
5	--	0.769957	0.569809	6	10.87435	16
6	--	0.445803	0.972769	5	11.32015	17
5	--	0.637014	0.954585	4	11.95716	18
4	--	0.876157	0.850273	5	12.80743	19
5	--	0.674247	0.784947	4	13.48168	20
4	--	0.376163	0.56439	3	13.85784	21
3	--	1.16637	0.79736	4	14.6552	22
4	--	0.59723	0.883286	3	15.25243	23
3	--	0.557165	0.929695	2	15.8096	24
2	--	0.560297	1.271962	1	16.3699	25
1	--	1.600278	2.000685	0	17.97018	26

test #3
6	--	0.474639	0.835305	5	0.47464	1
5	--	1.01279	0.858361	6	1.333	2
6	--	0.758578	0.357788	7	1.69079	3
7	--	0.915462	0.422806	8	2.1136	4
8	--	1.658257	1.071652	9	3.18525	5
9	--	2.886522	1.99778	10	5.18303	6

test #4
6	--	0.56944	1.205039	5	0.56944	1
5	--	0.35745	0.563955	4	0.92689	2
4	--	0.567123	0.717891	3	1.49401	3
3	--	0.834501	0.426659	4	1.92067	4
4	--	1.101809	0.995385	5	2.91605	5
5	--	0.500229	0.480098	6	3.39615	6
6	--	0.633057	0.732078	5	4.02921	7
5	--	0.355178	1.081422	4	4.38439	8
4	--	1.224581	0.710944	5	5.09533	9
5	--	0.467723	0.973582	4	5.56305	10
4	--	0.510816	0.606179	3	6.07387	11
3	--	0.986977	0.666653	4	6.74052	12
4	--	0.944	0.923269	5	7.66379	13
5	--	0.349188	0.573659	4	8.01298	14
4	--	0.630535	0.56575	5	8.57873	15
5	--	0.780778	0.340929	6	8.91966	16
6	--	0.951374	0.582264	7	9.50192	17
7	--	1.234378	1.293081	6	10.7363	18
6	--	0.447895	0.991534	5	11.18419	19
5	--	1.006225	0.336443	6	11.52063	20
6	--	0.776539	0.701345	7	12.22197	21
7	--	0.846168	0.81743	8	13.0394	22
8	--	1.859062	0.619221	9	13.65862	23
9	--	1.541598	1.426294	10	15.08491	24

test #5
6	--	1.086608	0.692013	7	0.69201	1
7	--	1.095008	1.185059	6	1.78702	2
6	--	0.810523	0.959866	5	2.59754	3
5	--	0.344876	0.552256	4	2.94242	4
4	--	0.854805	0.405589	5	3.34801	5
5	--	0.501961	0.355621	6	3.70363	6
6	--	0.787746	0.90696	5	4.49138	7
5	--	0.403298	1.10964	4	4.89468	8
4	--	1.110487	0.876564	5	5.77124	9
5	--	0.59905	0.414495	6	6.18574	10
6	--	0.492673	1.02944	5	6.67841	11
5	--	0.98422	0.748057	6	7.42647	12
6	--	1.194133	0.375412	7	7.80188	13
7	--	1.200591	0.567923	8	8.3698	14
8	--	0.781681	1.550096	7	9.15148	15
7	--	0.834147	0.534917	8	9.6864	16
8	--	0.738119	1.354919	7	10.42452	17
7	--	0.982785	1.389928	6	11.40731	18
6	--	1.126595	1.084101	7	12.49141	19
7	--	0.568377	0.498484	8	12.98989	20
8	--	0.583094	1.327221	7	13.57298	21
7	--	0.964703	0.666922	8	14.2399	22
8	--	1.279242	0.881546	9	15.12145	23
9	--	2.458786	2.372086	10	17.49354	24

test #6
6	--	0.857806	1.201083	5	0.85781	1
5	--	0.879956	0.836746	6	1.69456	2
6	--	0.442693	1.099067	5	2.13725	3
5	--	0.354586	0.534118	4	2.49184	4
4	--	0.491811	0.371954	5	2.86379	5
5	--	0.812084	1.160113	4	3.67587	6
4	--	0.71885	0.411608	5	4.08748	7
5	--	1.006016	0.374021	6	4.4615	8
6	--	0.913849	0.82657	7	5.28807	9
7	--	1.176752	1.221282	6	6.46482	10
6	--	0.745667	1.210091	5	7.21049	11
5	--	1.006074	0.444398	6	7.65489	12
6	--	1.010022	0.542867	7	8.19776	13
7	--	0.626811	0.468698	8	8.66646	14
8	--	1.563263	0.57668	9	9.24314	15
9	--	1.195976	1.472049	8	10.43912	16
8	--	0.994945	1.5043	7	11.43406	17
7	--	0.619737	0.651662	6	12.0538	18
6	--	0.566261	0.484646	7	12.53845	19
7	--	0.600014	1.062417	6	13.13846	20
6	--	0.371041	0.488267	5	13.5095	21
5	--	0.709995	0.49512	6	14.00462	22
6	--	0.589365	0.791953	5	14.59399	23
5	--	0.400068	0.756103	4	14.99406	24
4	--	0.496574	0.677085	3	15.49063	25
3	--	0.968221	0.647627	4	16.13826	26
4	--	0.704484	0.454939	5	16.5932	27
5	--	0.444828	0.525947	4	17.03803	28
4	--	1.208998	0.737374	5	17.7754	29
5	--	0.505172	0.613065	4	18.28057	30
4	--	0.417013	0.440998	3	18.69758	31
3	--	0.8112	0.720136	4	19.41772	32
4	--	0.955615	0.534591	5	19.95231	33
5	--	0.412863	0.732362	4	20.36517	34
4	--	0.635351	0.484351	5	20.84952	35
5	--	0.961283	0.540102	6	21.38962	36
6	--	0.823287	0.385329	7	21.77495	37
7	--	0.473761	0.910851	6	22.24871	38
6	--	0.590445	0.665544	5	22.83915	39
5	--	0.859897	0.918789	4	23.69905	40
4	--	1.049577	0.732783	5	24.43183	41
5	--	0.645737	0.669825	4	25.07757	42
4	--	0.787417	0.735079	5	25.81265	43
5	--	0.777296	0.778326	4	26.58995	44
4	--	0.573906	0.912951	3	27.16386	45
3	--	0.522373	0.879621	2	27.68623	46
2	--	0.936472	1.28463	1	28.6227	47
1	--	3.197516	2.455432	2	31.07813	48
2	--	0.905885	1.479081	1	31.98402	49
1	--	0.967263	0.942169	2	32.92619	50
2	--	1.155459	0.54083	3	33.46702	51
3	--	1.305197	1.130141	4	34.59716	52
4	--	0.520907	0.976971	3	35.11807	53
3	--	1.372362	1.352784	4	36.47085	54
4	--	0.45097	0.727205	3	36.92182	55
3	--	0.802018	1.31051	2	37.72384	56
2	--	1.161579	0.681682	3	38.40552	57
3	--	1.31771	0.549598	4	38.95512	58
4	--	1.076771	0.366193	5	39.32131	59
5	--	1.160672	0.947615	6	40.26892	60
6	--	0.511815	0.641975	5	40.78074	61
5	--	1.192484	0.973031	6	41.75377	62
6	--	0.880174	0.398057	7	42.15183	63
7	--	0.55086	0.81544	6	42.70269	64
6	--	0.74286	1.124588	5	43.44555	65
5	--	0.767545	0.377475	6	43.82303	66
6	--	0.980378	0.608845	7	44.43187	67
7	--	0.422181	0.786733	6	44.85405	68
6	--	0.53223	0.524171	7	45.37822	69
7	--	1.144144	1.113372	8	46.49159	70
8	--	0.651145	0.735195	7	47.14273	71
7	--	1.094106	0.588627	8	47.73136	72
8	--	0.528739	1.713464	7	48.2601	73
7	--	0.716089	0.396779	8	48.65688	74
8	--	0.978339	0.953796	9	49.61068	75
9	--	1.219795	3.229034	8	50.83047	76
8	--	1.253178	1.639973	7	52.08365	77
7	--	1.251565	0.870066	8	52.95372	78
8	--	0.75182	1.346999	7	53.70554	79
7	--	0.517306	1.344332	6	54.22285	80
6	--	1.222972	0.535776	7	54.75863	81
7	--	1.365356	1.212928	8	55.97156	82
8	--	0.789249	1.178444	7	56.76081	83
7	--	0.793687	0.585682	8	57.34649	84
8	--	0.850146	1.446964	7	58.19664	85
7	--	0.486903	0.518241	6	58.68354	86
6	--	0.461167	1.185515	5	59.14471	87
5	--	0.732976	0.378	6	59.52271	88
6	--	0.602343	0.659343	5	60.12505	89
5	--	0.945204	1.015987	4	61.07025	90
4	--	0.505794	0.802615	3	61.57604	91
3	--	1.043433	1.075826	2	62.61947	92
2	--	1.310336	1.545387	1	63.92981	93
1	--	1.517512	2.117481	0	65.44732	94

test #7
6	--	0.604039	0.688891	5	0.60404	1
5	--	0.509966	0.681054	4	1.11401	2
4	--	1.013694	1.179348	3	2.1277	3
3	--	1.173352	0.871707	4	2.99941	4
4	--	0.616708	0.844179	3	3.61612	5
3	--	0.436807	0.755173	2	4.05293	6
2	--	0.896874	0.818933	3	4.87186	7
3	--	0.614139	0.458937	4	5.3308	8
4	--	0.453971	0.61084	3	5.78477	9
3	--	0.418864	0.546416	2	6.20363	10
2	--	0.794539	1.71356	1	6.99817	11
1	--	1.618746	1.985004	0	8.61692	12

test #8
6	--	1.146015	0.548182	7	0.54818	1
7	--	0.481735	0.483196	6	1.02992	2
6	--	0.907612	0.453127	7	1.48305	3
7	--	0.917422	0.685137	8	2.16819	4
8	--	0.750598	0.837427	7	2.91879	5
7	--	0.587727	1.175257	6	3.50652	6
6	--	0.905889	0.96999	5	4.41241	7
5	--	0.517916	0.671246	4	4.93033	8
4	--	0.541419	0.644874	3	5.47175	9
3	--	1.406872	0.595377	4	6.06713	10
4	--	0.987387	0.391785	5	6.45891	11
5	--	1.101066	0.95858	6	7.41749	12
6	--	0.952362	0.71784	7	8.13533	13
7	--	1.170041	0.708737	8	8.84407	14
8	--	1.866153	0.722697	9	9.56677	15
9	--	2.962018	2.195001	10	11.76177	16

test #9
6	--	0.688062	0.883973	5	0.68806	1
5	--	0.892919	0.410544	6	1.0986	2
6	--	0.377171	0.672239	5	1.47577	3
5	--	0.752144	0.543004	6	2.01877	4
6	--	0.930874	0.949634	5	2.94964	5
5	--	0.562231	0.749217	4	3.51187	6
4	--	0.600402	0.579501	5	4.09137	7
5	--	1.073005	0.357799	6	4.44917	8
6	--	1.186768	0.716048	7	5.16522	9
7	--	1.338305	1.107122	8	6.27234	10
8	--	0.64887	0.555549	9	6.82789	11
9	--	1.588948	2.274729	8	8.41684	12
8	--	1.534488	1.150461	9	9.5673	13
9	--	1.27836	2.340952	8	10.84566	14
8	--	1.608673	1.415706	9	12.26137	15
9	--	1.747665	1.272291	10	13.53366	16

test #10
6	--	0.836981	0.73825	7	0.73825	1
7	--	0.855417	0.606836	8	1.34509	2
8	--	0.996142	0.830568	9	2.17566	3
9	--	1.082416	2.647296	8	3.25808	4
8	--	0.774266	0.748185	9	4.00626	5
9	--	2.444524	2.494901	8	6.45078	6
8	--	0.66885	0.841611	7	7.11963	7
7	--	1.048927	0.73186	8	7.85149	8
8	--	1.557125	1.261129	9	9.11262	9
9	--	1.281937	2.071477	8	10.39456	10
8	--	0.825555	1.474579	7	11.22012	11
7	--	0.49937	0.708482	6	11.71949	12
6	--	0.823873	1.153753	5	12.54336	13
5	--	0.674238	1.139273	4	13.2176	14
4	--	0.939266	0.987763	3	14.15687	15
3	--	0.738471	1.025387	2	14.89534	16
2	--	0.852647	1.564762	1	15.74799	17
1	--	2.39432	1.1806	2	16.92859	18
2	--	1.125822	0.798563	3	17.72715	19
3	--	1.347394	0.766843	4	18.49399	20
4	--	0.933494	1.01566	3	19.42748	21
3	--	1.110865	0.971844	4	20.39932	22
4	--	0.791088	0.935714	3	21.19041	23
3	--	1.249725	1.136314	4	22.32672	24
4	--	0.757326	0.597049	5	22.92377	25
5	--	1.132263	0.416899	6	23.34067	26
6	--	0.400982	0.831457	5	23.74165	27
5	--	0.970703	1.047201	4	24.71235	28
4	--	0.945143	1.024922	3	25.65749	29
3	--	0.761361	0.590542	4	26.24803	30
4	--	0.687069	0.553104	5	26.80113	31
5	--	0.79595	0.819203	4	27.59708	32
4	--	0.366768	0.562666	3	27.96385	33
3	--	0.981538	0.942098	4	28.90595	34
4	--	0.797592	0.516617	5	29.42257	35
5	--	1.164613	0.40075	6	29.82332	36
6	--	0.967469	1.072693	5	30.79079	37
5	--	0.61418	0.797375	4	31.40497	38
4	--	0.512052	0.367061	5	31.77203	39
5	--	0.511387	1.015571	4	32.28342	40
4	--	0.67584	0.781493	3	32.95926	41
3	--	1.176767	1.248409	2	34.13603	42
2	--	1.255711	1.239908	3	35.37594	43
3	--	0.698891	0.472062	4	35.848	44
4	--	0.517516	0.53607	3	36.36552	45
3	--	0.541431	1.01666	2	36.90695	46
2	--	0.859134	1.099866	1	37.76608	47
1	--	1.087304	1.323165	0	38.85338	48

test #11
6	--	0.701244	0.399911	7	0.39991	1
7	--	0.6898	0.853353	6	1.08971	2
6	--	0.801818	1.213777	5	1.89153	3
5	--	0.442124	0.493166	4	2.33365	4
4	--	0.415776	0.347728	5	2.68138	5
5	--	1.071776	0.980014	6	3.66139	6
6	--	0.810318	0.673678	7	4.33507	7
7	--	1.174484	0.582956	8	4.91803	8
8	--	1.352477	1.108645	9	6.02668	9
9	--	2.448293	2.314047	10	8.34073	10

test #12
6	--	0.414339	0.574114	5	0.41434	1
5	--	0.469252	0.624075	4	0.88359	2
4	--	0.387579	0.401017	3	1.27117	3
3	--	0.946963	1.070381	2	2.21813	4
2	--	0.640211	0.588712	3	2.80684	5
3	--	0.641681	0.446157	4	3.253	6
4	--	0.731093	1.212288	3	3.98409	7
3	--	0.703391	0.655125	4	4.63921	8
4	--	1.213988	0.615232	5	5.25444	9
5	--	0.392551	0.382746	6	5.63719	10
6	--	0.745957	0.821205	5	6.38315	11
5	--	0.655722	0.496954	6	6.8801	12
6	--	0.540188	0.453401	7	7.3335	13
7	--	1.338993	1.135039	8	8.46854	14
8	--	1.219363	1.535911	7	9.6879	15
7	--	0.656262	1.381109	6	10.34416	16
6	--	1.193163	0.629152	7	10.97331	17
7	--	0.84204	0.925985	6	11.81535	18
6	--	0.869652	0.575812	7	12.39116	19
7	--	1.17221	1.068944	8	13.4601	20
8	--	1.196858	0.600252	9	14.06035	21
9	--	2.319618	1.289906	10	15.35026	22

test #13
6	--	0.344687	0.421626	5	0.34469	1
5	--	0.934605	0.453635	6	0.79833	2
6	--	1.047335	0.906396	7	1.70473	3
7	--	0.471097	1.397869	6	2.17583	4
6	--	0.389359	0.531509	5	2.56519	5
5	--	1.006719	0.539092	6	3.10428	6
6	--	0.561864	0.727858	5	3.66614	7
5	--	0.667455	0.846632	4	4.3336	8
4	--	0.45012	0.892993	3	4.78372	9
3	--	0.991447	1.094082	2	5.77517	10
2	--	1.764162	0.599013	3	6.37418	11
3	--	0.638928	0.904432	2	7.01311	12
2	--	0.601411	1.256862	1	7.61452	13
1	--	1.78969	1.241101	2	8.85562	14
2	--	1.360551	0.716112	3	9.57173	15
3	--	0.490314	0.846687	2	10.06204	16
2	--	0.575893	1.265463	1	10.63793	17
1	--	2.464846	1.620017	2	12.25795	18
2	--	1.293354	1.152282	3	13.41023	19
3	--	1.321798	0.721098	4	14.13133	20
4	--	0.599257	0.636046	3	14.73059	21
3	--	0.559951	0.505751	4	15.23634	22
4	--	0.433475	0.765483	3	15.66981	23
3	--	0.456497	1.093805	2	16.12631	24
2	--	0.683644	1.163328	1	16.80995	25
1	--	3.246178	1.821511	2	18.63146	26
2	--	1.656132	1.056125	3	19.68758	27
3	--	0.649895	0.828132	2	20.33748	28
2	--	1.862623	1.084688	3	21.42217	29
3	--	1.208472	1.223633	2	22.63064	30
2	--	0.850275	0.731404	3	23.36204	31
3	--	0.597224	0.425233	4	23.78727	32
4	--	0.34612	0.675591	3	24.13339	33
3	--	0.488932	0.514513	2	24.62232	34
2	--	0.670898	1.799055	1	25.29322	35
1	--	1.191147	1.712347	0	26.48437	36

test #14
6	--	0.509018	0.84396	5	0.50902	1
5	--	0.514166	0.490029	6	0.99905	2
6	--	0.741378	0.353743	7	1.35279	3
7	--	0.47213	0.732837	6	1.82492	4
6	--	1.037019	0.970409	7	2.79533	5
7	--	1.321203	0.603087	8	3.39842	6
8	--	1.028789	1.357229	7	4.42721	7
7	--	1.01555	0.900709	8	5.32792	8
8	--	0.992931	0.567622	9	5.89554	9
9	--	1.02071	2.101898	8	6.91625	10
8	--	1.476062	0.963035	9	7.87928	11
9	--	1.711458	3.190439	8	9.59074	12
8	--	1.277302	1.074661	9	10.6654	13
9	--	0.949411	2.340874	8	11.61481	14
8	--	1.297565	1.360842	7	12.91238	15
7	--	1.037068	0.489123	8	13.4015	16
8	--	1.866373	0.533534	9	13.93503	17
9	--	1.221106	2.481285	8	15.15614	18
8	--	0.819609	1.088365	7	15.97575	19
7	--	0.74372	0.730956	8	16.70671	20
8	--	1.611903	1.113313	9	17.82002	21
9	--	0.929016	2.395356	8	18.74904	22
8	--	1.437358	1.2959	9	20.04494	23
9	--	1.798135	0.927118	10	20.97206	24

test #15
6	--	0.519833	1.152821	5	0.51983	1
5	--	0.480494	0.546749	4	1.00032	2
4	--	0.725415	0.980321	3	1.72574	3
3	--	0.582883	0.901479	2	2.30862	4
2	--	0.843514	0.990667	1	3.15213	5
1	--	1.259927	2.320907	0	4.41206	6

test #16
6	--	1.021608	0.72003	7	0.72003	1
7	--	0.495328	0.607224	6	1.21536	2
6	--	0.536127	0.835472	5	1.75149	3
5	--	0.352137	0.573776	4	2.10363	4
4	--	0.776491	0.370104	5	2.47373	5
5	--	0.354179	0.591144	4	2.82791	6
4	--	0.752028	0.372868	5	3.20078	7
5	--	0.797252	1.053129	4	3.99803	8
4	--	0.954436	0.633994	5	4.63202	9
5	--	0.337348	1.058567	4	4.96937	10
4	--	0.620609	1.008048	3	5.58998	11
3	--	0.578776	1.254271	2	6.16876	12
2	--	0.602084	1.228041	1	6.77084	13
1	--	1.986574	2.459334	0	8.75741	14

test #17
6	--	1.125029	0.479274	7	0.47927	1
7	--	1.250751	1.380022	6	1.73002	2
6	--	0.394892	0.911216	5	2.12491	3
5	--	0.899001	0.497363	6	2.62227	4
6	--	0.62263	0.500337	7	3.12261	5
7	--	0.416226	1.296958	6	3.53884	6
6	--	0.380957	0.983704	5	3.9198	7
5	--	0.573304	0.996519	4	4.4931	8
4	--	0.998088	0.502109	5	4.99521	9
5	--	1.171445	0.99575	6	5.99096	10
6	--	1.079887	0.895078	7	6.88604	11
7	--	0.705622	0.616008	8	7.50205	12
8	--	0.57396	0.825772	7	8.07601	13
7	--	1.391101	1.260248	8	9.33626	14
8	--	1.753214	0.921044	9	10.2573	15
9	--	2.059277	1.667112	10	11.92441	16

test #18
6	--	0.916853	0.686258	7	0.68626	1
7	--	0.694194	0.995641	6	1.38045	2
6	--	0.704871	1.238164	5	2.08532	3
5	--	0.411298	0.608577	4	2.49662	4
4	--	0.81	0.654003	5	3.15062	5
5	--	0.726272	1.045461	4	3.87689	6
4	--	0.683048	0.898627	3	4.55994	7
3	--	0.983453	1.281772	2	5.54339	8
2	--	0.531577	1.594891	1	6.07497	9
1	--	1.793596	1.720372	2	7.79534	10
2	--	0.645263	1.298641	1	8.4406	11
1	--	2.349698	2.041985	2	10.48258	12
2	--	1.537309	1.285815	3	11.76839	13
3	--	0.53682	0.412669	4	12.18106	14
4	--	0.77614	0.506532	5	12.68759	15
5	--	0.761571	0.678365	6	13.36595	16
6	--	0.443421	0.959322	5	13.80937	17
5	--	0.840781	0.348999	6	14.15837	18
6	--	1.027449	1.016701	7	15.17507	19
7	--	0.956491	0.497724	8	15.67279	20
8	--	0.735566	1.80881	7	16.40836	21
7	--	0.414713	0.659825	6	16.82307	22
6	--	0.394079	0.430932	5	17.21715	23
5	--	0.541271	0.88018	4	17.75842	24
4	--	0.589401	1.013257	3	18.34782	25
3	--	0.406327	0.920399	2	18.75415	26
2	--	1.232676	1.568497	1	19.98683	27
1	--	1.610477	2.141567	0	21.59731	28

test #19
6	--	0.558364	0.623843	5	0.55836	1
5	--	0.740548	0.600156	6	1.15852	2
6	--	0.705401	0.945326	5	1.86392	3
5	--	0.393265	1.19446	4	2.25718	4
4	--	0.687951	0.372569	5	2.62975	5
5	--	0.506822	0.686538	4	3.13657	6
4	--	1.021323	0.626515	5	3.76309	7
5	--	0.724139	0.888213	4	4.48723	8
4	--	0.596109	0.904073	3	5.08334	9
3	--	0.500431	0.991794	2	5.58377	10
2	--	1.691701	1.233903	3	6.81767	11
3	--	0.926437	1.242237	2	7.74411	12
2	--	1.681686	1.20858	3	8.95269	13
3	--	1.112778	0.749625	4	9.70231	14
4	--	0.679981	1.014903	3	10.38229	15
3	--	0.738459	0.539989	4	10.92228	16
4	--	0.660609	0.9566	3	11.58289	17
3	--	0.399341	1.194663	2	11.98223	18
2	--	0.76033	1.45537	1	12.74256	19
1	--	1.582265	2.246801	0	14.32483	20

test #20
6	--	0.430614	0.755258	5	0.43061	1
5	--	0.966674	0.54419	6	0.9748	2
6	--	0.389449	0.376195	7	1.351	3
7	--	0.421776	0.483485	6	1.77278	4
6	--	0.850597	0.455866	7	2.22865	5
7	--	0.700321	0.936327	6	2.92897	6
6	--	0.894347	0.623547	7	3.55252	7
7	--	0.599525	1.29845	6	4.15204	8
6	--	0.843083	0.428024	7	4.58006	9
7	--	0.797727	0.937307	6	5.37779	10
6	--	1.067344	0.934031	7	6.31182	11
7	--	0.733755	0.690427	8	7.00225	12
8	--	1.652444	0.594795	9	7.59704	13
9	--	1.274918	2.81488	8	8.87196	14
8	--	0.938933	0.958279	7	9.81089	15
7	--	0.635153	0.802456	6	10.44604	16
6	--	0.588837	1.002615	5	11.03488	17
5	--	1.070728	0.96305	6	11.99793	18
6	--	0.686908	0.998486	5	12.68484	19
5	--	0.74776	0.550374	6	13.23521	20
6	--	0.591093	0.660556	5	13.8263	21
5	--	0.756335	0.599772	6	14.42607	22
6	--	0.60087	0.839244	5	15.02694	23
5	--	0.526942	0.775692	4	15.55388	24
4	--	0.415043	1.030595	3	15.96892	25
3	--	0.644692	1.147929	2	16.61361	26
2	--	0.727011	1.847121	1	17.34062	27
1	--	1.205897	1.361417	0	18.54652	28

test #21
6	--	1.014125	0.6247	7	0.6247	1
7	--	0.586587	1.348592	6	1.21129	2
6	--	0.539476	0.451458	7	1.66275	3
7	--	0.551914	0.769353	6	2.21466	4
6	--	0.45282	0.678157	5	2.66748	5
5	--	0.702603	0.749393	4	3.37008	6
4	--	0.610411	0.589458	5	3.95954	7
5	--	0.764348	0.426931	6	4.38647	8
6	--	0.576042	1.200341	5	4.96251	9
5	--	1.148534	0.725865	6	5.68837	10
6	--	0.922953	0.709174	7	6.39754	11
7	--	0.88495	0.637113	8	7.03465	12
8	--	1.27811	0.588058	9	7.62271	13
9	--	2.205171	1.440833	10	9.06354	14

test #22
6	--	0.995218	0.617825	7	0.61782	1
7	--	1.16612	0.491365	8	1.10918	2
8	--	1.31244	0.853673	9	1.96285	3
9	--	2.378155	1.787221	10	3.75007	4

test #23
6	--	0.408064	1.222802	5	0.40806	1
5	--	0.519562	0.707687	4	0.92762	2
4	--	0.724702	0.994149	3	1.65232	3
3	--	0.80608	0.509534	4	2.16185	4
4	--	0.742751	1.029669	3	2.9046	5
3	--	0.499079	0.555871	2	3.40368	6
2	--	0.524502	1.31636	1	3.92818	7
1	--	2.384891	1.603614	2	5.53179	8
2	--	1.546748	1.015118	3	6.54691	9
3	--	0.884121	0.455167	4	7.00208	10
4	--	0.722874	0.763852	3	7.72495	11
3	--	0.653116	0.550752	4	8.2757	12
4	--	0.543004	0.483069	5	8.75877	13
5	--	0.452037	0.694847	4	9.21081	14
4	--	0.464724	0.759597	3	9.67553	15
3	--	1.136999	0.819279	4	10.49481	16
4	--	0.61171	0.772791	3	11.10652	17
3	--	0.803483	0.480829	4	11.58735	18
4	--	1.124027	0.675986	5	12.26334	19
5	--	0.924951	0.678355	6	12.9417	20
6	--	0.630835	1.052062	5	13.57254	21
5	--	0.801223	0.370187	6	13.94273	22
6	--	0.575873	0.825804	5	14.5186	23
5	--	0.726093	0.470428	6	14.98903	24
6	--	1.121523	0.473722	7	15.46275	25
7	--	1.323163	1.296235	8	16.75899	26
8	--	1.276516	0.827685	9	17.58668	27
9	--	2.043372	2.959508	8	19.63005	28
8	--	0.579583	1.332498	7	20.20963	29
7	--	0.557765	1.380837	6	20.76739	30
6	--	0.733094	0.715664	7	21.48305	31
7	--	0.708975	0.411696	8	21.89475	32
8	--	1.141581	1.335978	7	23.03633	33
7	--	0.943922	0.561813	8	23.59814	34
8	--	1.807163	0.823324	9	24.42146	35
9	--	1.972952	1.032416	10	25.45388	36

test #24
6	--	0.445056	0.804223	5	0.44506	1
5	--	0.787806	0.418584	6	0.86364	2
6	--	0.92453	1.045628	5	1.78817	3
5	--	1.072334	0.463433	6	2.2516	4
6	--	0.832261	0.750286	7	3.00189	5
7	--	0.6062	1.004572	6	3.60809	6
6	--	0.531482	0.609825	5	4.13957	7
5	--	0.463124	0.617476	4	4.60269	8
4	--	0.719638	0.861365	3	5.32233	9
3	--	0.730908	0.404606	4	5.72694	10
4	--	0.85031	0.853467	3	6.57725	11
3	--	0.996207	0.56699	4	7.14424	12
4	--	0.495128	0.366138	5	7.51038	13
5	--	1.17121	1.109789	6	8.62017	14
6	--	1.096271	1.043388	7	9.66356	15
7	--	0.633142	1.037056	6	10.2967	16
6	--	1.111565	0.796826	7	11.09353	17
7	--	0.792873	0.888729	6	11.8864	18
6	--	1.176129	0.381294	7	12.26769	19
7	--	0.41023	0.786957	6	12.67792	20
6	--	0.369133	0.895505	5	13.04705	21
5	--	1.138248	0.575572	6	13.62262	22
6	--	1.060797	0.426344	7	14.04896	23
7	--	0.511202	0.590491	6	14.56016	24
6	--	0.73378	0.359025	7	14.91918	25
7	--	1.122511	0.809388	8	15.72857	26
8	--	1.371205	0.679266	9	16.40784	27
9	--	2.220674	2.42274	8	18.62851	28
8	--	0.702531	1.165039	7	19.33104	29
7	--	1.128429	1.247391	6	20.45947	30
6	--	0.511926	0.365388	7	20.82486	31
7	--	0.620984	0.606328	8	21.43119	32
8	--	1.009822	1.572856	7	22.44101	33
7	--	0.430899	0.639519	6	22.87191	34
6	--	0.961897	0.847835	7	23.71975	35
7	--	0.64651	0.463434	8	24.18318	36
8	--	1.078475	1.115999	7	25.26166	37
7	--	0.94619	0.915001	8	26.17666	38
8	--	1.180285	1.858969	7	27.35695	39
7	--	0.959556	1.050681	6	28.31651	40
6	--	0.596758	0.533037	7	28.84955	41
7	--	1.332958	0.993724	8	29.84327	42
8	--	0.841226	0.677284	9	30.52055	43
9	--	2.471384	1.183281	10	31.70383	44

test #25
6	--	0.699799	0.909574	5	0.6998	1
5	--	0.498609	1.048558	4	1.19841	2
4	--	0.626556	0.360489	5	1.5589	3
5	--	0.826571	0.77735	6	2.33625	4
6	--	0.86705	0.581808	7	2.91806	5
7	--	1.328638	0.486847	8	3.40491	6
8	--	0.865861	1.354771	7	4.27077	7
7	--	1.191994	0.953955	8	5.22472	8
8	--	1.600251	0.640211	9	5.86493	9
9	--	2.975479	1.005214	10	6.87014	10

test #26
6	--	0.736308	1.058327	5	0.73631	1
5	--	0.485662	1.189133	4	1.22197	2
4	--	0.917282	1.115613	3	2.13925	3
3	--	1.395817	0.674613	4	2.81386	4
4	--	0.687315	0.634959	5	3.44882	5
5	--	0.506343	1.036685	4	3.95516	6
4	--	0.997269	0.431868	5	4.38703	7
5	--	0.832379	0.478899	6	4.86593	8
6	--	0.434795	1.222504	5	5.30072	9
5	--	0.367668	0.371262	4	5.66839	10
4	--	0.77598	0.514574	5	6.18296	11
5	--	0.354982	0.876752	4	6.53794	12
4	--	1.101264	0.756941	5	7.29488	13
5	--	1.177195	0.406279	6	7.70116	14
6	--	1.147169	0.59608	7	8.29724	15
7	--	0.511759	0.826474	6	8.809	16
6	--	0.497953	0.402414	7	9.21141	17
7	--	0.823626	0.502976	8	9.71439	18
8	--	1.043558	1.562788	7	10.75795	19
7	--	0.397921	0.592416	6	11.15587	20
6	--	0.61266	0.669751	5	11.76853	21
5	--	0.339565	0.947048	4	12.1081	22
4	--	0.343721	0.806152	3	12.45182	23
3	--	0.559398	0.501066	4	12.95289	24
4	--	0.85293	0.369306	5	13.3222	25
5	--	1.012533	0.83796	6	14.16016	26
6	--	1.027941	0.38201	7	14.54217	27
7	--	0.894662	0.656094	8	15.19826	28
8	--	0.880128	0.641885	9	15.84015	29
9	--	0.941803	1.242656	8	16.78195	30
8	--	0.579094	1.219626	7	17.36104	31
7	--	0.686747	0.592137	8	17.95318	32
8	--	1.349677	0.966656	9	18.91984	33
9	--	2.689022	2.148011	10	21.06785	34

test #27
6	--	0.580695	0.384184	7	0.38418	1
7	--	0.835976	1.376356	6	1.22016	2
6	--	0.421175	0.912003	5	1.64134	3
5	--	0.436939	1.053609	4	2.07828	4
4	--	1.142197	0.762256	5	2.84054	5
5	--	0.383762	0.346771	6	3.18731	6
6	--	1.169154	0.423458	7	3.61077	7
7	--	0.568085	0.924982	6	4.17885	8
6	--	0.734101	0.855236	5	4.91295	9
5	--	1.097071	0.568912	6	5.48186	10
6	--	0.501151	0.921656	5	5.98301	11
5	--	1.051054	0.681805	6	6.66481	12
6	--	0.45719	1.10865	5	7.122	13
5	--	0.480853	1.092544	4	7.60285	14
4	--	0.40006	0.543298	3	8.00291	15
3	--	0.877601	0.54918	4	8.55209	16
4	--	0.610219	0.527537	5	9.07963	17
5	--	1.19805	0.575831	6	9.65546	18
6	--	0.941028	0.883773	7	10.53923	19
7	--	0.87868	0.41582	8	10.95505	20
8	--	0.955197	0.742761	9	11.69781	21
9	--	0.994515	2.36719	8	12.69233	22
8	--	0.553181	0.970833	7	13.24551	23
7	--	0.863016	0.746371	8	13.99188	24
8	--	1.699836	0.690904	9	14.68278	25
9	--	1.722378	2.416096	8	16.40516	26
8	--	0.891501	0.603726	9	17.00889	27
9	--	2.98164	1.106269	10	18.11516	28

test #28
6	--	0.68526	0.749387	5	0.68526	1
5	--	0.752691	0.552426	6	1.23769	2
6	--	0.481253	0.796578	5	1.71894	3
5	--	0.462592	0.881221	4	2.18153	4
4	--	0.347609	0.535422	3	2.52914	5
3	--	1.189177	1.052326	4	3.58147	6
4	--	0.974178	0.531849	5	4.11332	7
5	--	0.852761	0.349336	6	4.46266	8
6	--	0.931647	0.561027	7	5.02369	9
7	--	1.110859	0.890078	8	5.91377	10
8	--	1.785759	0.615581	9	6.52935	11
9	--	1.340709	2.342409	8	7.87006	12
8	--	0.731817	0.94783	7	8.60188	13
7	--	0.701682	0.458353	8	9.06023	14
8	--	0.587739	1.714869	7	9.64797	15
7	--	1.126964	0.450177	8	10.09815	16
8	--	1.50605	0.94884	9	11.04699	17
9	--	1.216613	2.911146	8	12.2636	18
8	--	1.554601	0.53344	9	12.79704	19
9	--	1.437064	2.632598	8	14.2341	20
8	--	1.344514	1.516112	7	15.57861	21
7	--	0.662396	0.81262	6	16.24101	22
6	--	0.412721	0.413513	5	16.65373	23
5	--	0.693975	0.492771	6	17.1465	24
6	--	1.034323	0.446131	7	17.59263	25
7	--	0.700611	1.124441	6	18.29324	26
6	--	0.775609	1.078087	5	19.06885	27
5	--	0.754725	0.649737	6	19.71859	28
6	--	0.606879	0.808443	5	20.32547	29
5	--	0.880775	0.448784	6	20.77425	30
6	--	0.341932	0.42781	5	21.11618	31
5	--	0.382046	0.346118	6	21.4623	32
6	--	0.555932	0.53704	7	21.99934	33
7	--	0.404817	0.730656	6	22.40416	34
6	--	0.643525	0.577359	7	22.98152	35
7	--	0.879853	0.468046	8	23.44957	36
8	--	1.06633	0.709377	9	24.15895	37
9	--	1.932706	1.520582	10	25.67953	38

test #29
6	--	0.3929	0.369551	7	0.36955	1
7	--	0.666986	0.54995	8	0.9195	2
8	--	0.960212	0.696485	9	1.61599	3
9	--	2.541651	1.294594	10	2.91058	4

test #30
6	--	0.455236	0.506842	5	0.45524	1
5	--	0.461606	0.61944	4	0.91685	2
4	--	0.663512	0.749331	3	1.58036	3
3	--	0.983673	0.581267	4	2.16163	4
4	--	0.67515	0.364637	5	2.52627	5
5	--	0.693069	0.526677	6	3.05295	6
6	--	0.986193	0.850189	7	3.90314	7
7	--	1.231416	0.448424	8	4.35156	8
8	--	1.474367	0.714492	9	5.06605	9
9	--	3.036223	2.741173	10	7.80722	10

test #31
6	--	0.923117	1.145971	5	0.92312	1
5	--	0.706318	0.342194	6	1.26531	2
6	--	0.392896	0.605736	5	1.65821	3
5	--	0.752006	0.39795	6	2.05616	4
6	--	1.111117	1.091129	7	3.14729	5
7	--	0.394605	0.502218	6	3.54189	6
6	--	0.964225	0.437673	7	3.97956	7
7	--	1.084115	1.294625	6	5.06367	8
6	--	0.963912	0.470089	7	5.53376	9
7	--	1.274651	1.419381	6	6.80841	10
6	--	0.828277	0.667122	7	7.47553	11
7	--	0.999088	0.596173	8	8.0717	12
8	--	0.940082	1.462582	7	9.01178	13
7	--	1.021299	1.198132	6	10.03308	14
6	--	0.512638	0.8912	5	10.54572	15
5	--	0.817049	0.902253	4	11.36277	16
4	--	0.477024	0.949428	3	11.83979	17
3	--	0.750067	1.139811	2	12.58986	18
2	--	0.805402	1.04074	1	13.39526	19
1	--	2.741419	1.517777	2	14.91304	20
2	--	1.746919	1.260008	3	16.17305	21
3	--	1.161196	0.950318	4	17.12337	22
4	--	0.354384	0.483651	3	17.47775	23
3	--	0.842283	1.099645	2	18.32003	24
2	--	0.700058	1.750134	1	19.02009	25
1	--	3.203591	1.07821	2	20.0983	26
2	--	0.562007	0.642025	1	20.66031	27
1	--	1.200526	2.680133	0	21.86084	28

test #32
6	--	0.938383	0.568879	7	0.56888	1
7	--	1.022958	0.5451	8	1.11398	2
8	--	0.983297	1.809772	7	2.09728	3
7	--	1.417061	0.52636	8	2.62364	4
8	--	1.29933	1.375818	7	3.92297	5
7	--	0.791448	1.413675	6	4.71442	6
6	--	0.646007	0.714619	5	5.36043	7
5	--	0.774286	0.561914	6	5.92234	8
6	--	0.858972	0.748753	7	6.67109	9
7	--	0.693791	0.557599	8	7.22869	10
8	--	1.304942	1.256951	9	8.48564	11
9	--	1.133708	2.28637	8	9.61935	12
8	--	0.6458	0.791712	7	10.26515	13
7	--	0.411704	0.624467	6	10.67685	14
6	--	0.433563	0.971534	5	11.11041	15
5	--	0.569856	0.783363	4	11.68027	16
4	--	0.846552	0.773551	5	12.45382	17
5	--	0.354157	1.186589	4	12.80798	18
4	--	0.65217	1.030366	3	13.46015	19
3	--	1.04735	0.788279	4	14.24843	20
4	--	0.472684	0.979936	3	14.72111	21
3	--	1.010558	0.489768	4	15.21088	22
4	--	0.558117	1.005416	3	15.769	23
3	--	0.477622	0.861441	2	16.24662	24
2	--	1.665357	1.14473	3	17.39135	25
3	--	0.738286	1.208674	2	18.12964	26
2	--	0.738263	1.109876	1	18.8679	27
1	--	2.99256	1.337363	2	20.20526	28
2	--	0.919092	0.775375	3	20.98064	29
3	--	0.614906	0.668964	2	21.59555	30
2	--	1.073345	1.421338	1	22.66889	31
1	--	1.806293	0.974745	2	23.64363	32
2	--	1.32791	1.2404	3	24.88403	33
3	--	0.896261	1.319162	2	25.78029	34
2	--	0.838666	0.660786	3	26.44108	35
3	--	1.321748	1.120827	4	27.56191	36
4	--	0.876779	0.799317	5	28.36123	37
5	--	0.369864	0.397039	4	28.73109	38
4	--	0.349921	0.821684	3	29.08101	39
3	--	1.05982	1.34102	2	30.14083	40
2	--	0.56848	0.773789	1	30.70931	41
1	--	2.24831	1.750944	2	32.46025	42
2	--	1.84314	0.585674	3	33.04592	43
3	--	0.651934	0.45288	4	33.4988	44
4	--	0.784756	0.545365	5	34.04416	45
5	--	0.599099	1.117944	4	34.64326	46
4	--	0.741739	0.878287	3	35.385	47
3	--	0.885423	0.585128	4	35.97013	48
4	--	1.115857	0.40457	5	36.3747	49
5	--	0.881031	0.753722	6	37.12842	50
6	--	0.770954	0.49716	7	37.62558	51
7	--	1.116602	1.144411	6	38.74218	52
6	--	0.440946	0.556524	5	39.18313	53
5	--	0.492171	0.694047	4	39.6753	54
4	--	0.97374	0.953829	5	40.62913	55
5	--	0.926852	0.425553	6	41.05468	56
6	--	1.051996	0.971759	7	42.02644	57
7	--	1.192479	0.735312	8	42.76175	58
8	--	0.691644	1.487888	7	43.45339	59
7	--	1.217967	0.879385	8	44.33277	60
8	--	0.615311	1.677448	7	44.94808	61
7	--	0.462539	0.971291	6	45.41062	62
6	--	0.596921	0.712228	5	46.00754	63
5	--	0.713502	1.186	4	46.72104	64
4	--	0.930585	0.555502	5	47.27654	65
5	--	1.049929	1.087829	4	48.32647	66
4	--	0.544834	0.612296	3	48.8713	67
3	--	0.658739	0.592536	4	49.46384	68
4	--	0.678445	0.482868	5	49.94671	69
5	--	0.361832	0.413414	4	50.30854	70
4	--	1.131301	0.959497	5	51.26804	71
5	--	0.910843	1.180336	4	52.17888	72
4	--	0.89451	0.723398	5	52.90228	73
5	--	0.894523	0.913162	4	53.7968	74
4	--	0.938197	0.646167	5	54.44297	75
5	--	0.410175	0.752167	4	54.85315	76
4	--	0.87261	1.10097	3	55.72576	77
3	--	0.935017	1.313628	2	56.66078	78
2	--	1.254064	1.605421	1	57.91484	79
1	--	1.849489	2.707583	0	59.76433	80

test #33
6	--	0.788444	1.175213	5	0.78844	1
5	--	0.394016	0.471945	4	1.18246	2
4	--	0.472389	1.217766	3	1.65485	3
3	--	0.787266	1.306926	2	2.44212	4
2	--	0.779971	1.351788	1	3.22209	5
1	--	1.592666	0.926921	2	4.14901	6
2	--	1.480874	1.278476	3	5.42749	7
3	--	0.989459	1.417168	2	6.41695	8
2	--	1.417875	1.568844	1	7.83482	9
1	--	2.104377	2.430433	0	9.9392	10

test #34
6	--	0.463912	0.959623	5	0.46391	1
5	--	0.528774	0.947191	4	0.99268	2
4	--	0.492144	0.409779	5	1.40246	3
5	--	0.339307	0.86254	4	1.74177	4
4	--	0.656407	0.521962	5	2.26373	5
5	--	0.545895	0.351591	6	2.61532	6
6	--	0.352233	0.846095	5	2.96755	7
5	--	0.759556	1.171913	4	3.72711	8
4	--	0.838686	0.942574	3	4.5658	9
3	--	1.293007	0.719876	4	5.28568	10
4	--	0.398633	0.439809	3	5.68431	11
3	--	0.949038	0.517692	4	6.202	12
4	--	0.486152	0.52185	3	6.68815	13
3	--	1.296591	0.909139	4	7.59729	14
4	--	0.782266	0.547273	5	8.14456	15
5	--	0.62812	0.620983	6	8.76554	16
6	--	0.543913	0.96233	5	9.30945	17
5	--	0.982105	1.179752	4	10.29156	18
4	--	0.863357	1.090792	3	11.15492	19
3	--	0.541841	0.991648	2	11.69676	20
2	--	1.113392	0.53016	3	12.22692	21
3	--	0.665174	0.934373	2	12.89209	22
2	--	1.79303	1.054534	3	13.94662	23
3	--	1.215709	0.899269	4	14.84589	24
4	--	1.130395	1.194559	3	15.97629	25
3	--	1.008602	0.471071	4	16.44736	26
4	--	0.51578	0.363364	5	16.81072	27
5	--	0.61758	0.435647	6	17.24637	28
6	--	0.635064	0.807701	5	17.88143	29
5	--	1.120766	0.933655	6	18.81509	30
6	--	1.118779	0.359726	7	19.17482	31
7	--	0.553517	1.073309	6	19.72834	32
6	--	0.995036	0.880101	7	20.60844	33
7	--	0.531754	0.773691	6	21.14019	34
6	--	1.185546	0.505781	7	21.64597	35
7	--	1.150951	0.497571	8	22.14354	36
8	--	1.251314	1.755129	7	23.39485	37
7	--	0.535967	0.700559	6	23.93082	38
6	--	0.686429	0.859382	5	24.61725	39
5	--	1.120823	0.601847	6	25.2191	40
6	--	0.558801	1.026397	5	25.7779	41
5	--	0.707293	0.81716	4	26.48519	42
4	--	1.243295	0.661566	5	27.14676	43
5	--	0.432364	0.57139	4	27.57912	44
4	--	1.041292	0.581608	5	28.16073	45
5	--	0.661551	0.498196	6	28.65893	46
6	--	0.516224	0.395347	7	29.05428	47
7	--	1.091131	0.843659	8	29.89794	48
8	--	0.774177	1.120994	7	30.67212	49
7	--	0.965355	0.440022	8	31.11214	50
8	--	0.613739	1.68556	7	31.72588	51
7	--	1.21922	1.394836	6	32.9451	52
6	--	0.51551	0.350035	7	33.29513	53
7	--	0.549918	1.119663	6	33.84505	54
6	--	0.936641	0.995707	5	34.78169	55
5	--	0.448368	0.350772	6	35.13246	56
6	--	1.006515	0.391031	7	35.52349	57
7	--	1.165982	1.397768	6	36.68947	58
6	--	0.487499	0.594324	5	37.17697	59
5	--	0.465897	0.787109	4	37.64287	60
4	--	1.056747	1.21986	3	38.69962	61
3	--	0.456612	0.825746	2	39.15623	62
2	--	1.111562	0.852819	3	40.00905	63
3	--	0.588666	0.563221	4	40.57227	64
4	--	0.986255	0.660298	5	41.23257	65
5	--	0.634888	0.751846	4	41.86746	66
4	--	0.411506	0.388989	5	42.25645	67
5	--	0.471895	1.099996	4	42.72835	68
4	--	0.648543	1.059786	3	43.37689	69
3	--	0.773213	0.918691	2	44.1501	70
2	--	0.864014	1.022767	1	45.01411	71
1	--	2.667189	2.932957	0	47.6813	72

test #35
6	--	0.829594	1.044832	5	0.82959	1
5	--	0.714976	0.511816	6	1.34141	2
6	--	0.69644	0.650145	7	1.99155	3
7	--	1.151031	0.500642	8	2.49219	4
8	--	1.260693	0.94365	9	3.43584	5
9	--	1.765705	1.230705	10	4.66654	6

test #36
6	--	0.576158	0.589326	5	0.57616	1
5	--	0.674829	0.328897	6	0.90506	2
6	--	0.80192	0.431101	7	1.33616	3
7	--	1.408028	0.840083	8	2.17624	4
8	--	0.545408	0.737657	7	2.72165	5
7	--	0.645103	0.404685	8	3.12634	6
8	--	1.768025	0.940948	9	4.06729	7
9	--	1.173999	2.221359	8	5.24129	8
8	--	1.073522	1.444831	7	6.31481	9
7	--	0.398829	1.41005	6	6.71364	10
6	--	0.81522	0.464863	7	7.1785	11
7	--	0.418144	0.848885	6	7.59664	12
6	--	0.391693	0.787128	5	7.98833	13
5	--	0.543744	1.138798	4	8.53207	14
4	--	0.440704	0.681518	3	8.97277	15
3	--	0.469196	0.744124	2	9.44197	16
2	--	0.651336	1.278401	1	10.09331	17
1	--	1.348337	2.618515	0	11.44165	18

test #37
6	--	0.790415	1.063146	5	0.79041	1
5	--	0.739392	0.876424	4	1.5298	2
4	--	0.796681	0.715713	5	2.24551	3
5	--	0.494746	0.606564	4	2.74026	4
4	--	0.485252	0.64649	3	3.22551	5
3	--	0.795507	1.219184	2	4.02102	6
2	--	1.349454	0.791102	3	4.81212	7
3	--	0.451007	0.423692	4	5.23581	8
4	--	1.132155	0.34959	5	5.5854	9
5	--	0.864088	0.682101	6	6.2675	10
6	--	0.434363	1.055843	5	6.70186	11
5	--	1.063949	0.58318	6	7.28504	12
6	--	0.46905	1.213429	5	7.75409	13
5	--	1.095054	0.537276	6	8.29137	14
6	--	0.489119	0.730905	5	8.78049	15
5	--	0.776468	0.374933	6	9.15542	16
6	--	0.824835	1.08527	5	9.98025	17
5	--	0.330514	0.543332	4	10.31076	18
4	--	0.674962	0.530501	5	10.84126	19
5	--	1.104226	0.37257	6	11.21383	20
6	--	1.053706	0.419754	7	11.63358	21
7	--	0.605831	0.918238	6	12.23941	22
6	--	0.689495	0.380032	7	12.61944	23
7	--	0.971626	0.680289	8	13.29973	24
8	--	1.110987	1.433382	7	14.41072	25
7	--	0.818684	1.103426	6	15.2294	26
6	--	0.5321	0.681702	5	15.7615	27
5	--	0.597308	0.941553	4	16.35881	28
4	--	0.610865	0.357098	5	16.71591	29
5	--	0.552036	0.842922	4	17.26795	30
4	--	0.593051	0.549961	5	17.81791	31
5	--	0.722927	0.966513	4	18.54084	32
4	--	0.513349	0.464533	5	19.00537	33
5	--	0.840507	0.924004	4	19.84588	34
4	--	0.585435	0.59508	3	20.43132	35
3	--	0.778191	1.204217	2	21.20951	36
2	--	1.708389	0.517977	3	21.72749	37
3	--	0.653841	0.528306	4	22.2558	38
4	--	1.239579	1.130152	5	23.38595	39
5	--	1.107985	1.18503	4	24.49393	40
4	--	0.599712	1.135285	3	25.09364	41
3	--	0.440428	0.9984	2	25.53407	42
2	--	1.457968	1.083606	3	26.61768	43
3	--	0.451562	1.087978	2	27.06924	44
2	--	0.889704	0.54022	3	27.60946	45
3	--	0.590982	0.470824	4	28.08028	46
4	--	0.581456	0.364639	5	28.44492	47
5	--	0.78658	0.370162	6	28.81508	48
6	--	0.368306	0.851618	5	29.18339	49
5	--	0.565854	0.957342	4	29.74924	50
4	--	0.376611	0.49372	3	30.12585	51
3	--	1.211139	0.899266	4	31.02512	52
4	--	0.387226	0.405593	3	31.41235	53
3	--	0.793809	0.509942	4	31.92229	54
4	--	0.593137	0.418814	5	32.3411	55
5	--	0.757159	0.633896	6	32.975	56
6	--	1.102657	1.103995	5	34.07766	57
5	--	0.587913	0.630095	4	34.66557	58
4	--	0.869444	0.659828	5	35.3254	59
5	--	0.749273	0.740804	6	36.0662	60
6	--	0.888679	0.878826	7	36.94503	61
7	--	0.862839	0.400606	8	37.34564	62
8	--	0.755616	1.750724	7	38.10126	63
7	--	0.874492	0.987249	6	38.97575	64
6	--	1.001187	1.185122	5	39.97694	65
5	--	0.378524	0.466245	4	40.35546	66
4	--	0.37578	0.680095	3	40.73124	67
3	--	0.626127	0.948201	2	41.35737	68
2	--	0.854299	1.662278	1	42.21167	69
1	--	2.556313	1.125134	2	43.3368	70
2	--	0.937198	1.675655	1	44.274	71
1	--	1.016656	1.34419	0	45.29066	72

test #38
6	--	1.177762	0.870185	7	0.87018	1
7	--	0.823815	0.941993	6	1.69399	2
6	--	0.575761	0.702904	5	2.26975	3
5	--	0.351432	0.544696	4	2.62118	4
4	--	0.950381	0.738885	5	3.36007	5
5	--	0.621744	0.39025	6	3.75032	6
6	--	0.731891	0.71072	7	4.46104	7
7	--	0.721587	0.754419	6	5.18263	8
6	--	0.370588	0.93284	5	5.55322	9
5	--	0.566461	0.571821	4	6.11968	10
4	--	0.615328	1.229718	3	6.73501	11
3	--	0.992765	0.631172	4	7.36618	12
4	--	0.881574	0.670902	5	8.03708	13
5	--	0.480646	0.600576	4	8.51773	14
4	--	0.723409	0.584313	5	9.10204	15
5	--	0.503665	0.397147	6	9.49919	16
6	--	0.534332	0.794484	5	10.03352	17
5	--	0.528094	0.465177	6	10.4987	18
6	--	0.75949	0.504592	7	11.00329	19
7	--	0.965205	0.901077	8	11.90437	20
8	--	1.201852	0.575587	9	12.47996	21
9	--	3.14442	1.883753	10	14.36371	22

test #39
6	--	0.379871	1.016156	5	0.37987	1
5	--	0.594346	0.921119	4	0.97422	2
4	--	0.370791	1.082881	3	1.34501	3
3	--	0.552422	1.196839	2	1.89743	4
2	--	1.082056	0.881924	3	2.77935	5
3	--	0.740601	0.52099	4	3.30034	6
4	--	0.859487	0.589229	5	3.88957	7
5	--	0.751953	1.196583	4	4.64152	8
4	--	0.605577	0.689646	3	5.2471	9
3	--	1.168459	0.723486	4	5.97059	10
4	--	0.616925	0.829522	3	6.58751	11
3	--	0.405398	1.342692	2	6.99291	12
2	--	1.452212	0.572013	3	7.56492	13
3	--	1.064575	0.814908	4	8.37983	14
4	--	0.772588	0.347099	5	8.72693	15
5	--	0.848586	0.341014	6	9.06794	16
6	--	0.756588	0.640271	7	9.70821	17
7	--	0.598875	0.531684	8	10.23989	18
8	--	0.58015	1.197222	7	10.82004	19
7	--	0.88416	0.828113	8	11.64815	20
8	--	1.178496	0.811564	9	12.45971	21
9	--	2.310247	3.071039	8	14.76996	22
8	--	1.335996	0.917407	9	15.68737	23
9	--	1.202503	1.23352	8	16.88987	24
8	--	0.814076	0.767446	9	17.65732	25
9	--	1.905981	1.045749	10	18.70307	26

test #40
6	--	0.903645	1.241271	5	0.90365	1
5	--	0.96865	0.793671	6	1.69732	2
6	--	0.710091	1.118838	5	2.40741	3
5	--	1.142205	0.833281	6	3.24069	4
6	--	0.747307	0.690806	7	3.9315	5
7	--	0.459469	0.416	8	4.3475	6
8	--	1.46384	1.082832	9	5.43033	7
9	--	1.306829	2.290468	8	6.73716	8
8	--	1.177055	1.245675	7	7.91421	9
7	--	0.595879	1.031748	6	8.51009	10
6	--	1.120856	0.679042	7	9.18913	11
7	--	1.072862	0.559083	8	9.74821	12
8	--	1.27556	0.732618	9	10.48083	13
9	--	2.511478	1.605911	10	12.08674	14

test #41
6	--	1.000837	0.595154	7	0.59515	1
7	--	0.43431	1.329325	6	1.02946	2
6	--	1.038896	0.398139	7	1.4276	3
7	--	0.885137	0.402739	8	1.83034	4
8	--	0.752525	0.651802	9	2.48214	5
9	--	1.807445	1.571129	10	4.05327	6

test #42
6	--	0.406427	0.638686	5	0.40643	1
5	--	0.441009	0.443699	4	0.84744	2
4	--	1.126359	0.39068	5	1.23812	3
5	--	0.594849	0.462327	6	1.70045	4
6	--	0.374762	0.913468	5	2.07521	5
5	--	0.628558	0.610774	6	2.68598	6
6	--	0.60815	0.932371	5	3.29413	7
5	--	0.442532	1.176433	4	3.73666	8
4	--	0.352134	1.018185	3	4.08879	9
3	--	1.410926	0.876498	4	4.96529	10
4	--	0.646617	0.372749	5	5.33804	11
5	--	0.800664	1.090231	4	6.1387	12
4	--	0.622175	0.384399	5	6.5231	13
5	--	0.80547	0.470333	6	6.99343	14
6	--	0.694545	0.683678	7	7.67711	15
7	--	0.93392	1.200747	6	8.61103	16
6	--	1.042081	0.614098	7	9.22513	17
7	--	0.919431	1.029058	6	10.14456	18
6	--	1.174519	0.664481	7	10.80904	19
7	--	0.487605	0.927073	6	11.29665	20
6	--	1.205769	0.581892	7	11.87854	21
7	--	0.984148	1.267138	6	12.86269	22
6	--	0.663215	0.535592	7	13.39828	23
7	--	1.222744	1.127487	8	14.52577	24
8	--	1.580345	1.449054	9	15.97482	25
9	--	1.650989	2.4945	8	17.62581	26
8	--	1.489559	1.19493	9	18.82074	27
9	--	2.277808	1.796937	10	20.61768	28

test #43
6	--	0.735424	0.481431	7	0.48143	1
7	--	0.398601	0.502328	6	0.88003	2
6	--	0.648464	0.43097	7	1.311	3
7	--	1.060497	0.397892	8	1.70889	4
8	--	0.835489	1.159094	7	2.54438	5
7	--	0.774381	1.169985	6	3.31876	6
6	--	0.918419	0.800169	7	4.11893	7
7	--	0.582141	0.905795	6	4.70107	8
6	--	0.392763	0.429467	5	5.09383	9
5	--	0.596024	0.453829	6	5.54766	10
6	--	0.617217	0.446141	7	5.9938	11
7	--	1.217922	0.49738	8	6.49118	12
8	--	1.452196	1.360615	9	7.85179	13
9	--	2.979264	2.496182	10	10.34797	14

test #44
6	--	0.868456	0.439491	7	0.43949	1
7	--	0.680454	0.602896	8	1.04239	2
8	--	0.781133	0.962	7	1.82352	3
7	--	1.007492	0.626214	8	2.44973	4
8	--	0.968585	0.954581	9	3.40431	5
9	--	2.196673	1.627057	10	5.03137	6

test #45
6	--	0.598717	1.234894	5	0.59872	1
5	--	0.797146	0.357705	6	0.95642	2
6	--	0.953128	1.227722	5	1.90955	3
5	--	0.698215	0.662256	6	2.57181	4
6	--	0.877669	0.795574	7	3.36738	5
7	--	1.330958	0.624985	8	3.99237	6
8	--	1.496632	0.941331	9	4.9337	7
9	--	0.942023	2.784222	8	5.87572	8
8	--	1.565489	1.778836	7	7.44121	9
7	--	1.319356	0.661741	8	8.10295	10
8	--	0.557503	0.5324	9	8.63535	11
9	--	2.458711	2.143017	10	10.77837	12

test #46
6	--	0.5688	0.416997	7	0.417	1
7	--	0.450127	0.70389	6	0.86713	2
6	--	0.703336	1.061655	5	1.57047	3
5	--	0.687658	0.981045	4	2.25813	4
4	--	0.785029	0.354032	5	2.61216	5
5	--	0.375688	0.580086	4	2.98785	6
4	--	0.3765	0.985173	3	3.36435	7
3	--	0.601019	0.650846	2	3.96537	8
2	--	0.627834	0.932725	1	4.5932	9
1	--	1.904801	1.541717	2	6.13492	10
2	--	0.823296	1.129239	1	6.95822	11
1	--	1.002581	1.159373	0	7.9608	12

test #47
6	--	0.823361	0.64177	7	0.64177	1
7	--	0.802364	0.775049	8	1.41682	2
8	--	0.815481	1.57921	7	2.2323	3
7	--	0.954455	0.502417	8	2.73472	4
8	--	0.527896	1.36443	7	3.26262	5
7	--	0.549607	0.76624	6	3.81223	6
6	--	0.779401	0.43738	7	4.24961	7
7	--	0.420318	1.123501	6	4.66993	8
6	--	0.665444	0.659494	7	5.32942	9
7	--	0.803424	0.737343	8	6.06676	10
8	--	1.696681	1.185274	9	7.25203	11
9	--	0.913016	3.032613	8	8.16505	12
8	--	1.21698	1.394102	7	9.38203	13
7	--	0.56612	0.735821	6	9.94815	14
6	--	1.150967	0.51756	7	10.46571	15
7	--	0.959339	0.885105	8	11.35082	16
8	--	0.663231	1.737391	7	12.01405	17
7	--	0.431266	0.679362	6	12.44532	18
6	--	1.20108	0.939774	7	13.38509	19
7	--	1.21009	0.570039	8	13.95513	20
8	--	1.331845	1.166088	9	15.12122	21
9	--	2.257718	1.196611	10	16.31783	22

test #48
6	--	0.369283	1.01298	5	0.36928	1
5	--	0.97889	1.149465	4	1.34817	2
4	--	0.443829	0.388924	5	1.73709	3
5	--	0.908763	0.454192	6	2.19128	4
6	--	0.483569	0.803018	5	2.67485	5
5	--	0.710378	0.613867	6	3.28872	6
6	--	0.53813	0.541835	5	3.82685	7
5	--	0.524427	0.964845	4	4.35128	8
4	--	0.865189	1.063037	3	5.21647	9
3	--	0.540775	0.808159	2	5.75725	10
2	--	1.581133	1.552387	3	7.30964	11
3	--	1.243039	0.758976	4	8.06862	12
4	--	0.351273	0.640617	3	8.41989	13
3	--	0.556402	0.515957	4	8.93585	14
4	--	0.670583	1.009397	3	9.60643	15
3	--	0.874283	0.78378	4	10.39021	16
4	--	1.156151	0.864278	5	11.25449	17
5	--	0.422887	0.934866	4	11.67738	18
4	--	0.630217	0.408027	5	12.08541	19
5	--	0.551155	1.120279	4	12.63656	20
4	--	0.908795	1.234049	3	13.54536	21
3	--	1.368515	0.505846	4	14.05121	22
4	--	0.560998	0.368965	5	14.42017	23
5	--	0.493936	0.641331	4	14.91411	24
4	--	0.443594	0.838648	3	15.3577	25
3	--	0.673779	0.496089	4	15.85379	26
4	--	0.957988	1.012239	3	16.81178	27
3	--	0.779448	0.756404	4	17.56818	28
4	--	1.074502	0.520929	5	18.08911	29
5	--	1.097211	0.48874	6	18.57785	30
6	--	1.230873	0.643431	7	19.22128	31
7	--	0.899785	1.42356	6	20.12106	32
6	--	0.855769	0.966766	5	20.97683	33
5	--	0.845749	0.975754	4	21.82258	34
4	--	0.562207	0.836941	3	22.38479	35
3	--	1.028184	0.565137	4	22.94993	36
4	--	0.8462	0.622106	5	23.57204	37
5	--	0.71295	1.106094	4	24.28499	38
4	--	0.579184	0.55422	5	24.83921	39
5	--	0.646298	1.105105	4	25.48551	40
4	--	0.597303	0.781853	3	26.08281	41
3	--	1.421117	1.201816	4	27.28463	42
4	--	0.427345	0.659193	3	27.71197	43
3	--	0.616239	0.965449	2	28.32821	44
2	--	1.152522	1.069126	3	29.39734	45
3	--	0.460575	1.378691	2	29.85792	46
2	--	1.747629	1.456658	3	31.31458	47
3	--	0.623166	0.433302	4	31.74788	48
4	--	0.598649	0.950168	3	32.34653	49
3	--	0.520296	1.326053	2	32.86683	50
2	--	1.199079	0.850266	3	33.7171	51
3	--	0.583956	0.533447	4	34.25055	52
4	--	0.451409	0.474546	3	34.70196	53
3	--	1.154652	0.702119	4	35.40408	54
4	--	0.347719	0.906596	3	35.7518	55
3	--	1.348412	0.647855	4	36.39965	56
4	--	0.426185	0.91162	3	36.82583	57
3	--	0.780616	0.826462	2	37.60645	58
2	--	1.321139	0.815477	3	38.42193	59
3	--	0.503294	1.386122	2	38.92522	60
2	--	0.988107	1.486505	1	39.91333	61
1	--	0.984614	2.290985	0	40.89794	62

test #49
6	--	0.839481	0.645793	7	0.64579	1
7	--	0.564056	0.532839	8	1.17863	2
8	--	0.862428	0.552299	9	1.73093	3
9	--	1.039647	3.07404	8	2.77058	4
8	--	1.608065	1.857454	7	4.37865	5
7	--	0.476355	1.222346	6	4.855	6
6	--	0.408699	1.103559	5	5.2637	7
5	--	0.399119	1.012986	4	5.66282	8
4	--	1.093268	0.43736	5	6.10018	9
5	--	0.406293	0.566353	4	6.50647	10
4	--	0.374673	0.816075	3	6.88114	11
3	--	1.197428	0.464218	4	7.34536	12
4	--	1.033038	0.386798	5	7.73216	13
5	--	0.742319	0.442319	6	8.17448	14
6	--	0.856038	1.058541	5	9.03052	15
5	--	0.848474	0.384823	6	9.41534	16
6	--	0.488474	0.895392	5	9.90381	17
5	--	0.754997	0.42322	6	10.32703	18
6	--	0.443766	0.660029	5	10.7708	19
5	--	0.72032	0.370158	6	11.14096	20
6	--	0.755832	0.385774	7	11.52673	21
7	--	0.568563	0.871008	6	12.09529	22
6	--	0.891022	0.559902	7	12.65519	23
7	--	0.465324	0.872194	6	13.12051	24
6	--	1.224972	0.629653	7	13.75016	25
7	--	0.479073	0.532965	6	14.22923	26
6	--	0.794334	0.421813	7	14.65104	27
7	--	1.010488	1.256671	6	15.66153	28
6	--	0.466894	1.208182	5	16.12842	29
5	--	0.622208	0.388579	6	16.517	30
6	--	1.088655	0.462977	7	16.97998	31
7	--	0.803105	0.443036	8	17.42302	32
8	--	0.550066	0.663118	7	17.97309	33
7	--	0.816285	1.401217	6	18.78938	34
6	--	0.943087	0.617415	7	19.4068	35
7	--	0.813044	0.968056	6	20.21984	36
6	--	1.083813	1.086986	5	21.30365	37
5	--	0.938373	0.779536	6	22.08319	38
6	--	0.485819	0.654517	5	22.56901	39
5	--	0.69004	0.56548	6	23.13449	40
6	--	0.750586	0.725657	7	23.86015	41
7	--	0.714387	0.581265	8	24.44142	42
8	--	0.741207	0.631801	9	25.07322	43
9	--	1.845148	3.033794	8	26.91837	44
8	--	0.851504	1.384142	7	27.76987	45
7	--	0.43684	0.939808	6	28.20671	46
6	--	0.614802	0.581792	7	28.7885	47
7	--	0.870122	1.131287	6	29.65862	48
6	--	0.585942	0.418781	7	30.0774	49
7	--	1.355621	1.018049	8	31.09545	50
8	--	1.418432	0.950368	9	32.04582	51
9	--	1.806963	1.284561	10	33.33038	52

test #50
6	--	0.702015	0.405284	7	0.40528	1
7	--	0.704298	0.67112	8	1.0764	2
8	--	1.311749	1.008862	9	2.08526	3
9	--	2.695064	2.513356	10	4.59862	4

test #51
6	--	0.852405	0.686275	7	0.68627	1
7	--	0.748377	1.306311	6	1.43465	2
6	--	1.023066	0.652088	7	2.08674	3
7	--	1.082648	1.091252	6	3.16939	4
6	--	1.037243	0.672667	7	3.84206	5
7	--	1.169525	0.582199	8	4.42426	6
8	--	0.894661	0.577439	9	5.0017	7
9	--	2.204266	2.049747	10	7.05145	8

test #52
6	--	0.380221	0.999638	5	0.38022	1
5	--	0.334358	0.97526	4	0.71458	2
4	--	0.950205	0.506005	5	1.22059	3
5	--	0.860425	0.787727	6	2.00832	4
6	--	0.674593	0.739773	5	2.68291	5
5	--	0.36174	0.569346	4	3.04465	6
4	--	0.573164	1.12577	3	3.61781	7
3	--	0.395694	0.614424	2	4.0135	8
2	--	0.969931	0.812009	3	4.82551	9
3	--	0.475643	0.724989	2	5.30115	10
2	--	1.220174	0.767813	3	6.06896	11
3	--	0.527322	1.032155	2	6.59628	12
2	--	0.567381	0.939176	1	7.16366	13
1	--	2.995103	0.927077	2	8.09074	14
2	--	1.051639	0.589595	3	8.68033	15
3	--	0.47622	0.553146	2	9.15655	16
2	--	1.777348	0.976116	3	10.13267	17
3	--	0.755399	0.850547	2	10.88807	18
2	--	1.127789	0.630652	3	11.51872	19
3	--	0.440526	0.564608	2	11.95925	20
2	--	0.990605	1.268635	1	12.94985	21
1	--	2.477023	1.513908	2	14.46376	22
2	--	1.23039	0.87651	3	15.34027	23
3	--	0.731846	0.84314	2	16.07212	24
2	--	1.741786	1.384335	3	17.45646	25
3	--	1.373885	0.735028	4	18.19149	26
4	--	0.572647	0.556312	5	18.7478	27
5	--	0.770471	0.805183	4	19.51827	28
4	--	0.397828	1.153355	3	19.9161	29
3	--	1.166424	0.394591	4	20.31069	30
4	--	1.067762	0.524321	5	20.83501	31
5	--	0.708904	1.050019	4	21.54391	32
4	--	0.522281	1.121017	3	22.06619	33
3	--	0.83611	1.314641	2	22.9023	34
2	--	1.590908	1.226325	3	24.12863	35
3	--	0.718622	1.167152	2	24.84725	36
2	--	0.847171	0.82944	3	25.67669	37
3	--	0.973599	0.484233	4	26.16092	38
4	--	0.411758	0.39155	5	26.55247	39
5	--	0.419974	0.639774	4	26.97244	40
4	--	0.910894	0.646237	5	27.61868	41
5	--	0.65467	1.029978	4	28.27335	42
4	--	0.694133	1.037488	3	28.96748	43
3	--	0.693645	0.542332	4	29.50981	44
4	--	0.775379	0.495304	5	30.00511	45
5	--	0.58702	0.540781	6	30.54589	46
6	--	1.073683	0.547786	7	31.09368	47
7	--	1.353449	0.659449	8	31.75313	48
8	--	1.364029	0.833734	9	32.58686	49
9	--	2.931137	1.684968	10	34.27183	50

test #53
6	--	0.59405	0.936453	5	0.59405	1
5	--	1.040622	0.570058	6	1.16411	2
6	--	0.439102	0.345227	7	1.50934	3
7	--	0.502611	1.098947	6	2.01195	4
6	--	0.968771	0.659408	7	2.67136	5
7	--	0.806755	0.474434	8	3.14579	6
8	--	0.528088	1.284808	7	3.67388	7
7	--	0.873291	0.667725	8	4.34161	8
8	--	1.570985	1.232701	9	5.57431	9
9	--	1.03482	2.707371	8	6.60913	10
8	--	0.95993	0.964661	7	7.56906	11
7	--	0.740257	0.603578	8	8.17264	12
8	--	1.005265	0.619403	9	8.79204	13
9	--	1.202554	1.084282	10	9.87632	14

test #54
6	--	0.534095	0.590727	5	0.53409	1
5	--	0.443948	1.079995	4	0.97804	2
4	--	0.944104	0.850546	5	1.82859	3
5	--	0.870587	0.396525	6	2.22512	4
6	--	0.590775	1.21453	5	2.8159	5
5	--	1.064399	0.4593	6	3.2752	6
6	--	0.56347	0.984257	5	3.83867	7
5	--	0.764378	0.38499	6	4.22366	8
6	--	0.513416	0.653943	5	4.73708	9
5	--	0.467583	1.098982	4	5.20466	10
4	--	0.928446	0.760249	5	5.96491	11
5	--	0.47833	1.009274	4	6.44324	12
4	--	0.3522	0.978558	3	6.79544	13
3	--	0.988482	0.837096	4	7.63254	14
4	--	0.65219	1.033056	3	8.28473	15
3	--	0.677198	0.69473	2	8.96193	16
2	--	0.75846	1.513665	1	9.72039	17
1	--	1.4304	1.159006	2	10.8794	18
2	--	1.290445	1.505642	1	12.16985	19
1	--	1.198336	1.72877	0	13.36819	20

test #55
6	--	0.364656	0.532473	5	0.36466	1
5	--	0.447699	1.06885	4	0.81236	2
4	--	0.532142	0.448626	5	1.26099	3
5	--	0.826896	1.079578	4	2.08789	4
4	--	0.508863	0.895251	3	2.59675	5
3	--	0.651692	0.815336	2	3.24844	6
2	--	0.736445	1.305002	1	3.98489	7
1	--	2.837923	1.006715	2	4.99161	8
2	--	1.455824	0.605954	3	5.59756	9
3	--	0.929342	0.645765	4	6.24333	10
4	--	0.935706	0.873252	5	7.11658	11
5	--	0.630255	0.709932	4	7.74684	12
4	--	0.970908	0.65524	5	8.40208	13
5	--	0.843519	0.67244	6	9.07452	14
6	--	0.643636	0.603524	7	9.67804	15
7	--	0.807935	0.690287	8	10.36833	16
8	--	1.779223	1.600908	9	11.96924	17
9	--	1.788245	1.833017	8	13.75749	18
8	--	1.118302	0.831268	9	14.58876	19
9	--	2.932669	2.478125	10	17.06688	20

test #56
6	--	0.58661	1.00994	5	0.58661	1
5	--	0.675623	1.024731	4	1.26223	2
4	--	0.406668	0.831026	3	1.6689	3
3	--	0.496555	0.419144	4	2.08804	4
4	--	0.64849	0.423622	5	2.51166	5
5	--	1.086337	0.517288	6	3.02895	6
6	--	0.763485	0.608554	7	3.6375	7
7	--	0.751663	0.761293	6	4.38916	8
6	--	0.921555	0.776063	7	5.16522	9
7	--	0.619328	0.891814	6	5.78455	10
6	--	0.782904	0.565717	7	6.35027	11
7	--	0.787158	0.896343	6	7.13743	12
6	--	0.46797	0.656637	5	7.6054	13
5	--	0.640868	0.903897	4	8.24627	14
4	--	0.766705	0.760691	5	9.00696	15
5	--	0.956743	0.663821	6	9.67078	16
6	--	0.512668	0.949924	5	10.18345	17
5	--	0.653989	0.458737	6	10.64219	18
6	--	0.449111	0.578961	5	11.0913	19
5	--	0.512473	0.623253	4	11.60377	20
4	--	0.406104	0.602559	3	12.00987	21
3	--	0.956166	0.3911	4	12.40097	22
4	--	0.738496	0.933851	3	13.13947	23
3	--	1.207609	0.526501	4	13.66597	24
4	--	0.910403	0.349936	5	14.01591	25
5	--	0.412903	0.421813	4	14.42881	26
4	--	0.415245	0.563895	3	14.84405	27
3	--	0.836552	0.916522	2	15.6806	28
2	--	0.990159	0.614148	3	16.29475	29
3	--	0.610045	0.611343	2	16.90479	30
2	--	1.343241	1.52175	1	18.24803	31
1	--	2.658458	2.078184	2	20.32621	32
2	--	1.459333	1.546129	1	21.78554	33
1	--	1.476127	1.791824	0	23.26167	34

test #57
6	--	0.791017	1.213084	5	0.79102	1
5	--	0.383219	0.502164	4	1.17424	2
4	--	0.52653	1.141211	3	1.70077	3
3	--	0.995599	0.427542	4	2.12831	4
4	--	0.461329	0.786471	3	2.58964	5
3	--	0.501556	0.41926	4	3.0089	6
4	--	0.866417	0.73344	5	3.74234	7
5	--	0.432203	1.001264	4	4.17454	8
4	--	0.805308	0.399368	5	4.57391	9
5	--	0.399866	1.029794	4	4.97378	10
4	--	1.124123	0.643963	5	5.61774	11
5	--	0.518502	0.466889	6	6.08463	12
6	--	1.122984	0.675503	7	6.76013	13
7	--	0.550747	0.743351	6	7.31088	14
6	--	0.909787	0.371989	7	7.68287	15
7	--	0.511983	0.936123	6	8.19485	16
6	--	0.584565	0.562509	7	8.75736	17
7	--	1.307091	0.535848	8	9.29321	18
8	--	0.738867	1.270524	7	10.03208	19
7	--	0.644402	0.84927	6	10.67648	20
6	--	0.704687	1.115041	5	11.38117	21
5	--	0.754693	0.527176	6	11.90835	22
6	--	0.845826	0.963867	5	12.75418	23
5	--	0.924181	0.686769	6	13.44095	24
6	--	0.727004	0.579824	7	14.02077	25
7	--	0.482142	1.316829	6	14.50291	26
6	--	0.743717	0.564158	7	15.06707	27
7	--	0.906122	0.835328	8	15.9024	28
8	--	0.519841	1.264712	7	16.42224	29
7	--	1.256647	0.842719	8	17.26496	30
8	--	1.4428	0.76317	9	18.02813	31
9	--	1.301589	2.799111	8	19.32972	32
8	--	0.576825	0.760037	7	19.90655	33
7	--	0.399537	1.317075	6	20.30609	34
6	--	0.979141	1.015231	5	21.28523	35
5	--	0.427693	1.179865	4	21.71292	36
4	--	0.463867	0.417942	5	22.13086	37
5	--	1.194829	0.924446	6	23.05531	38
6	--	0.693738	0.944266	5	23.74905	39
5	--	0.332347	1.049161	4	24.0814	40
4	--	0.426442	0.382033	5	24.46343	41
5	--	0.803658	0.454347	6	24.91778	42
6	--	0.880406	0.845575	7	25.76335	43
7	--	0.589573	0.903057	6	26.35292	44
6	--	0.432548	0.859789	5	26.78547	45
5	--	0.43772	0.75849	4	27.22319	46
4	--	1.124444	0.683405	5	27.9066	47
5	--	0.76774	0.769028	4	28.67434	48
4	--	0.637713	0.75904	3	29.31205	49
3	--	0.951255	0.668343	4	29.98039	50
4	--	0.607437	0.678247	3	30.58783	51
3	--	0.535555	0.700951	2	31.12339	52
2	--	1.355066	1.846919	1	32.47846	53
1	--	2.416843	2.819685	0	34.8953	54

test #58
6	--	0.439018	1.159499	5	0.43902	1
5	--	0.675769	0.731379	4	1.11479	2
4	--	0.670102	0.512911	5	1.6277	3
5	--	0.643694	0.872087	4	2.27139	4
4	--	0.860341	0.856935	5	3.12833	5
5	--	0.379967	0.790417	4	3.5083	6
4	--	0.740517	0.902558	3	4.24882	7
3	--	0.458583	0.430416	4	4.67924	8
4	--	0.407562	0.703182	3	5.0868	9
3	--	0.512447	0.444858	4	5.53166	10
4	--	0.946422	0.549006	5	6.08067	11
5	--	0.499854	0.648416	4	6.58052	12
4	--	0.645138	0.651131	3	7.22566	13
3	--	0.898783	1.21913	2	8.12444	14
2	--	0.705252	1.170373	1	8.82969	15
1	--	1.42377	2.667138	0	10.25346	16

test #59
6	--	0.464246	1.230538	5	0.46425	1
5	--	0.560274	0.666068	4	1.02452	2
4	--	0.603415	1.120708	3	1.62794	3
3	--	0.604833	1.374554	2	2.23277	4
2	--	1.281549	1.443958	1	3.51432	5
1	--	1.479324	1.804701	0	4.99364	6

test #60
6	--	0.426317	0.690905	5	0.42632	1
5	--	0.47694	0.336864	6	0.76318	2
6	--	0.4144	0.484908	5	1.17758	3
5	--	0.768897	0.344315	6	1.52189	4
6	--	0.346226	0.457093	5	1.86812	5
5	--	1.023913	0.468173	6	2.33629	6
6	--	0.342056	0.935141	5	2.67835	7
5	--	0.697127	0.43819	6	3.11654	8
6	--	1.246445	0.92	7	4.03654	9
7	--	0.658117	0.666421	6	4.69466	10
6	--	0.511089	0.477106	7	5.17177	11
7	--	0.735908	0.706178	8	5.87795	12
8	--	0.562098	1.396826	7	6.44005	13
7	--	0.451754	1.174951	6	6.8918	14
6	--	0.52705	0.801532	5	7.41885	15
5	--	1.133602	1.096217	6	8.51507	16
6	--	1.026768	0.428747	7	8.94382	17
7	--	0.557406	0.610984	6	9.50123	18
6	--	0.387243	0.45989	5	9.88847	19
5	--	0.673246	0.89589	4	10.56172	20
4	--	0.801302	0.569713	5	11.13143	21
5	--	0.348846	0.488624	4	11.48028	22
4	--	0.784595	1.213264	3	12.26488	23
3	--	0.596425	0.542177	4	12.80706	24
4	--	0.916745	0.816014	5	13.62307	25
5	--	0.478591	0.685891	4	14.10166	26
4	--	0.635263	0.351106	5	14.45277	27
5	--	0.541327	0.764033	4	14.9941	28
4	--	0.908628	0.401438	5	15.39554	29
5	--	1.049559	0.346378	6	15.74192	30
6	--	0.597608	1.182979	5	16.33953	31
5	--	0.905215	0.45731	6	16.79684	32
6	--	1.116525	0.610052	7	17.40689	33
7	--	0.502695	1.044792	6	17.90959	34
6	--	1.108418	0.815168	7	18.72476	35
7	--	1.388555	0.848527	8	19.57329	36
8	--	0.588173	0.925445	7	20.16146	37
7	--	0.793435	0.536635	8	20.69809	38
8	--	0.915073	1.829873	7	21.61316	39
7	--	0.417792	0.469531	6	22.03095	40
6	--	0.734568	0.649638	7	22.68059	41
7	--	0.760554	1.201439	6	23.44114	42
6	--	0.921492	1.190404	5	24.36263	43
5	--	0.769445	0.876557	4	25.13208	44
4	--	0.570108	1.080535	3	25.70219	45
3	--	0.842596	0.391576	4	26.09377	46
4	--	0.444886	0.644435	3	26.53866	47
3	--	1.173095	0.984146	4	27.52281	48
4	--	1.109666	0.676915	5	28.19973	49
5	--	0.619049	0.43547	6	28.6352	50
6	--	0.383161	0.437303	5	29.01836	51
5	--	0.814791	1.166849	4	29.83315	52
4	--	0.81452	0.99375	3	30.64767	53
3	--	1.138058	0.836249	4	31.48392	54
4	--	0.701023	0.458871	5	31.94279	55
5	--	0.518024	0.814095	4	32.46081	56
4	--	1.206184	1.17107	5	33.63188	57
5	--	0.781814	0.96638	4	34.41369	58
4	--	0.624352	1.106729	3	35.03804	59
3	--	0.686968	0.778362	2	35.72501	60
2	--	0.84342	1.131581	1	36.56843	61
1	--	2.609392	2.558981	2	39.12741	62
2	--	1.406951	1.334989	3	40.4624	63
3	--	0.442971	0.599677	2	40.90537	64
2	--	1.303676	0.652154	3	41.55752	65
3	--	0.486071	0.662197	2	42.04359	66
2	--	0.791868	0.856855	1	42.83546	67
1	--	1.290767	2.537307	0	44.12623	68

test #61
6	--	1.097335	0.414403	7	0.4144	1
7	--	0.952771	1.23307	6	1.36717	2
6	--	0.450262	1.154325	5	1.81743	3
5	--	0.413421	0.553256	4	2.23085	4
4	--	0.433445	0.684297	3	2.6643	5
3	--	0.862411	0.43227	4	3.09657	6
4	--	0.910589	0.722033	5	3.8186	7
5	--	1.05041	0.954929	6	4.77353	8
6	--	0.800294	0.791715	7	5.56524	9
7	--	0.594402	0.757226	6	6.15964	10
6	--	0.604965	1.119944	5	6.7646	11
5	--	0.735625	0.571222	6	7.33582	12
6	--	0.935611	0.929696	7	8.26552	13
7	--	1.239831	1.276028	6	9.50535	14
6	--	0.787529	0.380701	7	9.88605	15
7	--	0.916476	0.558103	8	10.44415	16
8	--	0.667806	1.677477	7	11.11196	17
7	--	0.502515	0.898489	6	11.61448	18
6	--	0.510742	1.094141	5	12.12522	19
5	--	0.388874	0.691152	4	12.51409	20
4	--	0.602309	0.855628	3	13.1164	21
3	--	0.390837	0.783974	2	13.50724	22
2	--	1.634534	0.642681	3	14.14992	23
3	--	1.391999	0.786228	4	14.93615	24
4	--	0.779738	0.880239	3	15.71589	25
3	--	1.175211	0.617951	4	16.33384	26
4	--	0.573378	0.667969	3	16.90722	27
3	--	1.180567	1.227165	2	18.08779	28
2	--	0.635346	0.952323	1	18.72314	29
1	--	1.59284	2.023501	0	20.31598	30

test #62
6	--	0.741125	0.74698	5	0.74113	1
5	--	0.786644	0.971584	4	1.52777	2
4	--	0.753058	0.699321	5	2.22709	3
5	--	0.369854	0.758912	4	2.59694	4
4	--	0.670815	0.567215	5	3.16416	5
5	--	0.593977	1.0405	4	3.75814	6
4	--	0.795154	0.412262	5	4.1704	7
5	--	0.828292	0.382255	6	4.55266	8
6	--	0.437025	0.529661	5	4.98968	9
5	--	0.739439	0.776569	4	5.72912	10
4	--	1.10959	0.704191	5	6.43331	11
5	--	0.605048	0.802243	4	7.03836	12
4	--	0.425403	0.746954	3	7.46376	13
3	--	0.555278	0.970163	2	8.01904	14
2	--	1.256403	0.944855	3	8.9639	15
3	--	0.880752	0.427329	4	9.39123	16
4	--	1.204511	0.470007	5	9.86124	17
5	--	0.869627	0.59097	6	10.45221	18
6	--	0.58606	1.134538	5	11.03827	19
5	--	0.518873	0.335791	6	11.37406	20
6	--	0.756593	1.05211	5	12.13065	21
5	--	1.122711	1.128103	4	13.25336	22
4	--	0.884495	0.73399	5	13.98735	23
5	--	0.875827	0.576042	6	14.56339	24
6	--	0.725481	0.459541	7	15.02293	25
7	--	1.006731	0.709265	8	15.7322	26
8	--	1.208644	0.997851	9	16.73005	27
9	--	1.9321	1.135675	10	17.86572	28

test #63
6	--	1.14417	0.732467	7	0.73247	1
7	--	0.930886	0.553214	8	1.28568	2
8	--	0.783503	1.787456	7	2.06918	3
7	--	0.502983	0.607871	6	2.57216	4
6	--	0.653914	0.394396	7	2.96656	5
7	--	0.764079	0.532746	8	3.49931	6
8	--	1.712883	1.546348	9	5.04566	7
9	--	2.227279	2.831116	8	7.27294	8
8	--	0.660547	1.01961	7	7.93349	9
7	--	0.884494	0.926977	6	8.81798	10
6	--	1.018599	0.615503	7	9.43348	11
7	--	1.057488	0.474397	8	9.90788	12
8	--	1.088941	0.834101	9	10.74198	13
9	--	3.07696	3.149364	8	13.81894	14
8	--	0.99459	0.985563	9	14.8045	15
9	--	2.697898	1.110698	10	15.9152	16

test #64
6	--	0.490185	0.457819	7	0.45782	1
7	--	0.532453	1.039715	6	0.99027	2
6	--	0.921762	1.235314	5	1.91203	3
5	--	0.616231	0.386618	6	2.29865	4
6	--	0.975895	0.679476	7	2.97813	5
7	--	1.0711	0.95177	8	3.9299	6
8	--	0.935483	1.804527	7	4.86538	7
7	--	0.828981	0.814115	8	5.6795	8
8	--	1.332226	0.912054	9	6.59155	9
9	--	2.298207	1.922158	10	8.51371	10

test #65
6	--	0.407812	0.497017	5	0.40781	1
5	--	0.604587	0.587013	6	0.99482	2
6	--	1.228028	0.38946	7	1.38428	3
7	--	0.975196	0.479588	8	1.86387	4
8	--	1.048025	0.815463	9	2.67933	5
9	--	2.056528	1.875071	10	4.5544	6

test #66
6	--	0.818714	0.574831	7	0.57483	1
7	--	0.408113	0.924992	6	0.98294	2
6	--	0.512941	0.593209	5	1.49588	3
5	--	0.881405	1.10606	4	2.37728	4
4	--	0.895621	1.210448	3	3.2729	5
3	--	0.532488	0.46766	4	3.74056	6
4	--	1.046144	0.428508	5	4.16907	7
5	--	0.836878	0.522699	6	4.69177	8
6	--	0.345653	0.679532	5	5.03742	9
5	--	0.330706	0.736176	4	5.36813	10
4	--	0.552805	0.423652	5	5.79178	11
5	--	0.741851	1.019819	4	6.53363	12
4	--	0.772623	0.718464	5	7.25209	13
5	--	0.342356	0.742595	4	7.59445	14
4	--	0.96082	0.426566	5	8.02102	15
5	--	0.683003	0.909005	4	8.70402	16
4	--	0.601534	0.672914	3	9.30555	17
3	--	0.98697	1.285132	2	10.29252	18
2	--	0.666212	0.879291	1	10.95873	19
1	--	2.74751	1.730732	2	12.68946	20
2	--	1.305002	0.823221	3	13.51268	21
3	--	0.750304	0.64589	4	14.15857	22
4	--	0.825598	0.687582	5	14.84615	23
5	--	1.194	0.548373	6	15.39452	24
6	--	0.458759	0.359052	7	15.75357	25
7	--	0.505372	0.746315	6	16.25894	26
6	--	0.862158	0.525845	7	16.78479	27
7	--	1.088417	0.641846	8	17.42664	28
8	--	1.387566	1.745223	7	18.81421	29
7	--	1.015372	1.094838	6	19.82958	30
6	--	1.148534	0.389631	7	20.21921	31
7	--	1.062728	1.123467	6	21.28194	32
6	--	0.81706	0.564192	7	21.84613	33
7	--	1.205199	0.912732	8	22.75886	34
8	--	1.452415	0.663341	9	23.4222	35
9	--	2.571311	1.378592	10	24.80079	36

test #67
6	--	1.079587	0.829986	7	0.82999	1
7	--	0.748528	1.218907	6	1.57852	2
6	--	0.731257	0.987402	5	2.30978	3
5	--	1.079006	0.6679	6	2.97768	4
6	--	0.701042	0.906415	5	3.67872	5
5	--	0.457576	0.349762	6	4.02848	6
6	--	0.485201	0.383728	7	4.41221	7
7	--	0.551815	0.674927	6	4.96403	8
6	--	0.356332	0.789645	5	5.32036	9
5	--	0.807365	0.72469	6	6.04505	10
6	--	1.066513	0.345649	7	6.3907	11
7	--	0.644873	0.522636	8	6.91334	12
8	--	0.518337	1.654598	7	7.43168	13
7	--	0.583312	1.345608	6	8.01499	14
6	--	0.508258	0.535703	5	8.52325	15
5	--	0.414057	0.598719	4	8.93731	16
4	--	1.086812	0.532699	5	9.47001	17
5	--	1.150722	0.747062	6	10.21707	18
6	--	0.702004	0.361698	7	10.57877	19
7	--	1.011051	1.218544	6	11.58982	20
6	--	0.706726	0.343804	7	11.93362	21
7	--	0.570166	0.511217	8	12.44484	22
8	--	0.970313	0.624326	9	13.06917	23
9	--	1.44112	3.097864	8	14.51029	24
8	--	1.496588	1.683928	7	16.00688	25
7	--	0.539852	0.610528	6	16.54673	26
6	--	1.24534	0.732613	7	17.27934	27
7	--	0.533614	0.580374	6	17.81295	28
6	--	0.653201	0.428972	7	18.24192	29
7	--	0.436887	0.840246	6	18.67881	30
6	--	1.017291	0.418645	7	19.09745	31
7	--	0.638153	0.473799	8	19.57125	32
8	--	1.080829	0.6446	9	20.21585	33
9	--	1.178334	1.046818	10	21.26267	34

test #68
6	--	1.181492	1.224665	5	1.18149	1
5	--	0.335247	0.38261	4	1.51674	2
4	--	0.694569	0.38048	5	1.89722	3
5	--	0.346102	0.372992	4	2.24332	4
4	--	0.38005	0.404173	3	2.62337	5
3	--	1.074523	0.682221	4	3.30559	6
4	--	0.508926	0.479308	5	3.7849	7
5	--	0.798054	0.422191	6	4.20709	8
6	--	0.930874	0.733887	7	4.94098	9
7	--	0.690742	0.983354	6	5.63172	10
6	--	0.616701	0.556964	7	6.18868	11
7	--	0.400545	0.506889	6	6.58922	12
6	--	0.428942	0.534205	5	7.01816	13
5	--	0.768434	0.736145	6	7.75431	14
6	--	0.653029	0.855746	5	8.40734	15
5	--	0.670439	0.526964	6	8.9343	16
6	--	0.552588	0.898121	5	9.48689	17
5	--	0.948105	0.415329	6	9.90222	18
6	--	1.096137	0.679453	7	10.58167	19
7	--	1.259552	1.343029	6	11.84122	20
6	--	0.37428	0.411384	5	12.2155	21
5	--	0.541021	0.860442	4	12.75652	22
4	--	0.451548	0.832631	3	13.20807	23
3	--	1.003658	0.413498	4	13.62157	24
4	--	1.002112	0.828179	5	14.44975	25
5	--	0.845682	0.524049	6	14.9738	26
6	--	0.362466	0.519057	5	15.33627	27
5	--	0.713817	0.403588	6	15.73986	28
6	--	1.005907	0.58358	7	16.32344	29
7	--	1.213451	0.479038	8	16.80248	30
8	--	1.051871	1.628269	7	17.85435	31
7	--	0.73521	0.759901	6	18.58956	32
6	--	0.981946	0.542455	7	19.13202	33
7	--	0.487452	1.018119	6	19.61947	34
6	--	0.444266	0.862198	5	20.06374	35
5	--	0.393171	0.89226	4	20.45691	36
4	--	0.459747	0.992887	3	20.91666	37
3	--	0.474873	0.92656	2	21.39153	38
2	--	0.634046	1.540741	1	22.02558	39
1	--	1.969979	1.552482	2	23.57806	40
2	--	0.959862	0.56432	3	24.14238	41
3	--	0.780614	0.675943	4	24.81832	42
4	--	1.039159	0.781686	5	25.60001	43
5	--	0.680379	0.435909	6	26.03592	44
6	--	1.023158	0.576416	7	26.61234	45
7	--	1.250853	1.044359	8	27.6567	46
8	--	1.335767	1.643751	7	28.99247	47
7	--	0.931038	1.111998	6	29.92351	48
6	--	0.653952	0.871139	5	30.57746	49
5	--	0.576699	0.400486	6	30.97795	50
6	--	0.843402	0.670791	7	31.64874	51
7	--	1.418286	1.082238	8	32.73098	52
8	--	0.923559	1.087579	7	33.65454	53
7	--	0.527035	1.178278	6	34.18158	54
6	--	0.940949	0.639214	7	34.82079	55
7	--	1.044058	0.78475	8	35.60554	56
8	--	0.829214	1.191746	7	36.43475	57
7	--	0.419207	1.319361	6	36.85396	58
6	--	0.587516	0.374602	7	37.22856	59
7	--	0.429829	0.987496	6	37.65839	60
6	--	0.470222	0.610414	5	38.12861	61
5	--	0.455644	0.367578	6	38.49619	62
6	--	0.493202	0.754947	5	38.98939	63
5	--	0.966898	0.50463	6	39.49402	64
6	--	0.99446	0.754386	7	40.24841	65
7	--	0.431378	0.58887	6	40.67979	66
6	--	0.86836	0.380357	7	41.06015	67
7	--	0.416412	0.481228	6	41.47656	68
6	--	0.818168	1.203734	5	42.29473	69
5	--	1.128567	0.742901	6	43.03763	70
6	--	0.454207	0.983079	5	43.49184	71
5	--	0.655099	1.006506	4	44.14694	72
4	--	0.723709	0.790985	3	44.87065	73
3	--	0.934697	0.959433	2	45.80535	74
2	--	1.57226	1.008551	3	46.8139	75
3	--	1.162073	0.471059	4	47.28496	76
4	--	1.116347	1.068972	5	48.35393	77
5	--	1.032256	1.054138	4	49.38619	78
4	--	0.35828	1.059675	3	49.74447	79
3	--	1.154287	0.412548	4	50.15702	80
4	--	0.556022	0.776337	3	50.71304	81
3	--	1.156338	0.918714	4	51.63175	82
4	--	0.542358	1.076988	3	52.17411	83
3	--	0.467615	1.121626	2	52.64173	84
2	--	1.036567	1.573325	1	53.6783	85
1	--	1.341343	3.187108	0	55.01964	86

test #69
6	--	0.892915	0.6421	7	0.6421	1
7	--	1.078942	0.870072	8	1.51217	2
8	--	1.859678	0.883197	9	2.39537	3
9	--	1.87987	2.890936	8	4.27524	4
8	--	1.111559	0.896284	9	5.17152	5
9	--	1.398695	1.798087	8	6.57022	6
8	--	0.994396	1.154746	7	7.56462	7
7	--	0.755258	0.529255	8	8.09388	8
8	--	1.018092	1.164975	7	9.11197	9
7	--	0.70931	0.577119	8	9.68909	10
8	--	0.518189	1.109314	7	10.20728	11
7	--	1.400429	0.756768	8	10.96405	12
8	--	0.908822	0.727931	9	11.69198	13
9	--	2.342625	2.891433	8	14.0346	14
8	--	1.704486	0.605425	9	14.64002	15
9	--	2.161023	1.196778	10	15.8368	16

test #70
6	--	0.661385	0.375478	7	0.37548	1
7	--	0.556517	0.488267	8	0.86375	2
8	--	0.591361	1.291863	7	1.45511	3
7	--	1.280183	0.703909	8	2.15902	4
8	--	1.031973	1.866022	7	3.19099	5
7	--	0.61851	0.55259	8	3.74358	6
8	--	1.016661	1.023004	7	4.76024	7
7	--	1.229353	0.955503	8	5.71574	8
8	--	0.808527	0.999525	7	6.52427	9
7	--	1.048298	0.540536	8	7.06481	10
8	--	1.843355	0.532717	9	7.59753	11
9	--	1.296305	2.033238	8	8.89384	12
8	--	0.666478	1.85223	7	9.56032	13
7	--	1.128847	0.59977	8	10.16009	14
8	--	0.861801	1.466109	7	11.02189	15
7	--	1.386935	1.134342	8	12.15623	16
8	--	1.761766	0.569184	9	12.72541	17
9	--	1.278819	1.266264	10	13.99167	18

test #71
6	--	1.138352	0.371178	7	0.37118	1
7	--	1.001168	0.820454	8	1.19163	2
8	--	1.827558	0.976451	9	2.16808	3
9	--	2.572633	2.288378	10	4.45646	4

test #72
6	--	0.552084	0.473523	7	0.47352	1
7	--	1.289938	1.079248	8	1.55277	2
8	--	0.852714	1.685567	7	2.40548	3
7	--	0.831816	0.727673	8	3.13315	4
8	--	0.969536	1.748344	7	4.10269	5
7	--	1.045365	1.249608	6	5.14806	6
6	--	0.345026	0.448138	5	5.49309	7
5	--	0.614543	0.607937	6	6.10103	8
6	--	0.425985	1.066362	5	6.52702	9
5	--	0.550432	0.591373	4	7.07745	10
4	--	1.004805	0.575336	5	7.65279	11
5	--	1.03841	0.662022	6	8.31481	12
6	--	0.373128	0.590657	5	8.68794	13
5	--	0.712103	1.006654	4	9.40004	14
4	--	0.547882	1.135687	3	9.94792	15
3	--	0.76582	1.104438	2	10.71374	16
2	--	0.720204	1.325194	1	11.43394	17
1	--	1.943666	1.230984	2	12.66492	18
2	--	0.675937	1.113058	1	13.34086	19
1	--	2.281652	2.652419	0	15.62251	20

test #73
6	--	0.506893	0.672031	5	0.50689	1
5	--	0.779049	0.741364	6	1.24825	2
6	--	0.794082	0.837659	5	2.04233	3
5	--	1.062217	0.381733	6	2.42406	4
6	--	0.386749	0.820634	5	2.81081	5
5	--	1.102422	0.563537	6	3.37435	6
6	--	0.457598	0.516662	5	3.83195	7
5	--	0.404455	0.701771	4	4.23641	8
4	--	0.566291	0.815254	3	4.8027	9
3	--	0.788551	1.26737	2	5.59125	10
2	--	0.515897	1.334394	1	6.10715	11
1	--	1.888846	2.127371	0	7.996	12

test #74
6	--	0.700047	1.234023	5	0.70005	1
5	--	0.739263	0.51269	6	1.21274	2
6	--	0.990381	0.800623	7	2.01336	3
7	--	0.691067	1.160617	6	2.70443	4
6	--	1.159911	0.449909	7	3.15434	5
7	--	0.44505	0.592071	6	3.59939	6
6	--	0.720916	0.450238	7	4.04963	7
7	--	0.461216	1.021451	6	4.51085	8
6	--	0.35676	0.370751	5	4.86761	9
5	--	0.460077	0.526515	4	5.32769	10
4	--	0.615225	0.946534	3	5.94292	11
3	--	0.452177	0.927667	2	6.3951	12
2	--	0.601905	0.764795	1	6.99701	13
1	--	2.626921	2.374319	2	9.37133	14
2	--	0.70739	1.317354	1	10.07872	15
1	--	2.378466	1.523827	2	11.60255	16
2	--	0.643973	0.639593	3	12.24214	17
3	--	0.898776	0.907566	2	13.14092	18
2	--	1.204631	0.975815	3	14.11673	19
3	--	1.398248	1.05147	4	15.1682	20
4	--	1.179712	1.002791	5	16.17099	21
5	--	0.812157	0.474311	6	16.6453	22
6	--	1.039643	0.692718	7	17.33802	23
7	--	0.684315	1.077024	6	18.02234	24
6	--	1.077631	0.613767	7	18.63611	25
7	--	0.765306	1.209855	6	19.40142	26
6	--	0.777935	0.668993	7	20.07041	27
7	--	1.254273	0.487304	8	20.55771	28
8	--	1.105152	0.801559	9	21.35927	29
9	--	1.80452	2.148333	8	23.16379	30
8	--	0.664023	1.223759	7	23.82781	31
7	--	0.697954	0.80091	6	24.52576	32
6	--	0.955163	0.547724	7	25.07348	33
7	--	1.285745	0.561034	8	25.63451	34
8	--	1.751756	0.838829	9	26.47334	35
9	--	3.06134	1.297246	10	27.77059	36

test #75
6	--	0.706672	0.403691	7	0.40369	1
7	--	0.402325	0.907206	6	0.80601	2
6	--	0.55848	0.626651	5	1.36449	3
5	--	0.923398	0.786349	6	2.15084	4
6	--	0.731158	0.499556	7	2.6504	5
7	--	1.192231	0.626758	8	3.27716	6
8	--	0.568631	1.172382	7	3.84579	7
7	--	0.79978	0.676183	8	4.52197	8
8	--	0.725289	0.80161	7	5.24726	9
7	--	0.586657	1.150647	6	5.83392	10
6	--	0.774053	0.49778	7	6.3317	11
7	--	0.642428	0.466348	8	6.79805	12
8	--	0.960445	0.895837	9	7.69389	13
9	--	1.660164	1.851199	8	9.35405	14
8	--	1.781956	0.627153	9	9.9812	15
9	--	2.011465	1.585217	10	11.56642	16

test #76
6	--	0.595115	0.69457	5	0.59511	1
5	--	0.461915	0.828392	4	1.05703	2
4	--	0.823543	1.161592	3	1.88057	3
3	--	1.272689	1.270447	4	3.15102	4
4	--	1.169046	0.751699	5	3.90272	5
5	--	0.481244	0.704975	4	4.38396	6
4	--	0.74749	1.147557	3	5.13145	7
3	--	0.670791	0.501455	4	5.6329	8
4	--	0.784845	1.169108	3	6.41775	9
3	--	0.662284	1.181377	2	7.08003	10
2	--	0.981906	1.65562	1	8.06194	11
1	--	1.627758	2.836351	0	9.6897	12

test #77
6	--	0.456149	0.551863	5	0.45615	1
5	--	0.911299	0.755728	6	1.21188	2
6	--	0.886533	1.149415	5	2.09841	3
5	--	0.447056	0.646462	4	2.54547	4
4	--	0.385588	0.802414	3	2.93106	5
3	--	0.693146	0.70634	2	3.62421	6
2	--	1.073731	1.61969	1	4.69794	7
1	--	1.812795	2.641735	0	6.51073	8

test #78
6	--	1.195011	1.214611	5	1.19501	1
5	--	0.441811	0.596949	4	1.63682	2
4	--	0.749472	0.769752	3	2.38629	3
3	--	0.55478	0.478011	4	2.8643	4
4	--	0.966134	0.997948	3	3.83043	5
3	--	0.740701	1.358067	2	4.57113	6
2	--	1.472479	1.016846	3	5.58798	7
3	--	0.479848	1.106819	2	6.06783	8
2	--	0.580201	1.628241	1	6.64803	9
1	--	2.213979	2.937383	0	8.86201	10

test #79
6	--	0.574111	1.119175	5	0.57411	1
5	--	0.582274	0.785118	4	1.15638	2
4	--	0.430282	0.425516	5	1.5819	3
5	--	0.730817	0.396969	6	1.97887	4
6	--	0.571766	0.936585	5	2.55064	5
5	--	0.876315	0.760578	6	3.31122	6
6	--	1.034838	0.712537	7	4.02376	7
7	--	1.030548	1.252053	6	5.05431	8
6	--	0.976457	0.68813	7	5.74244	9
7	--	0.409961	0.643589	6	6.1524	10
6	--	0.527797	1.234389	5	6.6802	11
5	--	0.390746	0.610628	4	7.07095	12
4	--	0.385438	0.431381	3	7.45639	13
3	--	0.652971	1.343974	2	8.10936	14
2	--	1.046088	0.593047	3	8.70241	15
3	--	0.52206	0.677998	2	9.22447	16
2	--	0.529699	1.067468	1	9.75417	17
1	--	2.374242	3.089529	0	12.12841	18

test #80
6	--	0.383174	0.491326	5	0.38317	1
5	--	1.053129	0.97792	6	1.36109	2
6	--	0.631649	0.771391	5	1.99274	3
5	--	0.482074	1.08247	4	2.47481	4
4	--	1.102418	0.893166	5	3.36798	5
5	--	0.417	0.659891	4	3.78498	6
4	--	0.587915	0.446454	5	4.23143	7
5	--	0.830739	0.726012	6	4.95744	8
6	--	0.414113	0.818367	5	5.37155	9
5	--	0.475094	0.70785	4	5.84664	10
4	--	0.542372	0.471906	5	6.31855	11
5	--	0.699921	0.340232	6	6.65878	12
6	--	0.847022	0.632179	7	7.29096	13
7	--	0.497322	0.394872	8	7.68583	14
8	--	1.186287	1.442932	7	8.87212	15
7	--	1.040092	1.206281	6	9.91221	16
6	--	1.063882	0.510209	7	10.42242	17
7	--	0.577766	1.061742	6	11.00019	18
6	--	0.55273	0.343436	7	11.34363	19
7	--	0.688024	1.11104	6	12.03165	20
6	--	1.087648	0.785087	7	12.81674	21
7	--	1.270261	1.255866	8	14.07261	22
8	--	1.465682	0.881929	9	14.95454	23
9	--	2.04324	3.097624	8	16.99778	24
8	--	1.610249	1.644204	7	18.60803	25
7	--	0.738758	0.569732	8	19.17776	26
8	--	0.698234	1.735857	7	19.87599	27
7	--	1.043263	1.357685	6	20.91925	28
6	--	0.505828	0.718535	5	21.42508	29
5	--	0.915202	0.87687	6	22.30195	30
6	--	0.483534	0.748427	5	22.78548	31
5	--	0.822698	1.121421	4	23.60818	32
4	--	0.623377	0.808306	3	24.23156	33
3	--	1.124396	0.658892	4	24.89045	34
4	--	0.390322	0.635038	3	25.28077	35
3	--	0.845732	1.191839	2	26.1265	36
2	--	1.824609	0.521054	3	26.64755	37
3	--	1.07287	1.182191	2	27.72042	38
2	--	1.589495	0.994225	3	28.71465	39
3	--	0.642526	1.141258	2	29.35718	40
2	--	0.938131	1.619946	1	30.29531	41
1	--	1.4413	1.392565	2	31.68788	42
2	--	1.747855	0.591515	3	32.2794	43
3	--	1.390732	0.589306	4	32.86871	44
4	--	0.414402	0.766619	3	33.28311	45
3	--	1.224358	0.663409	4	33.94652	46
4	--	0.879667	0.848019	5	34.79454	47
5	--	0.863137	0.879761	4	35.65768	48
4	--	0.462413	0.639144	3	36.12009	49
3	--	0.471282	0.729727	2	36.59137	50
2	--	1.262848	0.772417	3	37.36379	51
3	--	1.232377	0.788697	4	38.15249	52
4	--	0.972332	0.395494	5	38.54798	53
5	--	0.408893	0.937942	4	38.95687	54
4	--	0.932658	0.676841	5	39.63371	55
5	--	0.534629	0.724038	4	40.16834	56
4	--	0.787576	0.487148	5	40.65549	57
5	--	0.452685	0.814918	4	41.10818	58
4	--	0.460276	0.56541	3	41.56846	59
3	--	0.659774	0.726232	2	42.22823	60
2	--	1.291221	0.961512	3	43.18974	61
3	--	0.76983	1.289468	2	43.95957	62
2	--	1.458947	1.322166	3	45.28174	63
3	--	0.919969	0.6992	4	45.98094	64
4	--	1.230498	0.755026	5	46.73597	65
5	--	1.049467	1.092235	4	47.78544	66
4	--	0.441495	1.133209	3	48.22694	67
3	--	1.069678	0.999533	4	49.22647	68
4	--	1.201319	0.803962	5	50.03043	69
5	--	1.007832	0.886912	6	50.91734	70
6	--	0.402159	0.831076	5	51.3195	71
5	--	0.795744	0.403548	6	51.72305	72
6	--	0.686884	0.342189	7	52.06524	73
7	--	0.433734	0.923952	6	52.49897	74
6	--	0.381037	0.729479	5	52.88001	75
5	--	0.641742	0.538993	6	53.419	76
6	--	0.391139	0.350005	7	53.76901	77
7	--	0.955189	0.948508	8	54.71752	78
8	--	1.342838	0.656242	9	55.37376	79
9	--	2.49795	1.020999	10	56.39476	80

test #81
6	--	0.836318	1.067815	5	0.83632	1
5	--	0.558768	0.56683	4	1.39509	2
4	--	0.513354	0.488116	5	1.88321	3
5	--	0.402913	0.656368	4	2.28612	4
4	--	1.010175	0.625769	5	2.91189	5
5	--	0.916903	0.820519	6	3.73241	6
6	--	0.910779	0.935079	5	4.64319	7
5	--	0.553907	0.963894	4	5.1971	8
4	--	0.451271	0.425823	5	5.62292	9
5	--	0.493542	0.573739	4	6.11646	10
4	--	1.216129	0.554144	5	6.6706	11
5	--	0.870703	0.722525	6	7.39312	12
6	--	0.473163	0.919141	5	7.86628	13
5	--	0.764611	0.488356	6	8.35464	14
6	--	1.062049	1.008118	7	9.36276	15
7	--	0.517925	1.330997	6	9.88068	16
6	--	0.504433	1.013798	5	10.38511	17
5	--	0.488205	0.360869	6	10.74598	18
6	--	0.897733	0.98517	5	11.64371	19
5	--	1.032407	0.392603	6	12.03631	20
6	--	1.132283	0.404807	7	12.44112	21
7	--	0.933377	0.515412	8	12.95653	22
8	--	1.457467	0.607652	9	13.56418	23
9	--	1.793564	0.957996	10	14.52218	24

test #82
6	--	0.561353	0.822864	5	0.56135	1
5	--	0.731835	0.876092	4	1.29319	2
4	--	0.79603	1.228939	3	2.08922	3
3	--	1.142187	1.193802	2	3.23141	4
2	--	1.348316	0.603965	3	3.83537	5
3	--	0.903637	1.17957	2	4.73901	6
2	--	0.799985	0.809637	1	5.53899	7
1	--	1.201171	2.627385	0	6.74016	8

test #83
6	--	0.715167	0.867162	5	0.71517	1
5	--	0.634534	0.81786	4	1.3497	2
4	--	0.519202	1.032192	3	1.8689	3
3	--	0.685573	0.677693	4	2.54659	4
4	--	0.362363	0.50828	3	2.90895	5
3	--	0.888337	1.159804	2	3.79729	6
2	--	1.410158	0.727769	3	4.52506	7
3	--	0.989418	0.926431	4	5.45149	8
4	--	0.800537	0.973669	3	6.25203	9
3	--	0.903962	0.769934	4	7.02196	10
4	--	0.408223	0.403879	5	7.42584	11
5	--	0.750235	0.436216	6	7.86206	12
6	--	0.560054	0.354991	7	8.21705	13
7	--	0.542829	1.334556	6	8.75988	14
6	--	0.499267	0.364372	7	9.12425	15
7	--	1.092774	0.599248	8	9.7235	16
8	--	0.795919	1.249579	7	10.51942	17
7	--	1.400002	0.666621	8	11.18604	18
8	--	1.426293	1.525686	7	12.61233	19
7	--	0.726681	1.201349	6	13.33901	20
6	--	0.560808	0.360258	7	13.69927	21
7	--	0.869154	1.110398	6	14.56842	22
6	--	0.345501	0.477865	5	14.91392	23
5	--	1.154785	0.783906	6	15.69783	24
6	--	0.900635	0.709856	7	16.40769	25
7	--	0.820685	0.534272	8	16.94196	26
8	--	0.808167	1.464341	7	17.75013	27
7	--	1.18839	0.426532	8	18.17666	28
8	--	1.393756	1.405068	7	19.57042	29
7	--	0.558863	0.932893	6	20.12928	30
6	--	0.547413	0.44752	7	20.5768	31
7	--	0.825537	0.646644	8	21.22344	32
8	--	1.638044	1.493024	9	22.71646	33
9	--	2.365772	0.96918	10	23.68564	34

test #84
6	--	0.430219	0.599791	5	0.43022	1
5	--	0.754808	1.016817	4	1.18503	2
4	--	0.955475	0.712202	5	1.89723	3
5	--	1.098242	0.53678	6	2.43401	4
6	--	0.919671	0.803433	7	3.23744	5
7	--	0.519913	0.690381	6	3.75735	6
6	--	0.646306	0.852259	5	4.40366	7
5	--	0.477241	0.715935	4	4.8809	8
4	--	0.861432	0.553853	5	5.43475	9
5	--	1.086421	0.330759	6	5.76551	10
6	--	0.759964	0.591932	7	6.35744	11
7	--	1.3599	1.141898	8	7.49934	12
8	--	0.712588	0.557171	9	8.05651	13
9	--	1.590691	1.436849	10	9.49336	14

test #85
6	--	0.498965	1.125252	5	0.49896	1
5	--	0.362822	0.836242	4	0.86178	2
4	--	0.500112	0.574982	3	1.36189	3
3	--	0.629531	0.404842	4	1.76673	4
4	--	0.857168	1.040826	3	2.6239	5
3	--	0.529769	0.990594	2	3.15367	6
2	--	1.740496	0.651684	3	3.80535	7
3	--	0.539611	0.592827	2	4.34496	8
2	--	0.606178	1.279174	1	4.95114	9
1	--	1.489588	1.334236	2	6.28538	10
2	--	0.721378	0.903093	1	7.00676	11
1	--	1.689773	1.399736	2	8.4065	12
2	--	0.673025	0.953058	1	9.07952	13
1	--	2.404058	1.435046	2	10.51457	14
2	--	0.772955	1.205393	1	11.28752	15
1	--	0.913598	1.105195	0	12.20112	16

test #86
6	--	0.73945	0.727866	7	0.72787	1
7	--	0.499379	0.818709	6	1.22725	2
6	--	0.79254	0.83054	5	2.01979	3
5	--	0.971512	0.793567	6	2.81336	4
6	--	0.832352	1.155637	5	3.64571	5
5	--	0.922004	1.168398	4	4.56771	6
4	--	1.204305	0.677344	5	5.24505	7
5	--	0.554457	0.617496	4	5.79951	8
4	--	0.500476	1.202773	3	6.29999	9
3	--	1.37065	1.334222	4	7.63421	10
4	--	1.226334	0.86331	5	8.49752	11
5	--	0.66935	1.142979	4	9.16687	12
4	--	0.773064	0.722746	5	9.88962	13
5	--	0.55221	1.041673	4	10.44183	14
4	--	0.815118	1.191004	3	11.25695	15
3	--	1.295932	1.034712	4	12.29166	16
4	--	0.785743	0.765513	5	13.05717	17
5	--	0.590186	0.476036	6	13.53321	18
6	--	0.703482	0.769383	5	14.23669	19
5	--	0.611119	0.648779	4	14.84781	20
4	--	0.835189	0.555554	5	15.40336	21
5	--	0.707803	0.426787	6	15.83015	22
6	--	0.75559	0.420019	7	16.25017	23
7	--	0.653541	0.620217	8	16.87039	24
8	--	0.712653	1.066201	7	17.58304	25
7	--	0.547831	1.370153	6	18.13087	26
6	--	0.953082	0.414484	7	18.54535	27
7	--	1.158877	0.541426	8	19.08678	28
8	--	1.624148	1.561494	9	20.64827	29
9	--	2.885708	2.89011	8	23.53398	30
8	--	0.599524	0.775788	7	24.1335	31
7	--	1.077593	1.244541	6	25.21109	32
6	--	0.696376	0.579889	7	25.79098	33
7	--	0.49557	1.235383	6	26.28655	34
6	--	0.652174	0.784537	5	26.93872	35
5	--	0.539669	0.331873	6	27.27059	36
6	--	1.209384	0.919602	7	28.19019	37
7	--	1.145168	1.072818	8	29.26301	38
8	--	0.910816	1.602491	7	30.17383	39
7	--	0.436005	1.036165	6	30.60983	40
6	--	0.433337	0.507697	5	31.04317	41
5	--	0.565387	0.540863	6	31.58403	42
6	--	1.115026	0.514042	7	32.09807	43
7	--	0.571576	0.617818	6	32.66965	44
6	--	0.370682	0.611063	5	33.04033	45
5	--	0.521834	0.370046	6	33.41038	46
6	--	0.798303	0.893677	5	34.20868	47
5	--	0.338911	1.011465	4	34.54759	48
4	--	0.66041	0.350217	5	34.89781	49
5	--	0.727738	0.982698	4	35.62555	50
4	--	0.717153	0.382018	5	36.00757	51
5	--	0.403983	1.105215	4	36.41155	52
4	--	0.38007	0.507095	3	36.79162	53
3	--	0.957188	0.748017	4	37.53964	54
4	--	0.469372	0.852897	3	38.00901	55
3	--	1.223104	0.887748	4	38.89676	56
4	--	0.373098	0.457624	3	39.26986	57
3	--	0.626121	0.575738	4	39.8456	58
4	--	1.208614	0.64898	5	40.49458	59
5	--	0.657133	0.784655	4	41.15171	60
4	--	0.422375	0.866663	3	41.57409	61
3	--	0.743954	0.787747	2	42.31804	62
2	--	1.076246	1.015313	3	43.33335	63
3	--	0.418438	0.708256	2	43.75179	64
2	--	1.179442	1.81616	1	44.93123	65
1	--	1.65968	2.789039	0	46.59091	66

test #87
6	--	0.381679	1.233102	5	0.38168	1
5	--	0.518195	0.412219	6	0.7939	2
6	--	0.856609	0.638716	7	1.43262	3
7	--	1.18838	1.167832	8	2.60045	4
8	--	0.553312	1.065105	7	3.15376	5
7	--	1.040633	0.400536	8	3.5543	6
8	--	0.914153	1.482686	7	4.46845	7
7	--	0.590881	0.705123	6	5.05933	8
6	--	0.64457	0.455948	7	5.51528	9
7	--	0.990549	1.074293	6	6.50583	10
6	--	1.177868	0.443735	7	6.94956	11
7	--	0.771158	0.827073	6	7.72072	12
6	--	0.539625	0.392003	7	8.11272	13
7	--	0.479634	1.017076	6	8.59235	14
6	--	0.343971	0.494423	5	8.93632	15
5	--	0.703922	0.942683	4	9.64024	16
4	--	0.451542	0.387678	5	10.02792	17
5	--	1.112685	0.400691	6	10.42861	18
6	--	0.521947	0.710006	5	10.95056	19
5	--	0.828562	0.756164	6	11.70672	20
6	--	0.394094	0.911534	5	12.10081	21
5	--	0.853754	0.541304	6	12.64211	22
6	--	0.619155	0.495006	7	13.13712	23
7	--	1.390328	0.634817	8	13.77194	24
8	--	0.986721	0.530687	9	14.30263	25
9	--	2.913171	2.22472	10	16.52735	26

test #88
6	--	0.931612	0.424766	7	0.42477	1
7	--	0.552447	0.766765	6	0.97722	2
6	--	0.489523	0.736033	5	1.46674	3
5	--	0.550174	0.710333	4	2.01691	4
4	--	0.521265	0.601739	3	2.53817	5
3	--	0.492771	0.775012	2	3.03094	6
2	--	1.332002	0.645848	3	3.67679	7
3	--	1.147588	1.174907	2	4.82438	8
2	--	0.57787	1.600793	1	5.40225	9
1	--	2.085487	3.076749	0	7.48774	10

test #89
6	--	0.803714	0.472907	7	0.47291	1
7	--	0.77926	1.369457	6	1.25217	2
6	--	0.355575	1.067959	5	1.60774	3
5	--	0.785221	0.869261	4	2.39296	4
4	--	0.58096	0.843939	3	2.97392	5
3	--	0.949657	0.700079	4	3.674	6
4	--	1.222709	1.105978	5	4.77998	7
5	--	0.956097	1.029707	4	5.73608	8
4	--	0.478422	0.701374	3	6.2145	9
3	--	0.523974	0.710337	2	6.73847	10
2	--	0.516173	1.631185	1	7.25464	11
1	--	1.125357	2.778384	0	8.38	12

test #90
6	--	0.34501	0.753511	5	0.34501	1
5	--	0.470377	0.636341	4	0.81539	2
4	--	1.06442	0.500166	5	1.31556	3
5	--	0.471943	0.346171	6	1.66173	4
6	--	1.179723	0.44404	7	2.10577	5
7	--	0.643286	0.620175	8	2.72595	6
8	--	0.714125	1.065858	7	3.44008	7
7	--	1.226674	0.66323	8	4.10331	8
8	--	0.746322	0.729431	9	4.83274	9
9	--	2.032715	1.929601	10	6.76234	10

test #91
6	--	0.419805	0.369232	7	0.36923	1
7	--	0.716874	0.884409	6	1.0861	2
6	--	1.209646	1.10383	7	2.18993	3
7	--	0.485632	1.358741	6	2.67556	4
6	--	1.200061	0.70442	7	3.37998	5
7	--	1.324953	0.886011	8	4.26599	6
8	--	1.015048	1.597425	7	5.28104	7
7	--	1.048793	0.522338	8	5.80338	8
8	--	1.471439	0.746781	9	6.55016	9
9	--	0.96696	2.090548	8	7.51712	10
8	--	0.864791	0.843756	9	8.36088	11
9	--	1.913577	1.780755	10	10.14164	12

test #92
6	--	0.681644	0.375428	7	0.37543	1
7	--	0.407566	0.738615	6	0.783	2
6	--	0.784674	1.062886	5	1.56767	3
5	--	1.08738	0.863777	6	2.43145	4
6	--	0.708539	0.777956	5	3.13999	5
5	--	1.110019	0.651771	6	3.79176	6
6	--	0.755969	0.91876	5	4.54773	7
5	--	0.403705	1.006862	4	4.95143	8
4	--	0.934293	0.345561	5	5.29699	9
5	--	0.356489	1.155533	4	5.65348	10
4	--	0.580635	0.344191	5	5.99767	11
5	--	0.962558	0.341023	6	6.33869	12
6	--	0.490987	0.553453	5	6.82968	13
5	--	1.121757	0.642387	6	7.47207	14
6	--	0.632332	1.187744	5	8.1044	15
5	--	0.980733	0.662771	6	8.76717	16
6	--	0.456934	0.431299	7	9.19847	17
7	--	1.325711	0.569086	8	9.76756	18
8	--	0.793677	0.571808	9	10.33937	19
9	--	1.868193	2.30933	8	12.20756	20
8	--	1.11869	0.838949	9	13.04651	21
9	--	1.474421	2.60589	8	14.52093	22
8	--	1.269802	0.955191	9	15.47612	23
9	--	1.823885	1.217421	10	16.69354	24

test #93
6	--	0.551493	0.351431	7	0.35143	1
7	--	0.828206	0.754218	8	1.10565	2
8	--	0.697621	0.713911	7	1.80327	3
7	--	1.40018	0.674853	8	2.47812	4
8	--	1.0936	0.893979	9	3.3721	5
9	--	2.383546	2.793686	8	5.75565	6
8	--	0.940159	1.410432	7	6.69581	7
7	--	0.757692	0.485547	8	7.18136	8
8	--	1.120445	0.572396	9	7.75376	9
9	--	2.715914	3.121406	8	10.46967	10
8	--	0.838226	0.994211	7	11.3079	11
7	--	1.403427	0.516876	8	11.82478	12
8	--	1.693938	0.807509	9	12.63229	13
9	--	1.920656	2.077701	8	14.55295	14
8	--	0.612944	1.286016	7	15.16589	15
7	--	0.562261	0.528061	8	15.69395	16
8	--	1.738573	1.228023	9	16.92197	17
9	--	1.976164	2.235908	8	18.89813	18
8	--	0.697048	0.952534	7	19.59518	19
7	--	1.007016	0.455207	8	20.05039	20
8	--	0.846528	1.294323	7	20.89692	21
7	--	0.827696	0.971792	6	21.72462	22
6	--	0.774321	1.036746	5	22.49894	23
5	--	0.628081	0.391731	6	22.89067	24
6	--	0.953275	0.485805	7	23.37647	25
7	--	0.891741	0.583092	8	23.95956	26
8	--	1.087469	1.859828	7	25.04703	27
7	--	0.590428	0.464513	8	25.51154	28
8	--	0.682882	1.513652	7	26.19442	29
7	--	1.018381	0.78875	8	26.98317	30
8	--	1.189659	1.261267	7	28.17283	31
7	--	0.970272	0.845814	8	29.01864	32
8	--	0.961309	0.685987	9	29.70463	33
9	--	2.23941	2.099837	10	31.80447	34

test #94
6	--	0.83351	0.446829	7	0.44683	1
7	--	1.269766	1.009079	8	1.45591	2
8	--	0.93455	0.762531	9	2.21844	3
9	--	1.668552	0.949485	10	3.16793	4

test #95
6	--	0.638714	0.514215	7	0.51421	1
7	--	0.929852	0.612141	8	1.12635	2
8	--	0.782265	0.585431	9	1.71178	3
9	--	1.769847	1.989797	8	3.48163	4
8	--	1.493928	1.493618	9	4.97525	5
9	--	1.299619	1.535184	8	6.27487	6
8	--	0.678459	1.30169	7	6.95333	7
7	--	0.882714	0.679269	8	7.6326	8
8	--	0.6656	1.622597	7	8.2982	9
7	--	0.469397	0.49896	6	8.7676	10
6	--	0.559629	1.127997	5	9.32723	11
5	--	0.966563	0.36569	6	9.69292	12
6	--	0.705623	0.95146	5	10.39854	13
5	--	0.624033	0.419724	6	10.81826	14
6	--	1.13731	1.096327	7	11.91459	15
7	--	1.317356	0.428415	8	12.343	16
8	--	1.351514	1.256405	9	13.5994	17
9	--	2.536125	1.373663	10	14.97306	18

test #96
6	--	0.903831	1.209411	5	0.90383	1
5	--	0.818852	0.936244	4	1.72268	2
4	--	1.024065	0.550021	5	2.2727	3
5	--	0.871284	0.949528	4	3.14398	4
4	--	0.607078	0.527878	5	3.67186	5
5	--	0.406108	1.032906	4	4.07797	6
4	--	0.586334	1.178576	3	4.6643	7
3	--	0.458104	0.77129	2	5.1224	8
2	--	1.312213	0.708788	3	5.83119	9
3	--	0.407225	0.713085	2	6.23842	10
2	--	1.274383	1.768263	1	7.5128	11
1	--	2.467981	3.111968	0	9.98078	12

test #97
6	--	0.571932	0.507981	7	0.50798	1
7	--	0.549744	0.68731	6	1.05772	2
6	--	0.988439	0.793141	7	1.85086	3
7	--	0.729782	0.48855	8	2.33941	4
8	--	1.083218	0.514597	9	2.85401	5
9	--	1.942074	2.382265	8	4.79608	6
8	--	1.430228	1.352731	9	6.14881	7
9	--	2.132648	2.530104	8	8.28146	8
8	--	0.52806	1.088498	7	8.80952	9
7	--	0.402902	0.929687	6	9.21242	10
6	--	1.092582	0.927085	7	10.13951	11
7	--	0.70086	0.565492	8	10.705	12
8	--	0.992564	1.040203	7	11.69756	13
7	--	0.637097	0.764523	6	12.33466	14
6	--	0.596167	1.134631	5	12.93083	15
5	--	0.633197	0.807672	4	13.56403	16
4	--	0.406426	0.359507	5	13.92354	17
5	--	0.506026	0.888702	4	14.42957	18
4	--	0.502156	0.674301	3	14.93173	19
3	--	0.536066	1.356654	2	15.4678	20
2	--	0.913062	0.831384	3	16.29918	21
3	--	1.222113	0.937991	4	17.23717	22
4	--	0.420867	0.462446	3	17.65804	23
3	--	0.731376	0.714602	4	18.37264	24
4	--	1.156874	0.624961	5	18.9976	25
5	--	0.643676	0.383799	6	19.3814	26
6	--	0.874079	0.62485	7	20.00625	27
7	--	0.489945	1.327724	6	20.4962	28
6	--	0.495982	0.642031	5	20.99218	29
5	--	1.001325	0.658271	6	21.65045	30
6	--	0.425525	0.832785	5	22.07597	31
5	--	0.430173	0.53335	4	22.50614	32
4	--	0.523454	1.192632	3	23.02959	33
3	--	1.338674	0.747352	4	23.77694	34
4	--	0.390551	0.645741	3	24.16749	35
3	--	1.091384	0.882505	4	25.04999	36
4	--	0.651041	0.587193	5	25.63718	37
5	--	0.782772	0.534934	6	26.17211	38
6	--	0.511018	0.674435	5	26.68313	39
5	--	1.075513	0.756812	6	27.43994	40
6	--	0.421142	1.006295	5	27.86108	41
5	--	0.620428	0.830103	4	28.48151	42
4	--	0.452566	0.583011	3	28.93408	43
3	--	1.129581	0.470719	4	29.4048	44
4	--	0.667837	0.604879	5	30.00968	45
5	--	0.835307	0.619978	6	30.62966	46
6	--	0.610954	0.523185	7	31.15285	47
7	--	0.499945	0.602776	6	31.65279	48
6	--	1.21921	0.366673	7	32.01946	49
7	--	1.356311	1.017427	8	33.03689	50
8	--	1.337355	0.8494	9	33.88629	51
9	--	1.209671	2.211403	8	35.09596	52
8	--	0.525188	0.989351	7	35.62115	53
7	--	0.685222	1.237884	6	36.30637	54
6	--	0.676424	0.899444	5	36.98279	55
5	--	1.108041	0.462414	6	37.4452	56
6	--	0.587597	1.002038	5	38.0328	57
5	--	0.731798	1.139227	4	38.7646	58
4	--	1.24575	1.171906	5	39.93651	59
5	--	0.380013	0.398831	4	40.31652	60
4	--	0.69626	0.728638	3	41.01278	61
3	--	0.621307	0.837118	2	41.63409	62
2	--	1.713606	1.12977	3	42.76386	63
3	--	1.008937	1.299684	2	43.7728	64
2	--	1.636111	1.524451	3	45.29725	65
3	--	1.076804	0.785088	4	46.08234	66
4	--	1.080723	0.62613	5	46.70847	67
5	--	0.401794	0.582267	4	47.11026	68
4	--	1.116568	0.489244	5	47.5995	69
5	--	0.339682	0.848105	4	47.93918	70
4	--	1.195728	0.641717	5	48.5809	71
5	--	0.642103	0.77801	4	49.223	72
4	--	0.349199	0.443987	3	49.5722	73
3	--	0.993798	1.38256	2	50.566	74
2	--	0.881943	0.810969	3	51.37697	75
3	--	1.2913	0.768292	4	52.14526	76
4	--	0.652113	0.414308	5	52.55957	77
5	--	0.659786	1.044785	4	53.21936	78
4	--	0.368439	0.95282	3	53.5878	79
3	--	1.17476	0.435386	4	54.02319	80
4	--	1.068816	0.354359	5	54.37755	81
5	--	0.557865	0.541008	6	54.91856	82
6	--	0.881284	0.615156	7	55.53372	83
7	--	1.003321	1.022414	6	56.53704	84
6	--	0.631623	0.8055	5	57.16866	85
5	--	0.446513	1.077708	4	57.61517	86
4	--	0.445787	1.124854	3	58.06096	87
3	--	0.662812	0.884886	2	58.72377	88
2	--	1.57859	1.341632	3	60.0654	89
3	--	0.496887	0.802146	2	60.56229	90
2	--	1.742717	1.832329	1	62.30501	91
1	--	1.846672	2.023616	0	64.15168	92

test #98
6	--	0.728281	1.086233	5	0.72828	1
5	--	0.610093	1.137135	4	1.33837	2
4	--	0.508015	0.645202	3	1.84638	3
3	--	0.790909	0.393119	4	2.2395	4
4	--	0.378872	0.750036	3	2.61837	5
3	--	1.071432	0.487253	4	3.10562	6
4	--	0.640953	0.53264	5	3.63826	7
5	--	0.412635	0.392751	6	4.03101	8
6	--	0.838748	0.400126	7	4.43114	9
7	--	1.023196	0.597042	8	5.02818	10
8	--	0.884534	1.682371	7	5.91271	11
7	--	0.811604	1.234209	6	6.72431	12
6	--	0.399956	0.415102	5	7.12427	13
5	--	0.990304	0.436817	6	7.56109	14
6	--	1.082609	0.701145	7	8.26224	15
7	--	0.429048	0.744375	6	8.69129	16
6	--	0.640632	0.919647	5	9.33192	17
5	--	0.384739	0.600111	4	9.71666	18
4	--	0.441838	0.775108	3	10.1585	19
3	--	1.018484	1.007605	4	11.16611	20
4	--	0.907041	0.61142	5	11.77753	21
5	--	0.99843	0.63828	6	12.41581	22
6	--	0.510105	0.70924	5	12.92592	23
5	--	1.078343	0.764564	6	13.69048	24
6	--	0.503427	0.988839	5	14.19391	25
5	--	1.055572	0.992963	6	15.18687	26
6	--	0.962336	1.056198	5	16.14921	27
5	--	0.810718	0.779003	6	16.92821	28
6	--	0.438784	0.610164	5	17.36699	29
5	--	0.580742	0.380223	6	17.74721	30
6	--	0.773653	0.710574	7	18.45778	31
7	--	1.302392	1.233716	8	19.6915	32
8	--	1.381856	1.352439	9	21.04394	33
9	--	2.813202	1.353775	10	22.39771	34

test #99
6	--	0.420626	0.414037	7	0.41404	1
7	--	0.505927	0.398575	8	0.81262	2
8	--	0.568041	0.98765	7	1.38066	3
7	--	1.053018	0.566643	8	1.9473	4
8	--	1.635074	0.520738	9	2.46804	5
9	--	2.525847	1.246858	10	3.7149	6
