start i C()	t_left		t_right 	New i	Total time generation

test #0
3	--	0.705743	0.957673	2	0.70574	1
2	--	1.240506	1.500102	1	1.94625	2
1	--	1.320499	1.593684	0	3.26675	3

test #1
3	--	0.648008	0.422434	4	0.42243	1
4	--	0.959844	0.63118	5	1.05361	2
5	--	0.481351	1.128554	4	1.53496	3
4	--	0.574699	0.814892	3	2.10966	4
3	--	0.727809	1.004292	2	2.83747	5
2	--	1.286112	1.507193	1	4.12358	6
1	--	0.926582	1.187041	0	5.05016	7

test #2
3	--	1.116382	1.100998	4	1.101	1
4	--	0.722999	0.380414	5	1.48141	2
5	--	1.060901	0.994556	6	2.47597	3
6	--	0.667055	1.186342	5	3.14302	4
5	--	0.338433	1.028722	4	3.48145	5
4	--	1.111415	0.759511	5	4.24096	6
5	--	0.800588	0.356405	6	4.59737	7
6	--	0.487639	0.993412	5	5.08501	8
5	--	0.913374	0.675031	6	5.76004	9
6	--	0.64375	1.030512	5	6.40379	10
5	--	0.463191	0.500426	4	6.86698	11
4	--	0.668585	0.619912	5	7.48689	12
5	--	0.573821	0.6655	4	8.06071	13
4	--	1.194769	0.684824	5	8.74553	14
5	--	1.100936	1.042586	6	9.78812	15
6	--	1.101969	1.055688	7	10.84381	16
7	--	1.248864	0.620506	8	11.46432	17
8	--	0.846265	1.009935	7	12.31059	18
7	--	1.021234	0.796846	8	13.10744	19
8	--	1.121436	0.790645	9	13.89809	20
9	--	1.127944	1.821487	8	15.02603	21
8	--	1.128707	0.572568	9	15.5986	22
9	--	1.563116	1.086839	10	16.68544	23

test #3
3	--	0.641186	0.565498	4	0.5655	1
4	--	0.619644	0.600115	5	1.16561	2
5	--	1.081101	0.812704	6	1.97831	3
6	--	0.818781	0.545418	7	2.52373	4
7	--	0.680148	0.879287	6	3.20388	5
6	--	0.366294	0.904151	5	3.57017	6
5	--	0.372726	0.599965	4	3.9429	7
4	--	1.212605	0.402322	5	4.34522	8
5	--	0.553189	0.826265	4	4.89841	9
4	--	0.635524	0.483912	5	5.38232	10
5	--	0.61829	0.887249	4	6.00061	11
4	--	0.74908	0.708284	5	6.70889	12
5	--	0.399375	0.846734	4	7.10826	13
4	--	0.820828	0.714676	5	7.82294	14
5	--	0.697156	0.769736	4	8.5201	15
4	--	0.898596	0.950144	3	9.4187	16
3	--	0.521226	1.297705	2	9.93993	17
2	--	1.565219	1.180655	3	11.12059	18
3	--	0.516956	0.52282	2	11.63755	19
2	--	0.85247	0.919885	1	12.49002	20
1	--	1.512203	2.103308	0	14.00222	21

test #4
3	--	0.943211	1.202361	2	0.94321	1
2	--	0.770943	0.897866	1	1.71415	2
1	--	1.55013	1.831703	0	3.26428	3

test #5
3	--	1.377416	0.593914	4	0.59391	1
4	--	1.178882	0.784509	5	1.37842	2
5	--	0.91971	0.589398	6	1.96782	3
6	--	0.909164	0.827276	7	2.7951	4
7	--	0.624541	0.848082	6	3.41964	5
6	--	0.740345	0.753261	5	4.15999	6
5	--	1.15197	1.080055	6	5.24004	7
6	--	0.912588	0.618882	7	5.85892	8
7	--	0.510699	0.54464	6	6.36962	9
6	--	0.941527	0.661641	7	7.03126	10
7	--	0.584911	0.884989	6	7.61617	11
6	--	0.947797	0.736707	7	8.35288	12
7	--	1.231677	0.452188	8	8.80507	13
8	--	1.084478	0.585268	9	9.39034	14
9	--	1.235137	2.363842	8	10.62548	15
8	--	1.667916	0.68124	9	11.30672	16
9	--	1.993882	2.484762	8	13.3006	17
8	--	0.841488	1.501757	7	14.14209	18
7	--	0.85138	0.763839	8	14.90593	19
8	--	0.945042	0.766291	9	15.67222	20
9	--	1.016326	1.63641	8	16.68855	21
8	--	0.560397	1.096477	7	17.24895	22
7	--	0.427621	0.429138	6	17.67657	23
6	--	0.7799	1.155011	5	18.45647	24
5	--	0.953949	0.591099	6	19.04757	25
6	--	0.806321	0.897731	5	19.85389	26
5	--	1.110919	0.587716	6	20.44161	27
6	--	0.843153	0.484713	7	20.92632	28
7	--	0.400774	1.387721	6	21.32709	29
6	--	0.526146	0.455157	7	21.78225	30
7	--	0.744618	0.401684	8	22.18393	31
8	--	0.996871	0.77548	9	22.95941	32
9	--	1.481322	1.095406	10	24.05482	33

test #6
3	--	0.919483	1.130718	2	0.91948	1
2	--	0.901468	0.799061	3	1.71854	2
3	--	1.107818	0.911274	4	2.62981	3
4	--	0.639639	0.687742	3	3.26945	4
3	--	0.598589	0.776057	2	3.86804	5
2	--	0.655094	1.102363	1	4.52313	6
1	--	2.593742	2.131045	2	6.65417	7
2	--	1.322594	0.627647	3	7.28182	8
3	--	1.416951	1.029022	4	8.31084	9
4	--	1.230214	0.703379	5	9.01422	10
5	--	0.462344	0.795031	4	9.47656	11
4	--	0.701324	1.246	3	10.17788	12
3	--	0.927101	0.63036	4	10.80824	13
4	--	0.544085	0.606031	3	11.35233	14
3	--	0.51146	0.958536	2	11.86379	15
2	--	1.243088	0.574674	3	12.43846	16
3	--	1.200866	1.325943	2	13.63933	17
2	--	1.506462	0.736703	3	14.37603	18
3	--	0.405879	0.589381	2	14.78191	19
2	--	0.897158	1.643608	1	15.67907	20
1	--	3.281788	1.434438	2	17.11351	21
2	--	1.4444	0.62599	3	17.7395	22
3	--	0.963916	0.781354	4	18.52085	23
4	--	0.564229	0.917769	3	19.08508	24
3	--	0.477687	0.685017	2	19.56277	25
2	--	1.434944	0.890185	3	20.45296	26
3	--	0.882944	0.629356	4	21.08232	27
4	--	0.457561	0.421387	5	21.50371	28
5	--	0.347703	1.115064	4	21.85141	29
4	--	1.129629	0.979917	5	22.83133	30
5	--	0.421731	1.085086	4	23.25306	31
4	--	0.917387	0.880308	5	24.13337	32
5	--	0.794082	0.597157	6	24.73053	33
6	--	0.347902	0.460003	5	25.07843	34
5	--	0.724735	0.374382	6	25.45281	35
6	--	0.918405	1.093672	5	26.37122	36
5	--	1.022942	0.43923	6	26.81045	37
6	--	0.387632	0.377419	7	27.18787	38
7	--	0.405418	1.128285	6	27.59329	39
6	--	0.520418	0.474646	7	28.06794	40
7	--	0.772221	1.378377	6	28.84016	41
6	--	0.738758	1.030078	5	29.57892	42
5	--	0.538826	0.825502	4	30.11775	43
4	--	0.625134	0.472052	5	30.5898	44
5	--	0.524547	0.564946	4	31.11435	45
4	--	0.706801	0.419102	5	31.53345	46
5	--	0.373381	0.474852	4	31.90683	47
4	--	0.56425	0.681656	3	32.47108	48
3	--	1.147415	0.883011	4	33.35409	49
4	--	0.705298	0.892991	3	34.05939	50
3	--	1.028296	0.933961	4	34.99335	51
4	--	0.481781	0.779009	3	35.47513	52
3	--	0.433911	0.791137	2	35.90904	53
2	--	1.204809	1.191959	3	37.101	54
3	--	0.755989	1.080376	2	37.85699	55
2	--	0.680184	1.478484	1	38.53717	56
1	--	1.647927	2.410968	0	40.1851	57

test #7
3	--	0.90379	0.589569	4	0.58957	1
4	--	1.15716	1.074176	5	1.66375	2
5	--	1.100123	0.607815	6	2.27156	3
6	--	0.364311	1.203966	5	2.63587	4
5	--	0.331545	1.049189	4	2.96741	5
4	--	0.732643	0.580871	5	3.54828	6
5	--	1.162223	1.109854	6	4.65813	7
6	--	0.853678	1.138984	5	5.51181	8
5	--	1.007253	0.664036	6	6.17585	9
6	--	0.896808	0.549938	7	6.72579	10
7	--	0.642806	0.43362	8	7.15941	11
8	--	1.435635	0.772662	9	7.93207	12
9	--	2.823478	2.09964	10	10.03171	13

test #8
3	--	0.867648	1.017355	2	0.86765	1
2	--	0.564642	1.378691	1	1.43229	2
1	--	1.446376	1.56763	0	2.87867	3

test #9
3	--	1.058938	0.968785	4	0.96879	1
4	--	0.762423	0.743696	5	1.71249	2
5	--	1.129326	0.725848	6	2.43834	3
6	--	1.086835	0.441643	7	2.87998	4
7	--	0.860222	1.350136	6	3.7402	5
6	--	0.394706	0.980206	5	4.13491	6
5	--	0.642474	1.047993	4	4.77738	7
4	--	0.800136	0.490092	5	5.26747	8
5	--	0.622698	0.334734	6	5.6022	9
6	--	1.093198	0.95018	7	6.55238	10
7	--	0.599854	0.568707	8	7.12109	11
8	--	0.902637	0.990965	7	8.02373	12
7	--	0.495027	0.848791	6	8.51876	13
6	--	0.495151	1.087991	5	9.01391	14
5	--	0.972198	0.944311	6	9.95822	15
6	--	0.494234	0.737015	5	10.45245	16
5	--	0.608393	0.607681	6	11.06013	17
6	--	0.623839	1.184222	5	11.68397	18
5	--	0.661444	1.035931	4	12.34541	19
4	--	1.061883	0.569621	5	12.91503	20
5	--	0.525707	0.527953	4	13.44074	21
4	--	0.446547	0.654177	3	13.88729	22
3	--	0.902779	0.948786	2	14.79007	23
2	--	0.531808	0.764097	1	15.32188	24
1	--	2.08076	1.669362	2	16.99124	25
2	--	0.868168	1.295789	1	17.85941	26
1	--	1.805558	1.067774	2	18.92718	27
2	--	1.198821	0.70528	3	19.63246	28
3	--	1.108716	0.96148	4	20.59394	29
4	--	0.786678	0.6001	5	21.19404	30
5	--	0.594526	0.428434	6	21.62247	31
6	--	0.997302	0.601079	7	22.22355	32
7	--	0.881466	0.451546	8	22.6751	33
8	--	0.78667	0.789905	7	23.46177	34
7	--	1.104412	0.782906	8	24.24468	35
8	--	1.020821	1.263872	7	25.2655	36
7	--	1.092312	1.217099	6	26.35781	37
6	--	0.757107	0.564077	7	26.92189	38
7	--	1.210998	1.000633	8	27.92252	39
8	--	0.709357	1.23629	7	28.63188	40
7	--	0.452842	1.187435	6	29.08472	41
6	--	0.674255	1.234233	5	29.75898	42
5	--	0.466112	0.397446	6	30.15643	43
6	--	0.792235	0.974549	5	30.94867	44
5	--	0.45152	0.396732	6	31.3454	45
6	--	0.476413	0.389473	7	31.73487	46
7	--	0.736467	0.576315	8	32.31119	47
8	--	0.63651	1.109733	7	32.9477	48
7	--	1.217992	0.511344	8	33.45904	49
8	--	1.025329	1.137294	7	34.48437	50
7	--	0.91408	0.610286	8	35.09466	51
8	--	1.368504	1.285897	9	36.38056	52
9	--	2.070538	1.636453	10	38.01701	53

test #10
3	--	0.437756	0.428115	4	0.42812	1
4	--	0.748203	0.552429	5	0.98055	2
5	--	0.696307	0.654963	6	1.63551	3
6	--	0.567153	0.695561	5	2.20266	4
5	--	0.699282	0.382514	6	2.58517	5
6	--	0.36199	0.525574	5	2.94716	6
5	--	1.076663	0.774846	6	3.72201	7
6	--	0.485959	1.030374	5	4.20797	8
5	--	0.602237	0.354708	6	4.56268	9
6	--	0.700574	0.842802	5	5.26325	10
5	--	0.851705	0.362461	6	5.62571	11
6	--	0.939083	0.569749	7	6.19546	12
7	--	0.587528	0.831744	6	6.78299	13
6	--	1.239701	0.381076	7	7.16407	14
7	--	0.425161	1.053366	6	7.58923	15
6	--	0.416174	0.97726	5	8.0054	16
5	--	0.476259	1.033101	4	8.48166	17
4	--	0.387583	0.684644	3	8.86924	18
3	--	1.175511	0.927673	4	9.79691	19
4	--	0.756145	0.667072	5	10.46398	20
5	--	1.110422	1.17182	4	11.5744	21
4	--	0.593058	0.492035	5	12.06644	22
5	--	0.549098	0.506921	6	12.57336	23
6	--	0.511593	0.531261	5	13.08495	24
5	--	0.660487	0.462984	6	13.54793	25
6	--	0.686635	1.20671	5	14.23456	26
5	--	0.457248	0.447988	6	14.68255	27
6	--	0.708834	1.124522	5	15.39138	28
5	--	1.082807	0.47603	6	15.86741	29
6	--	0.797948	0.853098	5	16.66536	30
5	--	0.420912	0.472436	4	17.08627	31
4	--	1.241388	1.138658	5	18.22493	32
5	--	0.897572	0.834019	6	19.05895	33
6	--	0.726896	0.750028	5	19.78585	34
5	--	0.791845	0.964632	4	20.5777	35
4	--	0.37754	0.397534	3	20.95524	36
3	--	0.536308	0.982594	2	21.49155	37
2	--	1.041997	0.764317	3	22.25587	38
3	--	1.243835	0.780533	4	23.0364	39
4	--	0.98174	0.46301	5	23.49941	40
5	--	0.694488	0.907065	4	24.1939	41
4	--	0.560788	1.17257	3	24.75469	42
3	--	0.550735	0.826278	2	25.30542	43
2	--	1.488939	1.860003	1	26.79436	44
1	--	1.511444	1.753389	0	28.3058	45

test #11
3	--	0.797976	1.058575	2	0.79798	1
2	--	0.947319	0.747963	3	1.54594	2
3	--	0.736276	1.275741	2	2.28222	3
2	--	0.56859	1.237881	1	2.85081	4
1	--	1.477743	2.939352	0	4.32855	5

test #12
3	--	1.375007	1.136289	4	1.13629	1
4	--	1.153381	1.193481	3	2.28967	2
3	--	0.717727	0.495205	4	2.78488	3
4	--	0.971374	0.55198	5	3.33686	4
5	--	0.396923	0.534087	4	3.73378	5
4	--	0.988081	0.576214	5	4.30999	6
5	--	0.706184	0.897788	4	5.01617	7
4	--	0.859288	0.422247	5	5.43842	8
5	--	0.353416	0.833043	4	5.79184	9
4	--	0.377505	0.759355	3	6.16934	10
3	--	0.854232	0.391752	4	6.56109	11
4	--	0.644874	1.100201	3	7.20596	12
3	--	0.886866	0.674387	4	7.88035	13
4	--	0.903295	0.829691	5	8.71004	14
5	--	0.501852	0.674321	4	9.21189	15
4	--	0.883147	0.631449	5	9.84334	16
5	--	0.82877	0.636944	6	10.48028	17
6	--	1.080976	0.44978	7	10.93006	18
7	--	0.843463	0.428065	8	11.35812	19
8	--	0.528226	0.967587	7	11.88635	20
7	--	0.683858	1.024302	6	12.57021	21
6	--	0.840995	0.432259	7	13.00247	22
7	--	0.619124	0.49026	8	13.49273	23
8	--	0.781833	1.220254	7	14.27456	24
7	--	0.924945	0.878392	8	15.15295	25
8	--	1.513138	1.635943	7	16.66609	26
7	--	1.361619	0.78144	8	17.44753	27
8	--	1.44642	0.735867	9	18.1834	28
9	--	3.279111	1.775663	10	19.95906	29

test #13
3	--	0.709502	0.944896	2	0.7095	1
2	--	1.126649	1.222897	1	1.83615	2
1	--	1.338764	2.560371	0	3.17491	3

test #14
3	--	0.748458	1.296433	2	0.74846	1
2	--	1.077606	1.030155	3	1.77861	2
3	--	0.8535	0.87307	2	2.63211	3
2	--	0.793627	0.627445	3	3.25956	4
3	--	0.599793	1.037774	2	3.85935	5
2	--	0.807516	0.597122	3	4.45647	6
3	--	0.992303	0.625763	4	5.08223	7
4	--	0.68484	0.368475	5	5.4507	8
5	--	0.657581	0.496029	6	5.94673	9
6	--	0.673934	0.780762	5	6.62066	10
5	--	0.949897	0.523208	6	7.14387	11
6	--	0.567934	1.093626	5	7.7118	12
5	--	0.51627	0.913061	4	8.22807	13
4	--	0.767846	0.678809	5	8.90688	14
5	--	1.103123	0.4011	6	9.30798	15
6	--	0.586616	0.848595	5	9.8946	16
5	--	0.886885	0.535665	6	10.43026	17
6	--	0.529179	0.801892	5	10.95944	18
5	--	0.771067	0.753998	6	11.71344	19
6	--	0.711591	0.737842	5	12.42503	20
5	--	0.702459	0.400865	6	12.8259	21
6	--	0.455194	0.696021	5	13.28109	22
5	--	0.85041	0.715577	6	13.99667	23
6	--	1.193804	0.545672	7	14.54234	24
7	--	0.894217	0.506678	8	15.04902	25
8	--	0.689834	0.598749	9	15.64777	26
9	--	1.115379	2.918113	8	16.76315	27
8	--	1.416116	1.718774	7	18.17927	28
7	--	0.417126	0.832597	6	18.5964	29
6	--	0.758352	1.015718	5	19.35475	30
5	--	0.503574	0.4998	6	19.85455	31
6	--	1.154259	0.750588	7	20.60514	32
7	--	1.413623	0.880507	8	21.48565	33
8	--	0.985917	1.079906	7	22.47157	34
7	--	0.481192	0.748496	6	22.95276	35
6	--	0.707914	0.755467	5	23.66067	36
5	--	0.548856	0.469803	6	24.13047	37
6	--	0.620615	0.582852	7	24.71332	38
7	--	0.422447	1.27901	6	25.13577	39
6	--	0.593433	0.412186	7	25.54796	40
7	--	0.426513	0.803403	6	25.97447	41
6	--	1.147212	0.679999	7	26.65447	42
7	--	0.69022	0.768028	6	27.34469	43
6	--	0.754562	0.419964	7	27.76465	44
7	--	1.106976	1.334796	6	28.87163	45
6	--	0.731012	0.371258	7	29.24289	46
7	--	0.417232	1.232455	6	29.66012	47
6	--	0.995593	1.044706	5	30.65571	48
5	--	1.171493	0.592404	6	31.24811	49
6	--	0.787796	0.64113	7	31.88924	50
7	--	0.909531	0.779469	8	32.66871	51
8	--	1.209807	1.419545	7	33.87852	52
7	--	1.320503	0.50624	8	34.38476	53
8	--	1.05758	0.818567	9	35.20333	54
9	--	1.537812	1.898235	8	36.74114	55
8	--	1.171967	0.988547	9	37.72969	56
9	--	1.213142	2.251078	8	38.94283	57
8	--	0.59518	1.39586	7	39.53801	58
7	--	0.679021	1.153608	6	40.21703	59
6	--	0.52741	0.539815	5	40.74444	60
5	--	0.626564	0.784669	4	41.371	61
4	--	0.478037	0.704558	3	41.84904	62
3	--	1.351239	0.765119	4	42.61416	63
4	--	0.388663	0.737754	3	43.00282	64
3	--	1.005742	0.778607	4	43.78143	65
4	--	0.653353	0.394756	5	44.17619	66
5	--	0.502495	0.747441	4	44.67869	67
4	--	0.42129	0.360379	5	45.03907	68
5	--	0.706485	0.350592	6	45.38966	69
6	--	0.828173	1.047177	5	46.21783	70
5	--	0.442031	0.338064	6	46.55589	71
6	--	0.615089	0.874785	5	47.17098	72
5	--	0.828336	0.957944	4	47.99932	73
4	--	0.374254	0.627705	3	48.37357	74
3	--	1.047558	0.943367	4	49.31694	75
4	--	0.363729	0.645006	3	49.68067	76
3	--	1.184627	0.57058	4	50.25125	77
4	--	0.597446	1.024921	3	50.8487	78
3	--	0.952067	1.072223	2	51.80077	79
2	--	0.546703	0.755488	1	52.34747	80
1	--	2.405666	1.549938	2	53.89741	81
2	--	1.159455	1.864341	1	55.05686	82
1	--	1.972819	1.35135	2	56.40821	83
2	--	0.569659	1.483488	1	56.97787	84
1	--	2.090239	2.344506	0	59.06811	85

test #15
3	--	1.043945	0.47934	4	0.47934	1
4	--	1.107117	0.994696	5	1.47404	2
5	--	0.845442	0.759722	6	2.23376	3
6	--	1.234112	0.580108	7	2.81387	4
7	--	0.561827	0.508196	8	3.32207	5
8	--	1.730153	1.480017	9	4.80209	6
9	--	1.549867	2.976049	8	6.35196	7
8	--	0.918464	0.73387	9	7.08583	8
9	--	3.106685	2.855047	10	9.94088	9

test #16
3	--	1.186775	0.473384	4	0.47338	1
4	--	0.474548	1.135824	3	0.94793	2
3	--	0.945162	0.927346	4	1.87528	3
4	--	0.787298	0.560331	5	2.43561	4
5	--	0.603594	0.800138	4	3.0392	5
4	--	0.956804	0.640201	5	3.6794	6
5	--	0.787126	0.724288	6	4.40369	7
6	--	0.471677	1.093171	5	4.87537	8
5	--	0.645579	0.393794	6	5.26916	9
6	--	0.367648	1.030347	5	5.63681	10
5	--	1.037775	0.579387	6	6.2162	11
6	--	1.092477	0.786028	7	7.00223	12
7	--	0.919867	0.399791	8	7.40202	13
8	--	1.269168	1.199731	9	8.60175	14
9	--	1.115557	1.155339	8	9.71731	15
8	--	1.12376	0.671942	9	10.38925	16
9	--	2.266012	2.182723	10	12.57197	17

test #17
3	--	0.919991	0.960651	2	0.91999	1
2	--	1.106718	0.676209	3	1.5962	2
3	--	0.564068	0.669873	2	2.16027	3
2	--	0.943444	1.658888	1	3.10371	4
1	--	2.020655	2.445352	0	5.12437	5

test #18
3	--	0.408972	0.601661	2	0.40897	1
2	--	1.527917	0.70183	3	1.1108	2
3	--	0.551809	1.153475	2	1.66261	3
2	--	1.605612	1.566915	3	3.22953	4
3	--	0.967035	1.101003	2	4.19656	5
2	--	1.283801	0.800903	3	4.99746	6
3	--	1.226431	1.082735	4	6.0802	7
4	--	0.424114	0.584851	3	6.50431	8
3	--	0.52786	0.597499	2	7.03217	9
2	--	0.918733	0.813689	3	7.84586	10
3	--	0.68941	1.36002	2	8.53527	11
2	--	0.902769	1.170329	1	9.43804	12
1	--	1.860693	2.125158	0	11.29873	13

test #19
3	--	1.063914	1.043726	4	1.04373	1
4	--	1.246392	0.342339	5	1.38607	2
5	--	0.845317	0.521284	6	1.90735	3
6	--	0.509309	0.366331	7	2.27368	4
7	--	0.547296	0.86752	6	2.82098	5
6	--	0.936401	0.70806	7	3.52904	6
7	--	0.618575	0.545206	8	4.07425	7
8	--	1.559125	0.904028	9	4.97828	8
9	--	2.518002	2.116197	10	7.09448	9

test #20
3	--	0.588444	0.87688	2	0.58844	1
2	--	0.772489	1.729412	1	1.36093	2
1	--	1.122399	2.175228	0	2.48333	3

test #21
3	--	0.813036	1.167594	2	0.81304	1
2	--	0.819511	0.94008	1	1.63255	2
1	--	1.044112	2.877903	0	2.67666	3

test #22
3	--	0.923181	0.726487	4	0.72649	1
4	--	0.424013	0.354638	5	1.08113	2
5	--	0.404241	0.650358	4	1.48537	3
4	--	0.630504	0.770364	3	2.11587	4
3	--	1.339227	1.037924	4	3.15379	5
4	--	0.650535	0.648285	5	3.80208	6
5	--	0.894526	0.567761	6	4.36984	7
6	--	0.356525	0.770294	5	4.72636	8
5	--	0.85569	1.060867	4	5.58205	9
4	--	0.548647	0.439376	5	6.02143	10
5	--	0.854862	0.38426	6	6.40569	11
6	--	0.471393	1.173006	5	6.87708	12
5	--	0.687671	0.423416	6	7.3005	13
6	--	0.537084	0.404363	7	7.70486	14
7	--	0.842947	0.738993	8	8.44385	15
8	--	0.748063	0.844744	7	9.19191	16
7	--	1.208715	1.097695	8	10.28961	17
8	--	0.786315	1.107171	7	11.07592	18
7	--	0.933818	0.811545	8	11.88746	19
8	--	0.747476	1.709905	7	12.63494	20
7	--	0.500379	1.064092	6	13.13532	21
6	--	1.028285	0.489931	7	13.62525	22
7	--	0.822406	0.534396	8	14.15965	23
8	--	0.671018	0.717044	7	14.83067	24
7	--	1.326426	1.003541	8	15.83421	25
8	--	0.712746	1.557302	7	16.54696	26
7	--	0.672459	0.882713	6	17.21942	27
6	--	0.936748	0.675363	7	17.89478	28
7	--	0.816016	0.924998	6	18.7108	29
6	--	0.908623	0.60062	7	19.31142	30
7	--	1.095274	0.61835	8	19.92977	31
8	--	1.512167	0.997766	9	20.92754	32
9	--	2.873768	1.791424	10	22.71896	33

test #23
3	--	0.630336	1.34882	2	0.63034	1
2	--	0.779805	1.005172	1	1.41014	2
1	--	1.968522	1.763341	2	3.17348	3
2	--	0.669778	1.069579	1	3.84326	4
1	--	1.26759	1.061207	2	4.90447	5
2	--	0.863844	0.530383	3	5.43485	6
3	--	0.509621	0.483318	4	5.91817	7
4	--	1.205986	0.534393	5	6.45256	8
5	--	0.901151	0.440239	6	6.8928	9
6	--	0.687059	0.43089	7	7.32369	10
7	--	0.535028	0.497962	8	7.82165	11
8	--	1.381971	1.4812	7	9.20362	12
7	--	1.191674	1.306368	6	10.39529	13
6	--	1.100716	0.880008	7	11.2753	14
7	--	0.700554	0.478316	8	11.75362	15
8	--	1.042568	0.783509	9	12.53713	16
9	--	1.59433	1.272286	10	13.80942	17

test #24
3	--	0.668761	1.188379	2	0.66876	1
2	--	1.223888	1.578857	1	1.89265	2
1	--	2.3403	2.174179	2	4.06683	3
2	--	0.684492	0.523175	3	4.59	4
3	--	0.528484	1.046653	2	5.11848	5
2	--	0.745627	0.973546	1	5.86411	6
1	--	1.547668	2.320896	0	7.41178	7

test #25
3	--	0.700995	0.728963	2	0.701	1
2	--	1.059372	0.992838	3	1.69384	2
3	--	0.524298	0.642113	2	2.21814	3
2	--	0.851499	1.708932	1	3.06964	4
1	--	2.280824	1.902842	2	4.97248	5
2	--	0.540754	1.205074	1	5.51323	6
1	--	1.923946	3.288674	0	7.43718	7

test #26
3	--	0.818307	1.034038	2	0.81831	1
2	--	0.69683	1.382208	1	1.51514	2
1	--	1.942566	1.271921	2	2.78706	3
2	--	0.756558	0.65381	3	3.44087	4
3	--	0.594227	1.040003	2	4.0351	5
2	--	1.262899	0.736027	3	4.77113	6
3	--	0.675401	1.153413	2	5.44653	7
2	--	1.524683	0.806236	3	6.25277	8
3	--	0.75258	1.151348	2	7.00535	9
2	--	0.593765	1.180157	1	7.59911	10
1	--	1.502844	1.133894	2	8.733	11
2	--	0.688692	0.664583	3	9.39758	12
3	--	1.043367	0.592383	4	9.98996	13
4	--	0.40947	1.031053	3	10.39943	14
3	--	0.818904	0.424392	4	10.82382	15
4	--	1.102088	0.403147	5	11.22697	16
5	--	0.936215	0.396876	6	11.62385	17
6	--	0.679701	1.208772	5	12.30355	18
5	--	0.691234	0.827348	4	12.99478	19
4	--	0.661429	0.653958	5	13.64874	20
5	--	0.432936	0.48266	4	14.08168	21
4	--	0.622701	1.029311	3	14.70438	22
3	--	1.371557	1.188893	4	15.89327	23
4	--	0.602028	1.099083	3	16.4953	24
3	--	0.726658	0.73727	2	17.22196	25
2	--	1.139649	1.212787	1	18.36161	26
1	--	1.228514	1.705705	0	19.59012	27

test #27
3	--	0.940872	1.374026	2	0.94087	1
2	--	1.065023	1.732897	1	2.00589	2
1	--	1.380764	2.502949	0	3.38665	3

test #28
3	--	0.974433	0.436503	4	0.4365	1
4	--	0.608385	1.128821	3	1.04488	2
3	--	0.706436	1.370963	2	1.75132	3
2	--	0.998989	1.120319	1	2.75031	4
1	--	2.468519	2.227039	2	4.97735	5
2	--	1.500252	0.558274	3	5.53562	6
3	--	0.789708	1.102389	2	6.32533	7
2	--	1.216891	1.072539	3	7.39787	8
3	--	1.331021	0.777895	4	8.17577	9
4	--	0.704943	0.440625	5	8.61639	10
5	--	0.423036	0.495293	4	9.03943	11
4	--	0.668395	0.403436	5	9.44287	12
5	--	0.358238	1.063632	4	9.80111	13
4	--	0.700006	0.807725	3	10.50112	14
3	--	0.418214	0.480082	2	10.91933	15
2	--	0.799397	1.631638	1	11.71873	16
1	--	1.004197	1.182877	0	12.72293	17

test #29
3	--	0.978912	1.30994	2	0.97891	1
2	--	1.673502	1.309094	3	2.288	2
3	--	1.39189	0.557381	4	2.84538	3
4	--	0.891656	1.022802	3	3.73704	4
3	--	1.061936	0.913142	4	4.65018	5
4	--	1.098363	0.42652	5	5.0767	6
5	--	1.002227	0.766503	6	5.8432	7
6	--	0.896723	0.651739	7	6.49494	8
7	--	0.540918	0.528788	8	7.02373	9
8	--	0.832157	0.967443	7	7.85589	10
7	--	0.743376	0.869302	6	8.59927	11
6	--	0.827552	0.395699	7	8.99497	12
7	--	1.178842	1.229347	6	10.17381	13
6	--	0.761765	0.596003	7	10.76981	14
7	--	1.038827	0.604094	8	11.3739	15
8	--	1.159805	1.780943	7	12.5337	16
7	--	1.327661	0.831444	8	13.36514	17
8	--	1.42092	1.199858	9	14.565	18
9	--	1.41967	2.362321	8	15.98467	19
8	--	1.126675	1.329397	7	17.11135	20
7	--	0.661393	0.489569	8	17.60092	21
8	--	0.846234	1.473484	7	18.44715	22
7	--	0.568241	1.246424	6	19.01539	23
6	--	0.65775	1.028268	5	19.67314	24
5	--	0.550053	0.648945	4	20.22319	25
4	--	0.704658	0.665774	5	20.88896	26
5	--	0.475047	0.49133	4	21.36401	27
4	--	0.520782	0.97291	3	21.88479	28
3	--	1.021567	1.308063	2	22.90636	29
2	--	1.152748	1.344564	1	24.05911	30
1	--	1.742139	1.425991	2	25.4851	31
2	--	0.819945	1.291164	1	26.30505	32
1	--	2.121235	3.249842	0	28.42628	33

test #30
3	--	0.797162	0.919447	2	0.79716	1
2	--	0.560286	1.824135	1	1.35745	2
1	--	2.260829	1.068151	2	2.4256	3
2	--	0.710913	1.616682	1	3.13651	4
1	--	1.704955	1.460377	2	4.59689	5
2	--	1.068053	0.848711	3	5.4456	6
3	--	1.240304	0.587592	4	6.03319	7
4	--	1.162608	0.433428	5	6.46662	8
5	--	0.527106	1.164796	4	6.99373	9
4	--	0.856007	0.357074	5	7.3508	10
5	--	0.376393	0.434676	4	7.72719	11
4	--	0.735726	0.471605	5	8.19879	12
5	--	1.172578	0.494356	6	8.69315	13
6	--	0.86041	0.417513	7	9.11066	14
7	--	1.112213	0.920007	8	10.03067	15
8	--	1.197904	0.741965	9	10.77263	16
9	--	1.708982	1.340337	10	12.11297	17

test #31
3	--	0.57412	0.569991	4	0.56999	1
4	--	0.466994	1.032252	3	1.03698	2
3	--	0.843444	0.722692	4	1.75967	3
4	--	0.408213	0.514769	3	2.16788	4
3	--	0.8249	0.548807	4	2.71669	5
4	--	0.48639	0.409567	5	3.12626	6
5	--	0.797409	0.735866	6	3.86213	7
6	--	0.456755	0.568635	5	4.31889	8
5	--	0.469985	1.07818	4	4.78887	9
4	--	1.145998	0.572441	5	5.36131	10
5	--	0.483793	0.806566	4	5.8451	11
4	--	0.592343	1.024718	3	6.43744	12
3	--	0.665074	1.398747	2	7.10251	13
2	--	0.855987	0.754724	3	7.85723	14
3	--	0.477437	0.411143	4	8.26837	15
4	--	1.030317	0.645821	5	8.91419	16
5	--	0.951994	0.889812	6	9.804	17
6	--	1.178002	0.861939	7	10.66594	18
7	--	0.450032	0.616419	6	11.11597	19
6	--	0.977072	0.88157	7	11.99754	20
7	--	1.194989	0.783542	8	12.78108	21
8	--	1.744357	1.292634	9	14.07371	22
9	--	2.727011	1.750715	10	15.82443	23

test #32
3	--	0.490365	0.706346	2	0.49036	1
2	--	0.910471	1.313802	1	1.40083	2
1	--	1.956839	1.268074	2	2.6689	3
2	--	0.768747	0.580224	3	3.24912	4
3	--	0.556012	0.948756	2	3.80513	5
2	--	0.792684	0.864973	1	4.59781	6
1	--	1.817667	3.178512	0	6.41548	7

test #33
3	--	1.382974	0.72695	4	0.72695	1
4	--	0.716601	0.529815	5	1.25677	2
5	--	0.646438	0.42841	6	1.68518	3
6	--	1.196023	0.523604	7	2.20878	4
7	--	0.593121	0.679174	6	2.8019	5
6	--	1.015815	0.697094	7	3.49899	6
7	--	0.930539	0.629079	8	4.12807	7
8	--	0.977924	1.830201	7	5.10599	8
7	--	1.127603	0.499094	8	5.60508	9
8	--	0.820763	0.701859	9	6.30694	10
9	--	2.057195	2.223553	8	8.36414	11
8	--	1.217626	0.891141	9	9.25528	12
9	--	1.248248	2.349343	8	10.50353	13
8	--	0.728608	0.576681	9	11.08021	14
9	--	2.844049	1.385223	10	12.46543	15

test #34
3	--	1.392552	0.431513	4	0.43151	1
4	--	1.223487	0.557482	5	0.98899	2
5	--	0.461483	0.422248	6	1.41124	3
6	--	0.625267	0.90363	5	2.03651	4
5	--	0.451512	0.513981	4	2.48802	5
4	--	0.70617	0.881167	3	3.19419	6
3	--	0.548877	0.434921	4	3.62911	7
4	--	0.481055	0.513784	3	4.11017	8
3	--	0.579157	1.295945	2	4.68933	9
2	--	0.73828	1.745609	1	5.42761	10
1	--	1.497656	1.217579	2	6.64519	11
2	--	1.856555	1.168107	3	7.8133	12
3	--	1.123231	1.000349	4	8.81365	13
4	--	1.042823	1.186174	3	9.85647	14
3	--	0.401163	0.557257	2	10.25763	15
2	--	0.898807	1.708125	1	11.15644	16
1	--	1.940929	1.327966	2	12.48441	17
2	--	0.574725	1.243001	1	13.05914	18
1	--	2.745135	1.365013	2	14.42415	19
2	--	1.593507	1.090533	3	15.51468	20
3	--	0.608852	0.820117	2	16.12353	21
2	--	1.112612	1.272145	1	17.23614	22
1	--	1.021863	3.020914	0	18.258	23

test #35
3	--	1.086381	1.135257	2	1.08638	1
2	--	1.632085	0.651952	3	1.73833	2
3	--	0.521183	0.431951	4	2.17028	3
4	--	0.960962	0.899827	5	3.07011	4
5	--	0.53263	0.479212	6	3.54932	5
6	--	0.925439	0.400894	7	3.95021	6
7	--	0.453577	0.411199	8	4.36141	7
8	--	1.355459	0.784248	9	5.14566	8
9	--	1.587998	3.120357	8	6.73366	9
8	--	0.880266	1.566866	7	7.61393	10
7	--	0.408556	1.247512	6	8.02249	11
6	--	1.17354	0.479429	7	8.50192	12
7	--	1.104785	0.871796	8	9.37372	13
8	--	0.872506	1.586361	7	10.24623	14
7	--	0.621972	0.847339	6	10.8682	15
6	--	0.41834	0.611534	5	11.28654	16
5	--	0.50408	0.741007	4	11.79062	17
4	--	1.119007	0.784145	5	12.57476	18
5	--	0.730567	1.172973	4	13.30533	19
4	--	0.658655	0.575447	5	13.88078	20
5	--	0.872186	0.571291	6	14.45207	21
6	--	0.865413	0.370283	7	14.82235	22
7	--	1.411569	0.501634	8	15.32398	23
8	--	1.746434	1.196657	9	16.52064	24
9	--	1.664455	2.503444	8	18.1851	25
8	--	1.700811	1.650742	9	19.83584	26
9	--	1.168188	2.25865	8	21.00403	27
8	--	1.000012	0.906782	9	21.91081	28
9	--	1.408665	2.275775	8	23.31948	29
8	--	0.83764	1.748426	7	24.15712	30
7	--	0.668336	1.027421	6	24.82546	31
6	--	1.032674	0.819644	7	25.6451	32
7	--	0.645289	1.122225	6	26.29039	33
6	--	0.445389	0.375916	7	26.66631	34
7	--	0.413412	1.358694	6	27.07972	35
6	--	0.469806	0.808137	5	27.54953	36
5	--	1.172139	0.644874	6	28.1944	37
6	--	0.454117	0.352976	7	28.54738	38
7	--	1.122818	0.436523	8	28.9839	39
8	--	1.116554	1.077795	9	30.0617	40
9	--	1.111581	0.930394	10	30.99209	41

test #36
3	--	0.768739	0.939581	2	0.76874	1
2	--	1.575549	0.610385	3	1.37912	2
3	--	0.493874	1.193002	2	1.87299	3
2	--	1.837523	1.274496	3	3.14749	4
3	--	0.885063	1.316578	2	4.03255	5
2	--	1.098183	1.038223	3	5.07077	6
3	--	0.399499	0.598338	2	5.47027	7
2	--	0.682067	1.514218	1	6.15234	8
1	--	2.206478	3.009453	0	8.35882	9

test #37
3	--	0.593612	0.505702	4	0.5057	1
4	--	0.479716	0.711232	3	0.98542	2
3	--	1.265757	0.562736	4	1.54816	3
4	--	0.723982	1.1189	3	2.27214	4
3	--	1.06427	0.676903	4	2.94904	5
4	--	1.209045	0.401225	5	3.35026	6
5	--	0.714946	0.763519	4	4.06521	7
4	--	0.358298	0.416237	3	4.42351	8
3	--	1.369195	0.501252	4	4.92476	9
4	--	0.534055	0.765444	3	5.45881	10
3	--	1.31901	0.411282	4	5.87009	11
4	--	0.599072	0.5826	5	6.45269	12
5	--	0.511749	0.458175	6	6.91086	13
6	--	0.5027	0.613579	5	7.41356	14
5	--	0.539281	1.047137	4	7.95284	15
4	--	1.028885	1.091565	3	8.98173	16
3	--	0.669628	0.498617	4	9.48035	17
4	--	0.775277	0.634041	5	10.11439	18
5	--	1.151242	0.453255	6	10.56765	19
6	--	1.195209	0.526595	7	11.09425	20
7	--	1.021101	1.314186	6	12.11535	21
6	--	0.379764	1.182048	5	12.49511	22
5	--	0.690865	0.351975	6	12.84708	23
6	--	0.517659	0.701579	5	13.36474	24
5	--	0.418408	0.884907	4	13.78315	25
4	--	0.886121	1.139569	3	14.66927	26
3	--	1.078522	0.537677	4	15.20695	27
4	--	0.710559	0.61466	5	15.82161	28
5	--	0.687954	0.977146	4	16.50956	29
4	--	0.776982	0.986088	3	17.28654	30
3	--	1.304124	0.663886	4	17.95043	31
4	--	0.491499	0.773171	3	18.44193	32
3	--	1.125194	0.808909	4	19.25084	33
4	--	0.618897	0.401357	5	19.6522	34
5	--	0.38059	1.070051	4	20.03279	35
4	--	0.58695	0.636864	3	20.61974	36
3	--	0.61485	1.32656	2	21.23459	37
2	--	0.793143	1.402321	1	22.02773	38
1	--	2.300701	1.725789	2	23.75352	39
2	--	1.312789	0.56393	3	24.31745	40
3	--	0.687978	0.973796	2	25.00543	41
2	--	0.697866	0.989095	1	25.7033	42
1	--	2.415246	1.921695	2	27.62499	43
2	--	1.788157	0.857944	3	28.48293	44
3	--	0.704101	0.473497	4	28.95643	45
4	--	0.779064	0.418635	5	29.37506	46
5	--	1.046423	0.344017	6	29.71908	47
6	--	1.053478	0.474751	7	30.19383	48
7	--	0.487271	0.83468	6	30.6811	49
6	--	1.128736	0.99533	7	31.67643	50
7	--	1.204428	0.712882	8	32.38931	51
8	--	1.288103	1.483915	7	33.67741	52
7	--	0.612973	1.148995	6	34.29038	53
6	--	0.490584	0.93758	5	34.78096	54
5	--	0.60931	0.85604	4	35.39027	55
4	--	0.982561	0.559335	5	35.94961	56
5	--	0.386721	0.778933	4	36.33633	57
4	--	0.523271	1.078769	3	36.8596	58
3	--	1.343071	0.627813	4	37.48741	59
4	--	1.022316	0.899315	5	38.38672	60
5	--	0.566311	1.100836	4	38.95303	61
4	--	0.930228	1.159971	3	39.88326	62
3	--	0.567594	0.987861	2	40.45085	63
2	--	0.693148	1.385644	1	41.144	64
1	--	1.643617	1.243807	2	42.38781	65
2	--	1.220666	1.121469	3	43.50928	66
3	--	0.553708	1.222577	2	44.06299	67
2	--	1.03666	0.670036	3	44.73303	68
3	--	0.401255	0.696136	2	45.13428	69
2	--	0.717407	0.848635	1	45.85169	70
1	--	2.025018	2.979545	0	47.87671	71

test #38
3	--	0.40391	0.392248	4	0.39225	1
4	--	0.649847	0.513679	5	0.90593	2
5	--	0.813418	0.469885	6	1.37581	3
6	--	0.489491	1.236341	5	1.8653	4
5	--	0.436087	0.963504	4	2.30139	5
4	--	0.604541	0.704058	3	2.90593	6
3	--	0.665122	0.949867	2	3.57105	7
2	--	1.535439	0.959323	3	4.53037	8
3	--	1.307253	0.770948	4	5.30132	9
4	--	0.974341	0.421082	5	5.7224	10
5	--	0.523442	0.709459	4	6.24584	11
4	--	0.434013	0.494389	3	6.67985	12
3	--	0.629847	0.981947	2	7.3097	13
2	--	1.19316	1.659736	1	8.50286	14
1	--	2.402574	2.921223	0	10.90543	15

test #39
3	--	1.040192	0.701439	4	0.70144	1
4	--	0.7238	1.019755	3	1.42524	2
3	--	1.119077	0.493386	4	1.91863	3
4	--	0.836359	1.215215	3	2.75499	4
3	--	1.111817	0.397918	4	3.15291	5
4	--	0.867083	0.393924	5	3.54683	6
5	--	0.77081	0.899731	4	4.31764	7
4	--	0.630422	1.11083	3	4.94806	8
3	--	0.479632	0.795796	2	5.42769	9
2	--	1.054996	1.344641	1	6.48269	10
1	--	1.320374	1.467172	0	7.80306	11

test #40
3	--	0.960233	0.779246	4	0.77925	1
4	--	0.802354	0.675326	5	1.45458	2
5	--	0.556337	0.500117	6	1.9547	3
6	--	0.521707	0.677023	5	2.47641	4
5	--	0.368215	0.605642	4	2.84463	5
4	--	0.442888	0.749155	3	3.28752	6
3	--	1.200234	0.978041	4	4.26556	7
4	--	0.755309	0.365179	5	4.63074	8
5	--	0.662669	0.765153	4	5.29341	9
4	--	1.194863	0.345677	5	5.63909	10
5	--	0.404901	0.762827	4	6.04399	11
4	--	0.930768	0.388806	5	6.4328	12
5	--	0.392561	1.191854	4	6.82536	13
4	--	0.955515	0.87238	5	7.69774	14
5	--	0.382278	0.477471	4	8.08002	15
4	--	0.483201	0.875012	3	8.56322	16
3	--	1.176693	0.576992	4	9.14021	17
4	--	1.06468	0.537318	5	9.67753	18
5	--	1.006821	0.453943	6	10.13147	19
6	--	0.89511	0.739514	7	10.87098	20
7	--	1.300894	1.01805	8	11.88903	21
8	--	0.731791	1.131144	7	12.62082	22
7	--	1.413813	1.021512	8	13.64233	23
8	--	1.315091	1.400909	7	14.95742	24
7	--	1.36624	0.761578	8	15.719	25
8	--	0.629876	1.092106	7	16.34888	26
7	--	0.498441	0.497543	8	16.84642	27
8	--	1.859682	0.790614	9	17.63703	28
9	--	1.111974	1.308785	8	18.749	29
8	--	1.498444	0.606996	9	19.356	30
9	--	1.99682	2.125754	8	21.35282	31
8	--	0.740275	1.399211	7	22.0931	32
7	--	1.171424	0.692257	8	22.78536	33
8	--	0.581902	1.52562	7	23.36726	34
7	--	1.165803	0.457809	8	23.82507	35
8	--	0.847336	1.129674	7	24.67241	36
7	--	0.926168	0.886092	8	25.5585	37
8	--	0.900488	0.892236	9	26.45074	38
9	--	1.162166	2.867084	8	27.61291	39
8	--	1.785886	0.962929	9	28.57584	40
9	--	1.8953	1.107234	10	29.68307	41

test #41
3	--	0.834987	1.176326	2	0.83499	1
2	--	1.124602	1.058179	3	1.89317	2
3	--	0.692919	0.869888	2	2.58609	3
2	--	0.903603	1.171934	1	3.48969	4
1	--	1.442516	2.031043	0	4.93221	5

test #42
3	--	0.677548	1.081303	2	0.67755	1
2	--	0.775113	0.51821	3	1.19576	2
3	--	0.81777	0.428129	4	1.62389	3
4	--	0.409348	0.671668	3	2.03324	4
3	--	1.371434	1.380158	2	3.40467	5
2	--	1.75173	1.613338	3	5.01801	6
3	--	1.126568	0.838751	4	5.85676	7
4	--	0.531785	0.971921	3	6.38854	8
3	--	1.013067	0.428843	4	6.81738	9
4	--	0.428932	0.995721	3	7.24631	10
3	--	1.370392	1.106532	4	8.35284	11
4	--	0.835578	0.45783	5	8.81067	12
5	--	0.377045	0.578052	4	9.18772	13
4	--	0.533577	0.746044	3	9.7213	14
3	--	1.142069	0.442344	4	10.16364	15
4	--	0.727229	0.939074	3	10.89087	16
3	--	1.131409	0.436119	4	11.32699	17
4	--	0.859989	0.59106	5	11.91805	18
5	--	0.760431	0.407317	6	12.32537	19
6	--	0.90706	1.238145	5	13.23243	20
5	--	0.684245	0.796539	4	13.91667	21
4	--	0.841744	0.413862	5	14.33053	22
5	--	0.726008	0.616525	6	14.94705	23
6	--	0.387885	0.513485	5	15.33493	24
5	--	0.872862	0.740798	6	16.07573	25
6	--	0.884569	0.980103	5	16.9603	26
5	--	1.123654	0.987095	6	17.94739	27
6	--	1.121797	0.374866	7	18.32226	28
7	--	1.165362	0.713443	8	19.0357	29
8	--	1.814074	1.6609	9	20.6966	30
9	--	1.647805	2.929585	8	22.3444	31
8	--	0.809204	1.749255	7	23.1536	32
7	--	0.567373	1.38476	6	23.72097	33
6	--	1.144945	0.48013	7	24.2011	34
7	--	0.957841	0.40627	8	24.60737	35
8	--	1.274032	1.01626	9	25.62363	36
9	--	1.630399	1.410913	10	27.03454	37

test #43
3	--	0.542447	0.835387	2	0.54245	1
2	--	1.176319	0.91553	3	1.45798	2
3	--	0.918936	0.761145	4	2.21912	3
4	--	0.857732	0.508941	5	2.72806	4
5	--	0.752393	0.494816	6	3.22288	5
6	--	0.507478	1.247149	5	3.73036	6
5	--	0.626369	0.365934	6	4.09629	7
6	--	0.514037	0.594862	5	4.61033	8
5	--	0.522312	0.624176	4	5.13264	9
4	--	0.405938	0.776562	3	5.53858	10
3	--	0.728183	0.736403	2	6.26676	11
2	--	0.521807	0.857312	1	6.78857	12
1	--	2.553434	2.288986	2	9.07756	13
2	--	0.52581	0.581373	1	9.60337	14
1	--	1.153654	2.30983	0	10.75702	15

test #44
3	--	1.114307	1.154468	2	1.11431	1
2	--	1.628217	0.892242	3	2.00655	2
3	--	1.389593	0.413256	4	2.41981	3
4	--	0.637476	0.440332	5	2.86014	4
5	--	0.732203	1.091467	4	3.59234	5
4	--	0.813345	0.62522	5	4.21756	6
5	--	0.825332	0.97973	4	5.04289	7
4	--	0.822768	0.469231	5	5.51212	8
5	--	0.428519	0.452634	4	5.94064	9
4	--	0.356117	0.633486	3	6.29676	10
3	--	0.761539	0.492217	4	6.78898	11
4	--	0.547212	0.892756	3	7.33619	12
3	--	1.316156	1.086439	4	8.42263	13
4	--	0.83461	0.350865	5	8.77349	14
5	--	0.746237	0.477818	6	9.25131	15
6	--	0.453985	0.774648	5	9.7053	16
5	--	0.45693	0.676736	4	10.16223	17
4	--	0.771682	0.551163	5	10.71339	18
5	--	0.859159	0.397171	6	11.11056	19
6	--	1.119825	0.908902	7	12.01946	20
7	--	0.757664	0.552419	8	12.57188	21
8	--	1.590074	1.15889	9	13.73077	22
9	--	1.541223	1.032848	10	14.76362	23

test #45
3	--	0.647743	0.629363	4	0.62936	1
4	--	1.10994	1.094936	5	1.7243	2
5	--	0.798181	0.600989	6	2.32529	3
6	--	1.067307	0.662098	7	2.98739	4
7	--	0.685211	0.556436	8	3.54383	5
8	--	0.641659	1.115074	7	4.18549	6
7	--	0.829503	1.155187	6	5.01499	7
6	--	1.058331	1.003184	7	6.01817	8
7	--	0.465576	1.141773	6	6.48375	9
6	--	0.447015	0.658516	5	6.93076	10
5	--	0.696583	1.189652	4	7.62734	11
4	--	0.995892	0.851219	5	8.47856	12
5	--	0.421767	1.179344	4	8.90033	13
4	--	0.823887	0.575363	5	9.47569	14
5	--	0.583047	0.537459	6	10.01315	15
6	--	0.699213	0.654679	7	10.66783	16
7	--	1.373915	0.607567	8	11.2754	17
8	--	1.0101	1.086555	7	12.2855	18
7	--	0.423566	0.6985	6	12.70907	19
6	--	0.671813	0.582572	7	13.29164	20
7	--	1.390568	0.805536	8	14.09718	21
8	--	1.01763	0.77839	9	14.87557	22
9	--	1.508381	2.597441	8	16.38395	23
8	--	1.595239	1.04373	9	17.42768	24
9	--	0.950706	0.973045	8	18.37839	25
8	--	1.29332	0.654193	9	19.03258	26
9	--	3.312079	1.343404	10	20.37598	27

test #46
3	--	0.757951	0.902437	2	0.75795	1
2	--	1.856023	1.323265	3	2.08121	2
3	--	0.819571	1.239905	2	2.90078	3
2	--	1.471932	0.830201	3	3.73098	4
3	--	0.581906	0.43916	4	4.17014	5
4	--	0.520971	0.526557	3	4.69111	6
3	--	1.393652	0.89614	4	5.58725	7
4	--	0.747254	0.650096	5	6.23735	8
5	--	0.652802	0.724438	4	6.89015	9
4	--	1.049315	0.376221	5	7.26637	10
5	--	0.763336	0.39722	6	7.66359	11
6	--	0.976796	0.380211	7	8.0438	12
7	--	0.811855	1.127489	6	8.85565	13
6	--	0.417394	1.086949	5	9.27304	14
5	--	0.824818	0.626477	6	9.89952	15
6	--	0.356967	0.642268	5	10.25649	16
5	--	0.463047	0.748517	4	10.71954	17
4	--	0.382211	0.610178	3	11.10175	18
3	--	0.686861	0.43626	4	11.53801	19
4	--	0.48876	0.96481	3	12.02677	20
3	--	0.571908	0.639906	2	12.59868	21
2	--	0.570911	1.57501	1	13.16959	22
1	--	3.296211	1.095587	2	14.26518	23
2	--	0.562113	0.951988	1	14.82729	24
1	--	1.651753	1.236835	2	16.06412	25
2	--	0.570192	1.634061	1	16.63431	26
1	--	1.226707	1.790467	0	17.86102	27

test #47
3	--	0.43841	1.117261	2	0.43841	1
2	--	1.636546	0.660064	3	1.09847	2
3	--	0.711223	0.725092	2	1.80969	3
2	--	1.67447	0.869328	3	2.67902	4
3	--	1.148331	0.707954	4	3.38697	5
4	--	0.525606	0.606087	3	3.91258	6
3	--	0.942743	0.545328	4	4.45791	7
4	--	0.842492	0.815878	5	5.27379	8
5	--	0.525677	0.649482	4	5.79947	9
4	--	0.835184	0.647547	5	6.44702	10
5	--	0.530017	1.047204	4	6.97704	11
4	--	0.538848	1.058547	3	7.51589	12
3	--	0.717122	0.849091	2	8.23301	13
2	--	1.788633	1.437804	3	9.67081	14
3	--	0.559193	0.780814	2	10.23	15
2	--	1.450735	0.865106	3	11.09511	16
3	--	1.128917	0.886888	4	11.982	17
4	--	0.457916	0.842826	3	12.43992	18
3	--	1.058532	1.087902	2	13.49845	19
2	--	0.780114	1.073751	1	14.27856	20
1	--	1.658698	2.381152	0	15.93726	21

test #48
3	--	0.984503	1.13281	2	0.9845	1
2	--	1.309058	1.167116	3	2.15162	2
3	--	0.895541	0.833392	4	2.98501	3
4	--	0.972676	0.827301	5	3.81231	4
5	--	1.14129	0.355075	6	4.16738	5
6	--	0.752031	0.412174	7	4.57955	6
7	--	0.666452	0.612027	8	5.19158	7
8	--	0.621517	0.605082	9	5.79666	8
9	--	2.030645	1.390943	10	7.1876	9

test #49
3	--	0.90001	0.809102	4	0.8091	1
4	--	0.906353	1.044983	3	1.71545	2
3	--	0.765591	0.855104	2	2.48104	3
2	--	1.672699	1.12845	3	3.60949	4
3	--	1.401937	1.100698	4	4.71019	5
4	--	0.516677	0.62224	3	5.22687	6
3	--	0.618103	1.125522	2	5.84497	7
2	--	0.876378	0.548122	3	6.39309	8
3	--	1.360243	0.916783	4	7.30987	9
4	--	1.185959	1.084989	5	8.39486	10
5	--	0.646101	0.50896	6	8.90382	11
6	--	0.492206	0.506606	5	9.39603	12
5	--	1.179244	0.869791	6	10.26582	13
6	--	0.709576	0.619019	7	10.88484	14
7	--	0.847698	0.392017	8	11.27686	15
8	--	1.291033	1.080421	9	12.35728	16
9	--	2.369145	1.115342	10	13.47262	17

test #50
3	--	0.863629	1.179424	2	0.86363	1
2	--	0.998904	1.004523	1	1.86253	2
1	--	2.870388	2.185487	2	4.04802	3
2	--	0.538939	1.077948	1	4.58696	4
1	--	2.860535	2.378034	2	6.96499	5
2	--	0.573511	0.570452	3	7.53544	6
3	--	0.838449	0.514147	4	8.04959	7
4	--	0.766667	1.122166	3	8.81626	8
3	--	0.612435	0.436724	4	9.25298	9
4	--	0.747063	1.215329	3	10.00004	10
3	--	0.838749	0.964097	2	10.83879	11
2	--	1.795692	0.730466	3	11.56926	12
3	--	0.718698	0.904018	2	12.28796	13
2	--	1.000337	0.900144	3	13.1881	14
3	--	1.074113	0.521915	4	13.71002	15
4	--	0.479916	0.686254	3	14.18994	16
3	--	0.542599	0.878868	2	14.73254	17
2	--	1.725056	0.521118	3	15.25366	18
3	--	1.270235	1.281682	2	16.5239	19
2	--	0.637239	0.750912	1	17.16114	20
1	--	1.446124	1.99168	0	18.60726	21

test #51
3	--	1.121703	0.60056	4	0.60056	1
4	--	0.7104	1.112966	3	1.31096	2
3	--	0.440281	1.149607	2	1.75124	3
2	--	1.538664	1.062427	3	2.81367	4
3	--	0.650272	0.407862	4	3.22153	5
4	--	0.674967	0.499694	5	3.72122	6
5	--	0.710755	0.351121	6	4.07234	7
6	--	0.530042	0.597655	5	4.60238	8
5	--	0.889486	0.441567	6	5.04395	9
6	--	0.479192	0.629227	5	5.52314	10
5	--	0.672828	0.355732	6	5.87887	11
6	--	0.570115	0.694155	5	6.44899	12
5	--	1.042522	0.383802	6	6.83279	13
6	--	0.582988	1.03935	5	7.41578	14
5	--	0.808351	0.513241	6	7.92902	15
6	--	0.742386	1.048076	5	8.67141	16
5	--	0.575138	0.609632	4	9.24655	17
4	--	0.935299	1.082821	3	10.18185	18
3	--	0.678802	0.806608	2	10.86065	19
2	--	1.039863	1.269353	1	11.90051	20
1	--	1.335813	1.481583	0	13.23632	21

test #52
3	--	0.469476	0.420404	4	0.4204	1
4	--	0.816661	0.443841	5	0.86424	2
5	--	0.74373	0.636791	6	1.50103	3
6	--	0.417427	0.564042	5	1.91846	4
5	--	0.835491	0.464908	6	2.38337	5
6	--	0.755505	0.768899	5	3.13887	6
5	--	0.38016	0.971743	4	3.51903	7
4	--	0.480408	0.429911	5	3.94894	8
5	--	1.103155	0.95393	6	4.90287	9
6	--	1.003579	0.551207	7	5.45408	10
7	--	0.819167	0.772719	8	6.2268	11
8	--	0.604937	1.273619	7	6.83174	12
7	--	0.679914	1.285692	6	7.51165	13
6	--	0.377552	0.518047	5	7.8892	14
5	--	0.888152	0.924205	4	8.77735	15
4	--	1.13096	1.012824	5	9.79017	16
5	--	0.737289	0.393249	6	10.18342	17
6	--	0.702574	0.829058	5	10.88599	18
5	--	0.388339	0.430354	4	11.27433	19
4	--	1.10999	0.55767	5	11.832	20
5	--	0.619968	0.668129	4	12.45197	21
4	--	0.985965	0.964417	5	13.41639	22
5	--	0.414498	1.092921	4	13.83089	23
4	--	0.608326	0.916729	3	14.43922	24
3	--	0.886424	0.587513	4	15.02673	25
4	--	0.441049	0.475956	3	15.46778	26
3	--	1.29334	0.72928	4	16.19706	27
4	--	1.083443	1.099976	3	17.2805	28
3	--	0.39161	0.710588	2	17.67211	29
2	--	1.508376	1.1501	3	18.82221	30
3	--	1.270711	1.024189	4	19.8464	31
4	--	0.925282	0.345723	5	20.19212	32
5	--	0.926932	0.933258	4	21.11905	33
4	--	0.727502	0.547532	5	21.66658	34
5	--	0.801315	0.56964	6	22.23622	35
6	--	0.346036	0.443698	5	22.58226	36
5	--	0.579261	0.38345	6	22.96571	37
6	--	0.396694	0.648207	5	23.3624	38
5	--	0.421197	0.514752	4	23.7836	39
4	--	0.957244	0.739909	5	24.52351	40
5	--	0.469566	0.989712	4	24.99308	41
4	--	0.4471	0.675506	3	25.44018	42
3	--	1.312819	1.134132	4	26.57431	43
4	--	0.91427	0.487489	5	27.0618	44
5	--	0.813293	0.342219	6	27.40402	45
6	--	1.181802	0.705874	7	28.10989	46
7	--	1.249641	1.402025	6	29.35953	47
6	--	0.590134	0.816439	5	29.94966	48
5	--	0.662347	0.593719	6	30.54338	49
6	--	0.932508	1.040898	5	31.47589	50
5	--	0.675305	0.585991	6	32.06188	51
6	--	0.404798	0.618111	5	32.46668	52
5	--	0.918991	0.404141	6	32.87082	53
6	--	0.538467	0.646347	5	33.40929	54
5	--	0.989285	0.602357	6	34.01165	55
6	--	0.95384	0.947248	7	34.9589	56
7	--	1.134681	1.141988	6	36.09358	57
6	--	0.351438	1.232472	5	36.44502	58
5	--	0.690547	0.552037	6	36.99706	59
6	--	0.390379	0.40128	5	37.38744	60
5	--	1.116089	1.010627	6	38.39807	61
6	--	0.417071	0.607962	5	38.81514	62
5	--	0.786254	1.080903	4	39.60139	63
4	--	0.73552	0.907243	3	40.33691	64
3	--	0.827301	0.621137	4	40.95805	65
4	--	0.453815	1.124446	3	41.41187	66
3	--	0.567745	0.415132	4	41.827	67
4	--	0.658266	0.785854	3	42.48527	68
3	--	0.519197	0.694805	2	43.00447	69
2	--	1.256558	0.996968	3	44.00144	70
3	--	0.392433	0.507984	2	44.39387	71
2	--	1.316877	0.529788	3	44.92366	72
3	--	1.415295	0.701543	4	45.6252	73
4	--	0.449134	0.713294	3	46.07433	74
3	--	1.343533	1.177124	4	47.25145	75
4	--	0.518203	0.698499	3	47.76965	76
3	--	1.09909	0.788625	4	48.55828	77
4	--	1.223934	0.38033	5	48.93861	78
5	--	0.361867	1.042383	4	49.30048	79
4	--	0.759326	0.58766	5	49.88814	80
5	--	0.710265	0.912736	4	50.59841	81
4	--	0.444596	0.88414	3	51.04301	82
3	--	0.398521	1.357807	2	51.44153	83
2	--	1.67912	0.665973	3	52.1075	84
3	--	0.710866	1.009182	2	52.81837	85
2	--	0.555953	0.787844	1	53.37432	86
1	--	3.073857	2.825398	2	56.19972	87
2	--	1.383811	1.280574	3	57.48029	88
3	--	1.182377	0.621083	4	58.10137	89
4	--	0.478275	0.494085	3	58.57965	90
3	--	0.91558	1.027235	2	59.49523	91
2	--	0.916234	0.749377	3	60.24461	92
3	--	0.685205	0.441509	4	60.68612	93
4	--	0.726231	0.923924	3	61.41235	94
3	--	0.684909	0.928003	2	62.09726	95
2	--	0.611676	0.896527	1	62.70894	96
1	--	1.969034	1.256866	2	63.96581	97
2	--	0.74347	0.698372	3	64.66418	98
3	--	0.49603	0.641847	2	65.16021	99
2	--	1.533105	1.7601	1	66.69331	100
1	--	2.991768	1.84617	2	68.53948	101
2	--	1.188871	0.633612	3	69.17309	102
3	--	0.675612	0.669616	4	69.84271	103
4	--	0.457599	1.227074	3	70.30031	104
3	--	0.821922	0.704434	4	71.00474	105
4	--	0.909933	0.47637	5	71.48111	106
5	--	0.571961	0.877322	4	72.05307	107
4	--	0.650581	0.653687	3	72.70365	108
3	--	1.046499	0.739378	4	73.44303	109
4	--	0.569346	0.800381	3	74.01238	110
3	--	0.821825	0.876469	2	74.83421	111
2	--	1.667031	1.373393	3	76.2076	112
3	--	1.306389	0.625039	4	76.83264	113
4	--	1.022873	0.552917	5	77.38556	114
5	--	0.766524	0.510807	6	77.89637	115
6	--	0.875356	0.662397	7	78.55877	116
7	--	0.706753	0.681795	8	79.24057	117
8	--	1.324709	1.121073	9	80.36164	118
9	--	3.245354	1.246265	10	81.6079	119

test #53
3	--	0.834331	1.402489	2	0.83433	1
2	--	1.543093	0.743829	3	1.57816	2
3	--	0.935703	0.82392	4	2.40208	3
4	--	0.342225	0.687483	3	2.74431	4
3	--	0.432717	0.839526	2	3.17703	5
2	--	1.71833	1.293429	3	4.47046	6
3	--	0.501039	0.934002	2	4.9715	7
2	--	1.280368	0.54428	3	5.51578	8
3	--	0.93591	0.496517	4	6.0123	9
4	--	0.666958	0.55802	5	6.57032	10
5	--	0.434404	0.551305	4	7.00472	11
4	--	1.107796	0.867813	5	7.87253	12
5	--	0.706345	0.558657	6	8.43119	13
6	--	1.134026	0.725726	7	9.15692	14
7	--	0.423355	1.314172	6	9.58027	15
6	--	0.855534	1.095698	5	10.4358	16
5	--	0.487641	0.61854	4	10.92344	17
4	--	0.952665	0.629217	5	11.55266	18
5	--	0.66703	0.501511	6	12.05417	19
6	--	1.15677	0.575516	7	12.62969	20
7	--	0.642976	0.727883	6	13.27267	21
6	--	0.468415	0.619683	5	13.74109	22
5	--	0.77021	0.745425	6	14.48652	23
6	--	1.068237	1.027576	7	15.5141	24
7	--	0.798489	0.627506	8	16.14161	25
8	--	1.810463	0.991437	9	17.13305	26
9	--	1.232161	1.195471	10	18.32852	27

test #54
3	--	0.826444	0.948167	2	0.82644	1
2	--	0.54845	0.725947	1	1.37489	2
1	--	0.952593	2.886196	0	2.32748	3

test #55
3	--	0.566929	0.461742	4	0.46174	1
4	--	0.814774	0.854077	3	1.27651	2
3	--	0.479625	0.576367	2	1.75614	3
2	--	0.969542	0.517322	3	2.27346	4
3	--	1.19593	0.558094	4	2.83155	5
4	--	0.951504	0.942211	5	3.77376	6
5	--	0.33874	0.645224	4	4.1125	7
4	--	0.555503	0.34848	5	4.46098	8
5	--	0.86345	0.68686	6	5.14784	9
6	--	1.024248	1.138779	5	6.17209	10
5	--	0.670564	0.815546	4	6.84265	11
4	--	0.577498	0.53802	5	7.38067	12
5	--	0.478744	0.617177	4	7.85941	13
4	--	0.611124	0.367648	5	8.22706	14
5	--	0.519759	0.836028	4	8.74682	15
4	--	0.372018	0.756115	3	9.11884	16
3	--	1.189372	0.58693	4	9.70577	17
4	--	0.655529	0.644453	5	10.35022	18
5	--	0.604654	0.719695	4	10.95487	19
4	--	1.048465	0.779246	5	11.73412	20
5	--	0.701265	0.407418	6	12.14154	21
6	--	0.691284	0.692347	5	12.83282	22
5	--	0.607316	0.630221	4	13.44014	23
4	--	1.158027	0.477348	5	13.91749	24
5	--	0.444661	0.90448	4	14.36215	25
4	--	0.387671	0.343331	5	14.70548	26
5	--	0.48519	0.475742	6	15.18122	27
6	--	0.614667	0.798417	5	15.79589	28
5	--	0.569848	0.419486	6	16.21538	29
6	--	0.439887	0.405744	7	16.62112	30
7	--	0.992525	0.963332	8	17.58445	31
8	--	1.170635	0.954813	9	18.53926	32
9	--	3.238333	2.003649	10	20.54291	33

test #56
3	--	0.99419	0.672911	4	0.67291	1
4	--	0.825989	1.002018	3	1.4989	2
3	--	0.766842	0.666507	4	2.16541	3
4	--	1.222809	0.37389	5	2.5393	4
5	--	0.74066	0.350765	6	2.89006	5
6	--	0.462777	0.598089	5	3.35284	6
5	--	0.552939	0.521526	6	3.87437	7
6	--	0.599722	0.469875	7	4.34424	8
7	--	1.073869	0.407848	8	4.75209	9
8	--	1.848333	1.706939	9	6.45903	10
9	--	1.327513	2.4353	8	7.78654	11
8	--	1.451982	0.941709	9	8.72825	12
9	--	1.127342	1.092974	10	9.82122	13

test #57
3	--	1.033631	0.601238	4	0.60124	1
4	--	0.546133	0.639637	3	1.14737	2
3	--	0.90306	0.984395	2	2.05043	3
2	--	1.504402	1.445235	3	3.49567	4
3	--	0.93006	0.869699	4	4.36537	5
4	--	0.426613	1.018832	3	4.79198	6
3	--	0.518573	1.321073	2	5.31055	7
2	--	0.649907	1.300955	1	5.96046	8
1	--	3.260294	2.500694	2	8.46115	9
2	--	0.847016	0.845252	3	9.3064	10
3	--	1.275934	1.034973	4	10.34137	11
4	--	0.412595	0.382728	5	10.7241	12
5	--	0.686707	0.854334	4	11.41081	13
4	--	0.877606	0.544989	5	11.9558	14
5	--	1.072516	0.577452	6	12.53325	15
6	--	0.880089	0.438724	7	12.97197	16
7	--	0.742566	1.06608	6	13.71454	17
6	--	0.382235	0.523741	5	14.09677	18
5	--	0.700655	0.351236	6	14.44801	19
6	--	0.48793	0.92245	5	14.93594	20
5	--	0.623376	0.87018	4	15.55932	21
4	--	0.620772	1.034033	3	16.18009	22
3	--	0.573102	1.21586	2	16.75319	23
2	--	0.627754	0.618969	3	17.37216	24
3	--	0.605979	0.856454	2	17.97814	25
2	--	1.536809	1.042146	3	19.02029	26
3	--	1.34347	1.246459	4	20.26675	27
4	--	0.358233	0.492119	3	20.62498	28
3	--	0.814327	0.971511	2	21.43931	29
2	--	1.040264	0.850117	3	22.28943	30
3	--	1.404864	0.842784	4	23.13221	31
4	--	1.185471	0.808074	5	23.94028	32
5	--	0.865676	0.838519	6	24.7788	33
6	--	0.452772	0.789642	5	25.23157	34
5	--	0.973406	0.477102	6	25.70867	35
6	--	1.117891	0.689896	7	26.39857	36
7	--	0.47534	0.967177	6	26.87391	37
6	--	0.845675	0.475486	7	27.3494	38
7	--	1.395901	0.439244	8	27.78864	39
8	--	0.582205	1.315283	7	28.37084	40
7	--	0.578046	0.527903	8	28.89874	41
8	--	1.641063	1.68293	7	30.5398	42
7	--	0.495054	1.20977	6	31.03485	43
6	--	0.381039	0.671786	5	31.41589	44
5	--	1.016606	0.330323	6	31.74621	45
6	--	0.627049	0.421057	7	32.16727	46
7	--	1.401884	0.483622	8	32.65089	47
8	--	1.063941	1.494988	7	33.71483	48
7	--	1.080197	0.583471	8	34.2983	49
8	--	1.627195	0.823245	9	35.12155	50
9	--	2.629741	1.984349	10	37.1059	51

test #58
3	--	1.106854	0.531482	4	0.53148	1
4	--	0.633855	0.378622	5	0.9101	2
5	--	0.50991	0.492646	6	1.40275	3
6	--	0.918804	0.643724	7	2.04647	4
7	--	0.84762	1.11733	6	2.89409	5
6	--	0.852088	0.893413	5	3.74618	6
5	--	0.5694	0.708405	4	4.31558	7
4	--	1.168732	0.483994	5	4.79957	8
5	--	0.723026	0.54491	6	5.34448	9
6	--	0.692401	0.904371	5	6.03688	10
5	--	1.140797	0.506266	6	6.54315	11
6	--	1.22422	0.958552	7	7.5017	12
7	--	1.047191	0.893213	8	8.39491	13
8	--	0.587809	1.008112	7	8.98272	14
7	--	0.660424	0.480385	8	9.46311	15
8	--	0.745897	1.649084	7	10.20901	16
7	--	1.38604	0.536813	8	10.74582	17
8	--	0.519916	0.964537	7	11.26574	18
7	--	0.411356	1.071988	6	11.6771	19
6	--	1.155706	0.858892	7	12.53599	20
7	--	0.573059	0.55568	8	13.09167	21
8	--	1.516889	0.527469	9	13.61914	22
9	--	2.806356	1.536111	10	15.15525	23

test #59
3	--	0.6157	1.349322	2	0.6157	1
2	--	1.736985	1.457372	3	2.07307	2
3	--	0.737903	0.591314	4	2.66438	3
4	--	0.740268	0.83215	3	3.40465	4
3	--	0.887041	1.339763	2	4.29169	5
2	--	1.391915	1.119309	3	5.411	6
3	--	0.792243	0.791356	4	6.20236	7
4	--	0.753974	0.608539	5	6.8109	8
5	--	0.463825	0.502452	4	7.27472	9
4	--	0.583735	1.183765	3	7.85846	10
3	--	0.652857	0.711864	2	8.51132	11
2	--	1.461608	0.902842	3	9.41416	12
3	--	1.388331	1.408675	2	10.80249	13
2	--	0.638172	1.103547	1	11.44066	14
1	--	1.401687	2.395515	0	12.84235	15

test #60
3	--	0.751131	0.474575	4	0.47458	1
4	--	0.553157	0.793603	3	1.02774	2
3	--	1.005049	0.474106	4	1.50185	3
4	--	1.119239	0.767245	5	2.26909	4
5	--	0.549324	0.468054	6	2.73714	5
6	--	0.618702	0.367077	7	3.10422	6
7	--	0.834197	0.443663	8	3.54788	7
8	--	0.83696	1.367775	7	4.38484	8
7	--	0.662921	0.673193	6	5.04776	9
6	--	0.788082	0.475592	7	5.52335	10
7	--	0.415757	1.086349	6	5.93911	11
6	--	0.476129	0.864549	5	6.41524	12
5	--	0.754054	0.461641	6	6.87688	13
6	--	0.706691	0.988791	5	7.58357	14
5	--	0.375103	0.548778	4	7.95867	15
4	--	0.69644	0.968962	3	8.65511	16
3	--	0.584971	0.831163	2	9.24008	17
2	--	0.671712	0.805351	1	9.91179	18
1	--	2.552201	1.777989	2	11.68978	19
2	--	1.688983	1.127098	3	12.81688	20
3	--	0.647274	1.176615	2	13.46415	21
2	--	1.774918	1.593728	3	15.05788	22
3	--	0.869396	1.067245	2	15.92728	23
2	--	0.815949	1.113511	1	16.74323	24
1	--	3.312798	2.18783	2	18.93106	25
2	--	0.58139	1.416241	1	19.51245	26
1	--	2.708176	2.003598	2	21.51605	27
2	--	0.67929	0.771299	1	22.19534	28
1	--	2.103441	1.215474	2	23.41081	29
2	--	0.991614	0.733524	3	24.14433	30
3	--	0.524927	1.222658	2	24.66926	31
2	--	0.97919	0.552838	3	25.2221	32
3	--	0.619339	0.848833	2	25.84144	33
2	--	1.158561	1.683783	1	27.0	34
1	--	1.39385	1.617733	0	28.39385	35

test #61
3	--	1.240491	0.781611	4	0.78161	1
4	--	0.521775	0.395421	5	1.17703	2
5	--	0.453373	0.446591	6	1.62362	3
6	--	0.427643	0.985497	5	2.05126	4
5	--	0.953023	1.075708	4	3.00428	5
4	--	0.440693	0.347991	5	3.35227	6
5	--	0.808077	0.570922	6	3.92319	7
6	--	0.435931	0.347231	7	4.27042	8
7	--	0.603068	0.727637	6	4.87349	9
6	--	0.647287	0.891814	5	5.52078	10
5	--	0.674836	0.344929	6	5.86571	11
6	--	0.746841	0.34953	7	6.21524	12
7	--	1.116335	0.891381	8	7.10662	13
8	--	1.430921	1.03421	9	8.14083	14
9	--	2.328893	1.929609	10	10.07044	15

test #62
3	--	0.41744	0.867044	2	0.41744	1
2	--	0.568029	0.711808	1	0.98547	2
1	--	2.179418	2.886177	0	3.16489	3

test #63
3	--	1.283464	1.156824	4	1.15682	1
4	--	0.378098	0.508858	3	1.53492	2
3	--	0.903087	0.911538	2	2.43801	3
2	--	0.59153	1.195878	1	3.02954	4
1	--	0.981971	1.056687	0	4.01151	5

test #64
3	--	0.879834	1.307571	2	0.87983	1
2	--	0.79056	0.696417	3	1.57625	2
3	--	0.825387	0.973945	2	2.40164	3
2	--	1.233268	1.272679	1	3.63491	4
1	--	1.163678	1.088355	2	4.72326	5
2	--	1.169135	1.652292	1	5.8924	6
1	--	2.682856	1.696333	2	7.58873	7
2	--	0.643514	1.734525	1	8.23224	8
1	--	1.102746	1.348121	0	9.33499	9

test #65
3	--	0.869191	0.676895	4	0.6769	1
4	--	1.190107	0.902336	5	1.57924	2
5	--	1.002362	0.815381	6	2.39462	3
6	--	1.007728	0.851143	7	3.24576	4
7	--	0.645751	0.492666	8	3.73843	5
8	--	1.652287	1.252928	9	4.99136	6
9	--	1.627571	1.72924	8	6.61893	7
8	--	0.74037	1.214338	7	7.3593	8
7	--	0.877163	0.415721	8	7.77502	9
8	--	0.743401	0.700575	9	8.47559	10
9	--	2.317974	3.07064	8	10.79356	11
8	--	0.903438	0.573142	9	11.3667	12
9	--	2.099159	1.056917	10	12.42362	13

test #66
3	--	0.767149	0.594137	4	0.59414	1
4	--	0.949144	0.694634	5	1.28877	2
5	--	0.522276	1.058693	4	1.81105	3
4	--	0.707846	0.705963	5	2.51701	4
5	--	0.946716	0.618162	6	3.13517	5
6	--	0.927142	0.3976	7	3.53277	6
7	--	0.592585	0.610641	6	4.12536	7
6	--	0.778559	1.241731	5	4.90392	8
5	--	0.400255	0.632193	4	5.30418	9
4	--	0.524038	1.018344	3	5.82822	10
3	--	0.911563	0.648311	4	6.47653	11
4	--	0.437515	0.359306	5	6.83584	12
5	--	1.10245	0.574121	6	7.40996	13
6	--	0.510396	0.949169	5	7.92036	14
5	--	1.093866	0.658145	6	8.5785	15
6	--	1.07576	0.381711	7	8.96021	16
7	--	0.713498	0.753352	6	9.67371	17
6	--	0.482168	0.346568	7	10.02028	18
7	--	0.82885	1.317739	6	10.84913	19
6	--	0.719174	0.602252	7	11.45138	20
7	--	0.511842	1.055035	6	11.96322	21
6	--	0.621325	0.983446	5	12.58455	22
5	--	0.42619	1.190394	4	13.01074	23
4	--	0.750858	0.652668	5	13.66341	24
5	--	0.66174	0.455545	6	14.11895	25
6	--	0.546894	0.972024	5	14.66584	26
5	--	0.649022	0.467184	6	15.13302	27
6	--	0.441396	1.218351	5	15.57442	28
5	--	0.697553	0.635285	6	16.2097	29
6	--	0.512772	1.210184	5	16.72247	30
5	--	0.486391	0.513921	4	17.20886	31
4	--	0.64243	0.788266	3	17.85129	32
3	--	0.621426	0.5039	4	18.35519	33
4	--	0.901723	0.498588	5	18.85378	34
5	--	0.930468	0.613852	6	19.46763	35
6	--	0.82846	0.683587	7	20.15122	36
7	--	0.736113	0.749373	6	20.88733	37
6	--	0.678252	0.422938	7	21.31027	38
7	--	0.475542	0.572742	6	21.78581	39
6	--	1.020736	0.726448	7	22.51226	40
7	--	0.517143	1.129361	6	23.0294	41
6	--	1.192003	0.952291	7	23.98169	42
7	--	0.404916	0.605193	6	24.38661	43
6	--	0.640471	0.374201	7	24.76081	44
7	--	0.576144	0.99828	6	25.33695	45
6	--	0.460314	0.771085	5	25.79726	46
5	--	0.481314	0.583326	4	26.27857	47
4	--	0.482236	0.568611	3	26.76081	48
3	--	0.597872	0.395479	4	27.15629	49
4	--	0.656547	0.503665	5	27.65996	50
5	--	0.797148	1.192381	4	28.45711	51
4	--	1.127733	0.483859	5	28.94097	52
5	--	0.477367	0.967669	4	29.41834	53
4	--	0.453163	0.507384	3	29.8715	54
3	--	0.729908	0.773318	2	30.60141	55
2	--	0.712556	0.943728	1	31.31397	56
1	--	2.720405	1.196307	2	32.51028	57
2	--	0.552951	0.702943	1	33.06323	58
1	--	1.372516	2.118414	0	34.43575	59

test #67
3	--	0.842932	0.672341	4	0.67234	1
4	--	0.967109	0.658901	5	1.33124	2
5	--	1.109409	0.581342	6	1.91258	3
6	--	0.904816	0.643703	7	2.55628	4
7	--	0.68293	0.39524	8	2.95152	5
8	--	0.570095	0.618282	7	3.52162	6
7	--	0.912661	0.992644	6	4.43428	7
6	--	0.598865	0.82622	5	5.03314	8
5	--	0.392231	0.913252	4	5.42537	9
4	--	0.969937	1.027627	3	6.39531	10
3	--	0.829891	0.992672	2	7.2252	11
2	--	0.559285	1.059217	1	7.78449	12
1	--	2.071796	2.189194	0	9.85629	13

test #68
3	--	0.925683	0.832484	4	0.83248	1
4	--	0.660393	0.830603	3	1.49287	2
3	--	1.049319	0.592841	4	2.08571	3
4	--	1.200419	0.788337	5	2.87405	4
5	--	0.893725	0.618136	6	3.49219	5
6	--	0.447034	0.788098	5	3.93922	6
5	--	0.736816	0.779846	4	4.67604	7
4	--	0.506907	0.483302	5	5.15934	8
5	--	0.802545	0.487954	6	5.64729	9
6	--	0.696183	0.760052	5	6.34347	10
5	--	0.333947	0.669808	4	6.67742	11
4	--	0.824952	1.210133	3	7.50237	12
3	--	0.594607	0.998615	2	8.09698	13
2	--	1.688442	0.916634	3	9.01361	14
3	--	0.878651	0.392499	4	9.40611	15
4	--	1.15526	1.219658	3	10.56137	16
3	--	0.590037	1.09619	2	11.15141	17
2	--	0.701254	0.765786	1	11.85266	18
1	--	1.244431	2.479497	0	13.09709	19

test #69
3	--	1.242078	0.953566	4	0.95357	1
4	--	0.915056	0.795417	5	1.74899	2
5	--	0.755023	1.031271	4	2.50401	3
4	--	1.196369	0.805253	5	3.30926	4
5	--	0.358356	0.812057	4	3.66762	5
4	--	1.1586	0.667382	5	4.335	6
5	--	0.678546	0.859904	4	5.01355	7
4	--	0.381574	0.671232	3	5.39512	8
3	--	1.034708	0.390815	4	5.78594	9
4	--	0.460866	0.746929	3	6.24681	10
3	--	0.666575	0.786425	2	6.91339	11
2	--	0.961427	1.229074	1	7.87482	12
1	--	1.995647	2.144406	0	9.87047	13

test #70
3	--	0.423952	0.615821	2	0.42395	1
2	--	1.863347	1.431806	3	1.85576	2
3	--	1.075922	1.01445	4	2.87021	3
4	--	0.570402	0.408163	5	3.27837	4
5	--	0.758905	0.893695	4	4.03728	5
4	--	0.438843	0.707069	3	4.47612	6
3	--	0.416824	0.509694	2	4.89294	7
2	--	1.321187	0.588085	3	5.48102	8
3	--	0.984441	0.497151	4	5.97817	9
4	--	0.535432	0.49371	5	6.47188	10
5	--	1.156238	0.688788	6	7.16067	11
6	--	0.523969	0.718615	5	7.68464	12
5	--	0.484291	0.364172	6	8.04881	13
6	--	0.412844	0.937745	5	8.46165	14
5	--	1.148325	0.589307	6	9.05096	15
6	--	0.528475	0.445733	7	9.49669	16
7	--	1.207598	0.780314	8	10.277	17
8	--	0.979585	0.852691	9	11.12969	18
9	--	1.340432	1.497989	8	12.47012	19
8	--	0.840295	1.216823	7	13.31042	20
7	--	1.14707	1.251283	6	14.45749	21
6	--	0.564079	1.005571	5	15.02157	22
5	--	0.8337	0.348672	6	15.37024	23
6	--	1.103117	0.633277	7	16.00352	24
7	--	0.555609	0.668882	6	16.55913	25
6	--	1.196219	1.153419	7	17.71255	26
7	--	0.613943	0.791707	6	18.32649	27
6	--	0.559192	0.39886	7	18.72535	28
7	--	1.115431	1.034819	8	19.76017	29
8	--	0.961033	1.300136	7	20.7212	30
7	--	0.982218	0.957886	8	21.67909	31
8	--	0.739737	1.031179	7	22.41883	32
7	--	1.027476	0.71739	8	23.13622	33
8	--	1.066723	0.943223	9	24.07944	34
9	--	2.52915	1.044904	10	25.12434	35

test #71
3	--	1.332918	0.519699	4	0.5197	1
4	--	1.073085	0.479976	5	0.99968	2
5	--	0.547069	0.552822	4	1.54675	3
4	--	1.166994	0.517473	5	2.06422	4
5	--	0.525157	0.563594	4	2.58938	5
4	--	0.472364	1.190035	3	3.06174	6
3	--	0.423948	0.877082	2	3.48569	7
2	--	1.00103	0.78863	3	4.27432	8
3	--	0.546873	0.886119	2	4.82119	9
2	--	0.582814	1.624499	1	5.404	10
1	--	1.345322	2.701542	0	6.74932	11

test #72
3	--	0.505782	1.201033	2	0.50578	1
2	--	0.822393	1.230966	1	1.32817	2
1	--	1.010592	1.238311	0	2.33876	3

test #73
3	--	0.845232	0.665274	4	0.66527	1
4	--	0.7907	0.503194	5	1.16846	2
5	--	0.769903	0.465679	6	1.63414	3
6	--	0.723262	0.556066	7	2.19021	4
7	--	0.830197	0.950813	6	3.02041	5
6	--	0.487532	0.861721	5	3.50794	6
5	--	1.17521	0.721462	6	4.2294	7
6	--	1.027171	0.414832	7	4.64423	8
7	--	0.428464	0.674671	6	5.07269	9
6	--	0.852188	0.570973	7	5.64366	10
7	--	1.098667	0.880938	8	6.5246	11
8	--	1.200365	0.691686	9	7.21629	12
9	--	1.301095	1.300236	10	8.51653	13

test #74
3	--	1.3715	0.759457	4	0.75946	1
4	--	0.778119	1.210525	3	1.53758	2
3	--	1.165541	1.074055	4	2.61163	3
4	--	0.602478	0.676434	3	3.21411	4
3	--	0.553131	1.058705	2	3.76724	5
2	--	0.713756	0.776432	1	4.481	6
1	--	1.343843	1.69645	0	5.82484	7

test #75
3	--	0.912653	1.309558	2	0.91265	1
2	--	1.519504	0.590306	3	1.50296	2
3	--	1.017491	1.108401	2	2.52045	3
2	--	0.897785	1.355667	1	3.41824	4
1	--	3.037569	2.248333	2	5.66657	5
2	--	1.047664	1.496103	1	6.71423	6
1	--	1.373495	1.782007	0	8.08772	7

test #76
3	--	0.450791	0.791305	2	0.45079	1
2	--	1.03856	0.750943	3	1.20173	2
3	--	1.185961	1.236134	2	2.38769	3
2	--	0.840323	0.981176	1	3.22801	4
1	--	2.746402	2.315478	2	5.54349	5
2	--	1.034682	1.091826	1	6.57817	6
1	--	1.303107	1.941142	0	7.88128	7

test #77
3	--	0.524563	0.954779	2	0.52456	1
2	--	0.916784	1.823459	1	1.44134	2
1	--	2.549505	1.442727	2	2.88407	3
2	--	0.648673	1.629831	1	3.53274	4
1	--	1.674598	1.906193	0	5.20734	5

test #78
3	--	1.291598	0.765834	4	0.76583	1
4	--	1.01086	1.028466	3	1.77669	2
3	--	1.247255	0.457252	4	2.23394	3
4	--	0.708115	0.420688	5	2.65463	4
5	--	0.588536	0.399734	6	3.05436	5
6	--	0.922212	1.224742	5	3.97657	6
5	--	0.855174	0.983537	4	4.83174	7
4	--	0.674421	0.884182	3	5.50616	8
3	--	1.312525	0.77292	4	6.27908	9
4	--	0.905165	1.199611	3	7.18424	10
3	--	0.912366	0.673212	4	7.85745	11
4	--	1.202668	0.95579	5	8.81324	12
5	--	0.41438	0.443942	4	9.22762	13
4	--	0.359891	1.116368	3	9.58751	14
3	--	0.607762	0.421451	4	10.00896	15
4	--	0.453361	0.698977	3	10.46232	16
3	--	0.867732	1.05985	2	11.33005	17
2	--	1.851296	1.073051	3	12.4031	18
3	--	0.549355	0.494991	4	12.89809	19
4	--	1.160389	1.101119	5	13.99921	20
5	--	0.813437	0.674247	6	14.67346	21
6	--	0.850179	0.631812	7	15.30527	22
7	--	0.41831	0.64746	6	15.72358	23
6	--	0.444296	0.466212	5	16.16788	24
5	--	1.089469	0.581402	6	16.74928	25
6	--	0.595418	0.724276	5	17.3447	26
5	--	0.632446	1.065468	4	17.97715	27
4	--	0.364769	0.400308	3	18.34192	28
3	--	0.89736	0.422046	4	18.76397	29
4	--	0.506277	0.932276	3	19.27025	30
3	--	0.566666	0.52188	4	19.79213	31
4	--	0.975462	1.14834	3	20.76759	32
3	--	1.044524	0.847114	4	21.6147	33
4	--	0.697142	0.89147	3	22.31184	34
3	--	1.150006	1.113497	4	23.42534	35
4	--	0.374208	0.847398	3	23.79955	36
3	--	0.830226	0.624806	4	24.42436	37
4	--	0.787485	0.364945	5	24.78931	38
5	--	0.767374	0.957638	4	25.55668	39
4	--	0.548283	1.049501	3	26.10496	40
3	--	1.134105	0.543813	4	26.64877	41
4	--	1.12903	0.580122	5	27.22889	42
5	--	1.04828	0.397957	6	27.62685	43
6	--	0.678075	0.354831	7	27.98168	44
7	--	1.248616	0.532815	8	28.5145	45
8	--	1.503937	1.33799	9	29.85249	46
9	--	2.308771	1.845791	10	31.69828	47

test #79
3	--	0.468136	1.148698	2	0.46814	1
2	--	1.463116	1.838064	1	1.93126	2
1	--	2.250287	2.428382	0	4.18155	3

test #80
3	--	0.782333	0.535916	4	0.53592	1
4	--	0.628933	0.549594	5	1.08551	2
5	--	0.37655	0.6758	4	1.46206	3
4	--	0.442115	0.418275	5	1.88034	4
5	--	0.718816	0.799417	4	2.59916	5
4	--	1.238011	1.190208	5	3.78937	6
5	--	0.382196	1.016788	4	4.17157	7
4	--	0.533705	1.212904	3	4.70527	8
3	--	1.31822	1.24004	4	5.94531	9
4	--	0.952954	0.650744	5	6.59605	10
5	--	0.610356	0.825434	4	7.20641	11
4	--	0.778713	1.162553	3	7.98512	12
3	--	0.804602	0.582092	4	8.56721	13
4	--	0.722137	0.524193	5	9.0914	14
5	--	1.182042	0.68757	6	9.77897	15
6	--	0.416465	1.033903	5	10.19543	16
5	--	0.798771	1.012713	4	10.9942	17
4	--	1.219957	0.823873	5	11.81807	18
5	--	0.91667	0.950701	4	12.73474	19
4	--	0.886659	0.689684	5	13.42442	20
5	--	0.975451	0.556557	6	13.98098	21
6	--	0.636553	0.666347	5	14.61753	22
5	--	0.457734	0.377105	6	14.99464	23
6	--	0.54299	0.774408	5	15.53763	24
5	--	0.398415	0.360667	6	15.8983	25
6	--	0.533912	0.677838	5	16.43221	26
5	--	0.520018	1.018403	4	16.95223	27
4	--	0.516329	0.528391	3	17.46856	28
3	--	0.494772	0.405712	4	17.87427	29
4	--	0.385792	1.198111	3	18.26006	30
3	--	1.032669	0.815225	4	19.07528	31
4	--	1.026779	1.070774	3	20.10206	32
3	--	0.485157	0.598813	2	20.58722	33
2	--	0.857408	1.127667	1	21.44463	34
1	--	2.438829	3.287242	0	23.88346	35

test #81
3	--	0.945725	1.195909	2	0.94573	1
2	--	1.855038	0.949249	3	1.89498	2
3	--	1.028181	0.712618	4	2.6076	3
4	--	0.98591	0.394432	5	3.00203	4
5	--	1.003966	0.891422	6	3.89345	5
6	--	0.454456	0.691034	5	4.34791	6
5	--	0.468284	0.499566	4	4.81619	7
4	--	1.098502	0.764258	5	5.58045	8
5	--	0.732436	0.580139	6	6.16059	9
6	--	1.198624	0.437366	7	6.59796	10
7	--	0.770208	0.811632	6	7.36817	11
6	--	0.454474	1.026956	5	7.82264	12
5	--	0.757694	1.128224	4	8.58033	13
4	--	0.371662	0.644509	3	8.95199	14
3	--	0.524184	0.532405	2	9.47617	15
2	--	0.845932	0.924722	1	10.3221	16
1	--	1.313033	1.341271	0	11.63513	17

test #82
3	--	0.707586	0.854682	2	0.70759	1
2	--	1.818697	0.589718	3	1.29731	2
3	--	0.926518	0.408316	4	1.70563	3
4	--	0.787319	0.963425	3	2.49295	4
3	--	0.777041	1.123865	2	3.26999	5
2	--	1.062253	1.516276	1	4.33224	6
1	--	1.530059	3.051052	0	5.8623	7

test #83
3	--	0.605065	1.331488	2	0.60506	1
2	--	0.800339	0.577731	3	1.18279	2
3	--	1.307895	0.696665	4	1.87945	3
4	--	0.83986	0.817966	5	2.69742	4
5	--	1.033718	0.97297	6	3.67039	5
6	--	0.362117	1.142917	5	4.03251	6
5	--	0.551803	0.905276	4	4.58431	7
4	--	0.565418	0.456282	5	5.04059	8
5	--	0.443588	0.402567	6	5.44316	9
6	--	0.746762	1.200958	5	6.18992	10
5	--	0.691473	0.614991	6	6.80491	11
6	--	0.670025	0.34637	7	7.15128	12
7	--	0.617417	0.962676	6	7.7687	13
6	--	0.815998	0.53238	7	8.30108	14
7	--	1.237801	0.413474	8	8.71455	15
8	--	0.562229	0.60132	7	9.27678	16
7	--	0.962649	0.556578	8	9.83336	17
8	--	1.017295	1.154235	7	10.85066	18
7	--	1.047436	0.593183	8	11.44384	19
8	--	1.085866	1.736614	7	12.52971	20
7	--	1.202376	0.398854	8	12.92856	21
8	--	0.936667	1.271049	7	13.86523	22
7	--	0.683603	1.19941	6	14.54883	23
6	--	0.535934	1.103156	5	15.08476	24
5	--	0.337143	1.174901	4	15.4219	25
4	--	0.436162	1.165849	3	15.85806	26
3	--	1.15636	0.919342	4	16.7774	27
4	--	1.06097	0.726589	5	17.50399	28
5	--	0.931886	0.569794	6	18.07378	29
6	--	0.363856	0.701382	5	18.43764	30
5	--	0.632312	0.857232	4	19.06995	31
4	--	1.09401	0.364289	5	19.43424	32
5	--	0.570926	0.568251	6	20.00249	33
6	--	0.621358	0.615862	7	20.61835	34
7	--	0.4334	1.078867	6	21.05175	35
6	--	0.541427	1.111069	5	21.59318	36
5	--	0.549671	0.973474	4	22.14285	37
4	--	0.772116	0.949685	3	22.91497	38
3	--	1.395618	1.114716	4	24.02969	39
4	--	0.685971	1.235038	3	24.71566	40
3	--	1.072163	1.238827	2	25.78782	41
2	--	1.590685	1.812076	1	27.3785	42
1	--	1.025992	0.939038	2	28.31754	43
2	--	0.576495	1.308562	1	28.89403	44
1	--	1.928943	1.010595	2	29.90462	45
2	--	1.77158	0.798683	3	30.7033	46
3	--	0.866399	0.707909	4	31.41121	47
4	--	0.652681	0.415619	5	31.82683	48
5	--	0.425313	0.433889	4	32.25214	49
4	--	0.801132	0.628868	5	32.88101	50
5	--	0.688818	0.740643	4	33.56983	51
4	--	0.493768	0.820185	3	34.0636	52
3	--	0.999868	0.836632	4	34.90023	53
4	--	0.469907	1.157267	3	35.37014	54
3	--	0.88783	0.847112	4	36.21725	55
4	--	0.6516	1.102038	3	36.86885	56
3	--	1.243593	1.131306	4	38.00016	57
4	--	0.407763	1.161918	3	38.40792	58
3	--	0.765171	0.861081	2	39.17309	59
2	--	0.832227	1.010514	1	40.00532	60
1	--	2.451001	1.460774	2	41.46609	61
2	--	0.623814	1.024432	1	42.0899	62
1	--	2.762106	1.242603	2	43.3325	63
2	--	0.676778	1.633099	1	44.00928	64
1	--	2.758644	1.237501	2	45.24678	65
2	--	1.002302	1.675539	1	46.24908	66
1	--	3.13112	1.533122	2	47.7822	67
2	--	1.512041	1.05847	3	48.84067	68
3	--	0.683057	0.97879	2	49.52373	69
2	--	0.801016	1.181047	1	50.32475	70
1	--	1.511539	3.081681	0	51.83629	71

test #84
3	--	0.575241	0.49518	4	0.49518	1
4	--	1.13728	0.948324	5	1.4435	2
5	--	1.179048	0.502464	6	1.94596	3
6	--	0.612797	0.724367	5	2.55876	4
5	--	0.495666	0.739832	4	3.05443	5
4	--	0.874471	1.094294	3	3.9289	6
3	--	0.486616	0.741797	2	4.41552	7
2	--	0.857541	1.29786	1	5.27306	8
1	--	1.053936	2.851404	0	6.327	9

test #85
3	--	1.171528	0.792244	4	0.79224	1
4	--	0.771163	0.550108	5	1.34235	2
5	--	1.012981	0.671206	6	2.01356	3
6	--	0.374924	0.394709	5	2.38848	4
5	--	0.403423	0.735861	4	2.7919	5
4	--	0.405572	0.538905	3	3.19747	6
3	--	1.364985	1.01197	4	4.20944	7
4	--	0.616739	1.097565	3	4.82618	8
3	--	0.497774	1.213804	2	5.32395	9
2	--	1.759155	1.367952	3	6.6919	10
3	--	1.132505	1.002552	4	7.69445	11
4	--	1.092782	0.912867	5	8.60732	12
5	--	1.044589	0.799812	6	9.40713	13
6	--	0.706557	0.922738	5	10.11369	14
5	--	0.578207	0.858384	4	10.6919	15
4	--	0.513342	0.943512	3	11.20524	16
3	--	1.399424	0.705541	4	11.91078	17
4	--	0.500076	0.778735	3	12.41086	18
3	--	0.542713	0.831845	2	12.95357	19
2	--	1.153484	1.204688	1	14.10705	20
1	--	2.340748	1.089768	2	15.19682	21
2	--	0.723139	1.001829	1	15.91996	22
1	--	1.826764	3.195395	0	17.74672	23

test #86
3	--	0.629956	0.843049	2	0.62996	1
2	--	0.905775	1.813958	1	1.53573	2
1	--	1.596127	1.795386	0	3.13186	3

test #87
3	--	1.165038	1.191359	2	1.16504	1
2	--	0.819656	0.860551	1	1.9847	2
1	--	2.001335	1.612794	2	3.59749	3
2	--	0.912834	1.499669	1	4.51032	4
1	--	2.182559	2.133002	2	6.64332	5
2	--	0.702482	0.731857	1	7.3458	6
1	--	1.519749	1.417903	2	8.7637	7
2	--	0.74988	0.678465	3	9.44216	8
3	--	0.955012	1.390732	2	10.39717	9
2	--	0.568322	0.555316	3	10.95249	10
3	--	0.470575	0.48901	2	11.42307	11
2	--	1.57953	1.371151	3	12.79422	12
3	--	0.791282	1.024628	2	13.5855	13
2	--	1.065575	0.747575	3	14.33307	14
3	--	0.402233	0.602107	2	14.7353	15
2	--	1.572634	1.248709	3	15.98401	16
3	--	0.512548	0.967745	2	16.49656	17
2	--	0.626331	0.926049	1	17.12289	18
1	--	0.963713	1.007933	0	18.0866	19

test #88
3	--	0.976756	1.329546	2	0.97676	1
2	--	0.756009	0.876166	1	1.73277	2
1	--	1.414954	2.124365	0	3.14772	3

test #89
3	--	0.482193	0.546162	2	0.48219	1
2	--	0.591347	1.046369	1	1.07354	2
1	--	1.460053	1.372222	2	2.44576	3
2	--	0.970529	1.708084	1	3.41629	4
1	--	1.934068	2.204125	0	5.35036	5

test #90
3	--	0.9566	1.421072	2	0.9566	1
2	--	0.742423	1.11107	1	1.69902	2
1	--	2.05292	1.907714	2	3.60673	3
2	--	0.798909	0.990486	1	4.40564	4
1	--	2.15436	1.389341	2	5.79498	5
2	--	0.746444	0.571856	3	6.36684	6
3	--	0.531008	0.503831	4	6.87067	7
4	--	1.123406	0.365247	5	7.23592	8
5	--	0.881217	0.853682	6	8.0896	9
6	--	0.585058	1.18315	5	8.67466	10
5	--	0.421438	0.844747	4	9.0961	11
4	--	0.952493	0.726808	5	9.82291	12
5	--	0.764926	0.593421	6	10.41633	13
6	--	0.797231	1.085921	5	11.21356	14
5	--	1.107148	1.043947	6	12.25751	15
6	--	0.572096	0.803641	5	12.82961	16
5	--	0.740116	1.03802	4	13.56973	17
4	--	0.405869	0.575501	3	13.9756	18
3	--	1.167053	1.06491	4	15.04051	19
4	--	0.551765	0.591217	3	15.59227	20
3	--	0.543997	0.854737	2	16.13627	21
2	--	1.298268	0.630639	3	16.76691	22
3	--	1.4096	0.726006	4	17.49292	23
4	--	0.86861	0.510759	5	18.00368	24
5	--	0.770171	0.882375	4	18.77385	25
4	--	0.592297	0.612708	3	19.36615	26
3	--	0.916654	0.748647	4	20.1148	27
4	--	0.671142	0.524287	5	20.63909	28
5	--	0.577984	0.878764	4	21.21707	29
4	--	0.59024	0.724402	3	21.80731	30
3	--	0.508667	1.183378	2	22.31598	31
2	--	1.510352	0.960902	3	23.27688	32
3	--	0.537403	0.450669	4	23.72755	33
4	--	0.94266	0.461744	5	24.18929	34
5	--	0.865759	0.552746	6	24.74204	35
6	--	0.59726	0.688899	5	25.3393	36
5	--	0.674111	1.13546	4	26.01341	37
4	--	0.986608	0.630007	5	26.64342	38
5	--	0.792829	0.402915	6	27.04634	39
6	--	1.006111	0.478677	7	27.52502	40
7	--	0.608768	0.698303	6	28.13379	41
6	--	0.683709	0.661502	7	28.79529	42
7	--	0.888415	0.687963	8	29.48325	43
8	--	0.835915	1.008111	7	30.31916	44
7	--	0.749701	1.134885	6	31.06886	45
6	--	1.18653	0.796669	7	31.86553	46
7	--	0.556036	0.463694	8	32.32922	47
8	--	1.200716	1.109904	9	33.43912	48
9	--	1.026542	1.70742	8	34.46566	49
8	--	1.086182	1.213369	7	35.55184	50
7	--	0.679724	0.853896	6	36.23156	51
6	--	0.397506	0.53306	5	36.62907	52
5	--	1.072055	0.41113	6	37.0402	53
6	--	0.751552	0.397004	7	37.4372	54
7	--	0.928782	0.609208	8	38.04641	55
8	--	1.790259	1.142602	9	39.18901	56
9	--	1.606781	1.847084	8	40.79579	57
8	--	1.204043	0.555437	9	41.35123	58
9	--	1.632406	2.28639	8	42.98364	59
8	--	0.522391	1.248312	7	43.50603	60
7	--	0.881457	0.811272	8	44.3173	61
8	--	1.166685	1.465082	7	45.48398	62
7	--	0.907103	0.487741	8	45.97172	63
8	--	0.883449	0.802133	9	46.77385	64
9	--	1.562962	3.216638	8	48.33681	65
8	--	0.993502	1.090507	7	49.33031	66
7	--	0.405881	0.940045	6	49.73619	67
6	--	0.652106	0.843623	5	50.3883	68
5	--	0.498435	0.421554	6	50.80985	69
6	--	1.031438	0.610986	7	51.42084	70
7	--	0.656464	0.449299	8	51.87014	71
8	--	0.63445	0.698466	7	52.50459	72
7	--	0.797184	0.80933	6	53.30177	73
6	--	1.14445	0.358918	7	53.66069	74
7	--	0.520456	0.628831	6	54.18115	75
6	--	0.59286	0.473452	7	54.6546	76
7	--	0.500631	0.540605	6	55.15523	77
6	--	0.694541	0.804966	5	55.84977	78
5	--	1.005382	0.838838	6	56.68861	79
6	--	0.455363	0.702041	5	57.14397	80
5	--	1.138762	1.072043	6	58.21601	81
6	--	0.489827	1.215166	5	58.70584	82
5	--	0.72702	1.058855	4	59.43286	83
4	--	0.593714	0.895092	3	60.02657	84
3	--	0.563895	0.490214	4	60.51678	85
4	--	1.078051	0.375867	5	60.89265	86
5	--	1.033067	0.620937	6	61.51359	87
6	--	0.824333	0.715308	7	62.2289	88
7	--	0.774748	0.857307	6	63.00365	89
6	--	0.355725	0.542525	5	63.35938	90
5	--	1.091692	0.979	6	64.33838	91
6	--	0.797154	0.632509	7	64.97089	92
7	--	0.653277	0.633631	8	65.60452	93
8	--	0.870003	0.779698	9	66.38422	94
9	--	2.361391	2.769721	8	68.74561	95
8	--	1.813795	1.640731	9	70.38634	96
9	--	2.693099	1.605021	10	71.99136	97

test #91
3	--	1.305834	0.95379	4	0.95379	1
4	--	0.881154	0.425497	5	1.37929	2
5	--	0.789988	0.394111	6	1.7734	3
6	--	0.391791	0.633568	5	2.16519	4
5	--	1.072915	0.754335	6	2.91952	5
6	--	1.186801	0.631949	7	3.55147	6
7	--	0.755677	0.868864	6	4.30715	7
6	--	0.535738	0.958783	5	4.84289	8
5	--	0.785092	0.952713	4	5.62798	9
4	--	1.241655	0.453315	5	6.0813	10
5	--	1.180786	0.577836	6	6.65914	11
6	--	0.969411	0.806816	7	7.46596	12
7	--	0.865027	0.65247	8	8.11843	13
8	--	0.779304	1.458145	7	8.89773	14
7	--	0.751379	0.986304	6	9.64911	15
6	--	0.542778	0.954212	5	10.19189	16
5	--	0.981445	1.062364	4	11.17334	17
4	--	0.345198	0.825531	3	11.51854	18
3	--	1.196846	0.443721	4	11.96226	19
4	--	1.033011	0.838796	5	12.80106	20
5	--	0.837094	0.422868	6	13.22393	21
6	--	0.712726	0.542841	7	13.76677	22
7	--	0.796707	0.623719	8	14.39049	23
8	--	1.393943	0.622672	9	15.01316	24
9	--	2.254535	1.225204	10	16.23836	25

test #92
3	--	1.098408	1.190996	2	1.09841	1
2	--	1.058743	0.525526	3	1.62394	2
3	--	0.450258	0.853252	2	2.0742	3
2	--	1.138457	1.737519	1	3.21266	4
1	--	1.27865	2.661916	0	4.49131	5

test #93
3	--	0.606301	0.946799	2	0.6063	1
2	--	0.708303	1.58879	1	1.3146	2
1	--	1.997516	3.182524	0	3.31212	3

test #94
3	--	0.51027	1.162328	2	0.51027	1
2	--	0.724117	0.891458	1	1.23439	2
1	--	1.523455	2.610635	0	2.75785	3

test #95
3	--	0.611503	0.764646	2	0.6115	1
2	--	0.848743	1.5025	1	1.46024	2
1	--	1.018017	0.91909	2	2.37933	3
2	--	0.546207	1.62259	1	2.92554	4
1	--	2.797924	2.565077	2	5.49062	5
2	--	1.07465	1.346668	1	6.56527	6
1	--	2.893058	0.971866	2	7.53714	7
2	--	0.517505	1.097902	1	8.05464	8
1	--	0.942224	1.51434	0	8.99686	9

test #96
3	--	0.432329	0.558296	2	0.43233	1
2	--	1.435713	1.1067	3	1.53903	2
3	--	0.392368	1.037027	2	1.9314	3
2	--	0.877465	1.11029	1	2.80887	4
1	--	1.490304	0.992415	2	3.80129	5
2	--	0.527976	0.768579	1	4.32927	6
1	--	1.740575	1.212674	2	5.54194	7
2	--	0.737851	1.107152	1	6.27979	8
1	--	1.848186	2.505083	0	8.12798	9

test #97
3	--	0.748415	1.19786	2	0.74842	1
2	--	1.398481	1.238806	3	1.98723	2
3	--	1.089646	0.455144	4	2.44237	3
4	--	0.517421	0.809286	3	2.95979	4
3	--	0.94698	1.10014	2	3.90677	5
2	--	0.553588	0.920983	1	4.46036	6
1	--	0.953124	3.246482	0	5.41348	7

test #98
3	--	0.449146	0.666601	2	0.44915	1
2	--	0.891281	1.76031	1	1.34043	2
1	--	2.427577	1.767553	2	3.10798	3
2	--	1.705483	1.238557	3	4.34654	4
3	--	0.715745	1.102867	2	5.06228	5
2	--	1.456087	0.745084	3	5.80736	6
3	--	0.873004	0.827682	4	6.63504	7
4	--	0.538625	0.728626	3	7.17367	8
3	--	1.229945	0.474207	4	7.64788	9
4	--	0.759117	0.804505	3	8.407	10
3	--	0.762255	0.511222	4	8.91822	11
4	--	1.196996	0.633618	5	9.55184	12
5	--	1.118795	0.838735	6	10.39058	13
6	--	0.441547	0.570677	5	10.83213	14
5	--	0.378228	0.868394	4	11.21036	15
4	--	1.239133	0.430376	5	11.64074	16
5	--	0.468145	0.94586	4	12.10888	17
4	--	1.152038	0.793683	5	12.90256	18
5	--	0.823067	0.428	6	13.33056	19
6	--	0.540409	0.867443	5	13.87097	20
5	--	0.576257	0.556068	6	14.42704	21
6	--	0.854698	0.534879	7	14.96192	22
7	--	0.672445	0.546809	8	15.50873	23
8	--	0.910644	0.704675	9	16.21341	24
9	--	1.815552	1.740134	10	17.95354	25

test #99
3	--	1.207527	0.47982	4	0.47982	1
4	--	0.556296	0.484348	5	0.96417	2
5	--	1.04761	0.64316	6	1.60733	3
6	--	0.548397	0.942099	5	2.15573	4
5	--	0.951824	0.572237	6	2.72797	5
6	--	1.024559	0.353078	7	3.08105	6
7	--	0.725333	1.158632	6	3.80638	7
6	--	0.835667	1.035268	5	4.64205	8
5	--	0.953762	0.896162	6	5.53821	9
6	--	1.166246	0.978336	7	6.51655	10
7	--	0.624556	0.616403	8	7.13295	11
8	--	1.009117	1.566521	7	8.14207	12
7	--	1.122452	0.418318	8	8.56039	13
8	--	1.48948	1.62381	7	10.04987	14
7	--	0.448039	0.776964	6	10.49791	15
6	--	0.440616	0.475736	5	10.93853	16
5	--	0.924045	0.676115	6	11.61465	17
6	--	0.904409	0.588944	7	12.20359	18
7	--	0.538032	0.540755	6	12.74162	19
6	--	0.833484	0.571893	7	13.31351	20
7	--	0.530056	0.548181	6	13.84357	21
6	--	1.108825	0.384116	7	14.22769	22
7	--	1.072835	1.304932	6	15.30052	23
6	--	0.407835	0.582286	5	15.70836	24
5	--	0.386119	0.611743	4	16.09448	25
4	--	0.45355	0.842689	3	16.54803	26
3	--	1.004809	0.395823	4	16.94385	27
4	--	0.505448	0.445755	5	17.38961	28
5	--	0.752776	0.493622	6	17.88323	29
6	--	0.411629	0.826448	5	18.29486	30
5	--	0.331534	0.379576	4	18.62639	31
4	--	0.739301	0.534736	5	19.16113	32
5	--	0.557389	0.531388	6	19.69252	33
6	--	1.197184	0.831618	7	20.52414	34
7	--	0.601331	0.62127	6	21.12547	35
6	--	0.670256	1.005952	5	21.79573	36
5	--	0.73952	0.388127	6	22.18386	37
6	--	0.965075	0.800156	7	22.98402	38
7	--	1.09362	0.751547	8	23.73557	39
8	--	1.135194	0.98104	9	24.71661	40
9	--	1.302942	0.916387	10	25.633	41
