start i C()	t_left		t_right 	New i	Total time generation

test #0
4	--	0.567863	0.552119	5	0.55212	1
5	--	0.604725	1.143216	4	1.15684	2
4	--	0.428359	0.436406	3	1.5852	3
3	--	1.380451	0.514383	4	2.09958	4
4	--	0.696287	0.633707	5	2.73329	5
5	--	0.441272	0.742318	4	3.17456	6
4	--	0.514188	0.441648	5	3.61621	7
5	--	0.440636	1.014155	4	4.05685	8
4	--	0.454886	0.625074	3	4.51174	9
3	--	0.62192	0.663741	2	5.13366	10
2	--	0.753345	0.530408	3	5.66407	11
3	--	0.392931	0.730324	2	6.057	12
2	--	1.154865	1.420954	1	7.21187	13
1	--	1.587944	1.015941	2	8.22781	14
2	--	0.72682	0.891505	1	8.95463	15
1	--	2.16903	1.154419	2	10.10905	16
2	--	0.625766	1.320505	1	10.73482	17
1	--	1.423914	3.300235	0	12.15873	18

test #1
4	--	1.156541	1.107447	5	1.10745	1
5	--	0.60098	0.428326	6	1.53578	2
6	--	0.809203	0.779011	7	2.31479	3
7	--	0.536949	0.600921	6	2.85174	4
6	--	0.827375	0.385819	7	3.23756	5
7	--	0.860711	1.122305	6	4.09827	6
6	--	0.708459	0.534737	7	4.63301	7
7	--	0.917575	0.558672	8	5.19168	8
8	--	1.791035	0.821813	9	6.01349	9
9	--	1.040184	1.650791	8	7.05367	10
8	--	0.835715	1.713024	7	7.88938	11
7	--	0.47956	0.759511	6	8.36894	12
6	--	0.682542	1.247176	5	9.05148	13
5	--	0.535352	0.332444	6	9.38392	14
6	--	0.424775	0.885475	5	9.8087	15
5	--	1.164438	1.015892	6	10.82459	16
6	--	0.520525	0.497189	7	11.32178	17
7	--	1.267515	1.298318	6	12.58929	18
6	--	0.417111	0.426066	5	13.0064	19
5	--	0.564768	0.851177	4	13.57117	20
4	--	0.636282	0.752693	3	14.20745	21
3	--	0.539417	0.400556	4	14.60801	22
4	--	0.402955	0.350452	5	14.95846	23
5	--	0.434391	0.630064	4	15.39285	24
4	--	0.538934	0.481654	5	15.8745	25
5	--	0.451514	1.064103	4	16.32601	26
4	--	0.559959	0.958998	3	16.88597	27
3	--	1.1404	0.414626	4	17.3006	28
4	--	0.519776	0.628037	3	17.82038	29
3	--	1.156674	0.63511	4	18.45549	30
4	--	0.882943	0.7029	5	19.15839	31
5	--	0.924157	1.169119	4	20.08255	32
4	--	0.87259	1.089579	3	20.95514	33
3	--	1.121983	0.430788	4	21.38593	34
4	--	0.802053	0.419787	5	21.80572	35
5	--	0.330809	0.46856	4	22.13653	36
4	--	0.38554	0.449896	3	22.52207	37
3	--	0.398922	1.219596	2	22.92099	38
2	--	0.535203	0.643728	1	23.45619	39
1	--	1.285111	1.465832	0	24.7413	40

test #2
4	--	0.528079	0.508914	5	0.50891	1
5	--	0.631524	0.778841	4	1.14043	2
4	--	0.36378	0.551183	3	1.50421	3
3	--	0.799425	0.943054	2	2.30364	4
2	--	1.313865	1.840151	1	3.61751	5
1	--	1.773595	1.846953	0	5.39111	6

test #3
4	--	1.07961	1.233901	3	1.07961	1
3	--	0.889946	0.646706	4	1.72632	2
4	--	1.065544	0.460295	5	2.18662	3
5	--	0.635541	0.632585	6	2.8192	4
6	--	0.451983	0.785345	5	3.27118	5
5	--	0.427816	0.661917	4	3.699	6
4	--	0.386362	0.973766	3	4.08536	7
3	--	1.406579	0.843518	4	4.92888	8
4	--	1.168983	0.79582	5	5.7247	9
5	--	0.52882	0.598693	4	6.25352	10
4	--	0.488331	0.775246	3	6.74185	11
3	--	1.017713	0.980482	4	7.72233	12
4	--	0.675371	0.471203	5	8.19353	13
5	--	0.594397	0.700538	4	8.78793	14
4	--	0.575761	0.842613	3	9.36369	15
3	--	0.466189	1.313806	2	9.82988	16
2	--	1.793867	0.752437	3	10.58232	17
3	--	0.742378	0.895026	2	11.3247	18
2	--	1.595531	0.578177	3	11.90288	19
3	--	0.66052	1.09192	2	12.5634	20
2	--	1.278187	1.215391	3	13.77879	21
3	--	0.781693	0.581125	4	14.35992	22
4	--	1.053447	0.75316	5	15.11308	23
5	--	0.745942	0.387928	6	15.50101	24
6	--	0.859269	0.641339	7	16.14235	25
7	--	0.52455	0.496791	8	16.63914	26
8	--	1.547024	1.253214	9	17.89235	27
9	--	2.123446	1.668641	10	19.56099	28

test #4
4	--	0.485434	0.520131	3	0.48543	1
3	--	0.394211	0.582898	2	0.87964	2
2	--	1.09859	0.588101	3	1.46774	3
3	--	0.983143	1.089355	2	2.45088	4
2	--	1.782435	1.397545	3	3.84843	5
3	--	0.582766	1.090224	2	4.4312	6
2	--	1.204237	1.581037	1	5.63544	7
1	--	2.038664	2.522926	0	7.6741	8

test #5
4	--	0.672915	0.687526	3	0.67292	1
3	--	0.502014	0.555682	2	1.17493	2
2	--	0.604604	0.571582	3	1.74651	3
3	--	0.658651	1.171982	2	2.40516	4
2	--	0.557499	1.067295	1	2.96266	5
1	--	1.247231	2.653459	0	4.20989	6

test #6
4	--	0.58726	1.184277	3	0.58726	1
3	--	0.981456	1.137653	2	1.56872	2
2	--	0.805501	1.101205	1	2.37422	3
1	--	1.735064	2.56278	0	4.10928	4

test #7
4	--	0.817583	0.780652	5	0.78065	1
5	--	0.753194	0.811874	4	1.53384	2
4	--	1.041263	0.480904	5	2.01474	3
5	--	0.732405	0.457071	6	2.47181	4
6	--	0.791873	0.476648	7	2.94846	5
7	--	0.517772	0.683579	6	3.46623	6
6	--	0.484445	1.150951	5	3.95068	7
5	--	0.478151	1.056806	4	4.42883	8
4	--	0.496132	0.501378	3	4.92496	9
3	--	0.954366	0.413302	4	5.33826	10
4	--	0.448276	0.538746	3	5.78654	11
3	--	0.563046	0.868703	2	6.34959	12
2	--	0.841793	1.832832	1	7.19138	13
1	--	2.172462	1.61743	2	8.80881	14
2	--	1.336718	1.072756	3	9.88157	15
3	--	1.250014	0.492419	4	10.37399	16
4	--	0.847547	0.434354	5	10.80834	17
5	--	0.353514	0.684128	4	11.16185	18
4	--	1.130813	1.031461	5	12.19331	19
5	--	0.641988	1.118406	4	12.8353	20
4	--	0.692537	0.393059	5	13.22836	21
5	--	0.466028	0.419499	6	13.64786	22
6	--	0.515439	0.545514	5	14.1633	23
5	--	0.592012	0.964549	4	14.75531	24
4	--	1.225006	0.54169	5	15.297	25
5	--	0.639522	0.333805	6	15.63081	26
6	--	0.604081	0.90524	5	16.23489	27
5	--	0.523964	0.439358	6	16.67425	28
6	--	0.912485	0.807233	7	17.48148	29
7	--	0.863299	0.406622	8	17.8881	30
8	--	0.853069	1.343003	7	18.74117	31
7	--	0.97207	1.343187	6	19.71324	32
6	--	1.02636	0.7596	7	20.47284	33
7	--	1.381836	0.667106	8	21.13995	34
8	--	1.011207	1.159046	7	22.15116	35
7	--	0.604349	0.553581	8	22.70474	36
8	--	0.730584	1.496768	7	23.43532	37
7	--	1.114224	0.406719	8	23.84204	38
8	--	0.73722	0.763381	7	24.57926	39
7	--	0.725522	0.459064	8	25.03832	40
8	--	1.81073	0.604471	9	25.64279	41
9	--	2.730368	2.520264	10	28.16305	42

test #8
4	--	1.065929	0.955759	5	0.95576	1
5	--	0.463617	0.488685	4	1.41938	2
4	--	0.893689	0.86037	5	2.27975	3
5	--	0.341634	0.366504	4	2.62138	4
4	--	0.506183	0.348062	5	2.96944	5
5	--	0.695724	0.67563	6	3.64507	6
6	--	1.066131	0.389197	7	4.03427	7
7	--	1.362982	0.759148	8	4.79342	8
8	--	1.059257	1.384327	7	5.85268	9
7	--	0.704638	1.029309	6	6.55732	10
6	--	0.824001	0.582205	7	7.13952	11
7	--	0.632226	1.139601	6	7.77175	12
6	--	0.652723	0.817499	5	8.42447	13
5	--	0.444775	1.107157	4	8.86924	14
4	--	0.50025	1.161704	3	9.36949	15
3	--	0.635848	0.45989	4	9.82938	16
4	--	0.459976	0.431586	5	10.26097	17
5	--	1.193079	0.646507	6	10.90748	18
6	--	0.366118	0.548857	5	11.2736	19
5	--	0.843957	0.725787	6	11.99939	20
6	--	1.001438	0.423497	7	12.42289	21
7	--	0.6498	0.413873	8	12.83676	22
8	--	0.791242	0.750001	9	13.58676	23
9	--	3.224265	2.396938	10	15.9837	24

test #9
4	--	0.39909	0.577036	3	0.39909	1
3	--	0.964296	0.731103	4	1.13019	2
4	--	0.80152	0.701022	5	1.83121	3
5	--	1.023442	0.425864	6	2.25707	4
6	--	0.531845	0.881591	5	2.78892	5
5	--	0.503676	0.387778	6	3.1767	6
6	--	1.037863	0.972879	7	4.14958	7
7	--	0.615889	1.388657	6	4.76547	8
6	--	0.348744	0.589201	5	5.11421	9
5	--	1.028001	0.353638	6	5.46785	10
6	--	0.402759	0.627215	5	5.87061	11
5	--	0.529621	0.507603	6	6.37821	12
6	--	0.954957	1.073118	5	7.33317	13
5	--	0.635498	1.171676	4	7.96867	14
4	--	0.550077	0.549217	5	8.51789	15
5	--	0.565344	0.998095	4	9.08323	16
4	--	0.993208	0.75188	5	9.83511	17
5	--	0.533293	0.469863	6	10.30497	18
6	--	0.752124	0.953879	5	11.05709	19
5	--	1.013283	1.042465	4	12.07037	20
4	--	0.579148	1.109338	3	12.64952	21
3	--	0.979628	0.50035	4	13.14987	22
4	--	1.236451	0.881387	5	14.03126	23
5	--	0.364894	0.8194	4	14.39615	24
4	--	0.933422	0.453321	5	14.84947	25
5	--	1.117505	0.579067	6	15.42854	26
6	--	0.544575	0.349842	7	15.77838	27
7	--	0.969214	0.42251	8	16.20089	28
8	--	1.179439	0.778645	9	16.97954	29
9	--	2.516225	2.586519	8	19.49576	30
8	--	1.215347	1.637168	7	20.71111	31
7	--	0.786421	1.408785	6	21.49753	32
6	--	0.591721	0.884274	5	22.08925	33
5	--	0.493613	0.580637	4	22.58286	34
4	--	0.584873	0.491427	5	23.07429	35
5	--	1.17445	1.171914	6	24.2462	36
6	--	0.504024	0.691744	5	24.75022	37
5	--	0.945011	1.027991	4	25.69523	38
4	--	1.045919	0.782081	5	26.47731	39
5	--	0.802754	0.588498	6	27.06581	40
6	--	1.089274	0.715341	7	27.78115	41
7	--	0.619205	1.149767	6	28.40036	42
6	--	1.206611	0.800284	7	29.20064	43
7	--	0.687806	0.726589	6	29.88845	44
6	--	0.625528	0.689883	5	30.51398	45
5	--	0.553131	0.931209	4	31.06711	46
4	--	0.674715	0.91841	3	31.74182	47
3	--	1.304865	0.890688	4	32.63251	48
4	--	1.146154	0.702528	5	33.33504	49
5	--	0.71986	1.038605	4	34.0549	50
4	--	0.586929	1.179946	3	34.64183	51
3	--	1.220695	0.614548	4	35.25638	52
4	--	0.454726	0.575908	3	35.71111	53
3	--	0.444177	0.89885	2	36.15529	54
2	--	0.747044	1.732767	1	36.90233	55
1	--	2.416727	2.298491	2	39.20082	56
2	--	0.85048	0.95704	1	40.0513	57
1	--	1.212677	3.278763	0	41.26398	58

test #10
4	--	0.610505	0.417765	5	0.41776	1
5	--	0.469982	0.834014	4	0.88774	2
4	--	0.678859	1.020149	3	1.5666	3
3	--	1.235055	0.943868	4	2.51047	4
4	--	0.919311	0.352163	5	2.86263	5
5	--	1.100041	0.923053	6	3.78568	6
6	--	0.477841	0.560233	5	4.26352	7
5	--	0.522261	1.151351	4	4.78578	8
4	--	1.209424	0.46634	5	5.25212	9
5	--	0.879443	0.700527	6	5.95265	10
6	--	0.408088	1.001943	5	6.36074	11
5	--	0.791994	0.863426	4	7.15273	12
4	--	0.465142	0.968672	3	7.61787	13
3	--	0.486732	0.509824	2	8.1046	14
2	--	0.528541	1.138468	1	8.63314	15
1	--	1.58067	2.802447	0	10.21381	16

test #11
4	--	0.700756	0.710838	3	0.70076	1
3	--	0.515331	1.393532	2	1.21609	2
2	--	1.365655	1.112332	3	2.32842	3
3	--	0.856415	0.479435	4	2.80786	4
4	--	0.460603	0.679623	3	3.26846	5
3	--	0.827026	0.777483	4	4.04594	6
4	--	0.413973	0.586374	3	4.45991	7
3	--	0.689629	0.837326	2	5.14954	8
2	--	0.921074	1.274351	1	6.07061	9
1	--	2.459206	1.79804	2	7.86865	10
2	--	0.787053	0.941415	1	8.6557	11
1	--	1.02843	1.761037	0	9.68413	12

test #12
4	--	0.441276	0.404388	5	0.40439	1
5	--	1.026874	0.770534	6	1.17492	2
6	--	0.98069	0.440819	7	1.61574	3
7	--	0.741263	0.701638	8	2.31738	4
8	--	0.725315	0.720862	9	3.03824	5
9	--	2.382655	1.659416	10	4.69766	6

test #13
4	--	0.831963	0.458286	5	0.45829	1
5	--	0.970268	0.967839	6	1.42613	2
6	--	1.07803	0.698194	7	2.12432	3
7	--	0.974627	0.458057	8	2.58238	4
8	--	1.134364	0.872088	9	3.45447	5
9	--	3.013377	1.21584	10	4.67031	6

test #14
4	--	1.210319	0.623275	5	0.62328	1
5	--	0.553379	0.829531	4	1.17666	2
4	--	0.91675	0.855164	5	2.03182	3
5	--	0.843085	0.924022	4	2.8749	4
4	--	1.114114	0.486094	5	3.36099	5
5	--	0.403601	0.366233	6	3.72722	6
6	--	0.531365	0.578138	5	4.25858	7
5	--	0.522249	0.717697	4	4.78083	8
4	--	1.154456	1.055296	5	5.83613	9
5	--	1.03742	0.348865	6	6.18499	10
6	--	1.225403	1.131266	7	7.31626	11
7	--	0.43511	0.445847	6	7.75137	12
6	--	1.197346	0.356616	7	8.10799	13
7	--	0.683534	0.465438	8	8.57343	14
8	--	1.790451	1.076877	9	9.65031	15
9	--	1.224326	1.907252	8	10.87464	16
8	--	1.467041	1.000514	9	11.87515	17
9	--	2.596695	1.459725	10	13.33487	18

test #15
4	--	0.535997	1.108875	3	0.536	1
3	--	0.900472	1.162667	2	1.43647	2
2	--	1.153825	0.786012	3	2.22248	3
3	--	0.478656	0.495116	2	2.70114	4
2	--	0.551495	0.976685	1	3.25263	5
1	--	1.14362	1.481544	0	4.39625	6

test #16
4	--	0.414559	1.093216	3	0.41456	1
3	--	0.531281	1.351834	2	0.94584	2
2	--	1.223355	0.863441	3	1.80928	3
3	--	1.175076	1.165067	4	2.97435	4
4	--	0.845815	0.3575	5	3.33185	5
5	--	0.333087	0.582728	4	3.66494	6
4	--	1.033587	1.010216	5	4.67516	7
5	--	1.065893	0.649991	6	5.32515	8
6	--	0.520984	0.447269	7	5.77242	9
7	--	0.463816	0.393296	8	6.16572	10
8	--	1.195656	1.336915	7	7.36138	11
7	--	0.613978	0.785183	6	7.97536	12
6	--	0.580297	0.64052	5	8.55566	13
5	--	0.665676	0.752546	4	9.22134	14
4	--	1.124194	0.679346	5	9.90069	15
5	--	0.439145	0.820451	4	10.33984	16
4	--	0.395533	0.838654	3	10.73537	17
3	--	1.107941	0.843835	4	11.57921	18
4	--	0.559815	0.866803	3	12.13902	19
3	--	0.545216	0.885129	2	12.68424	20
2	--	0.985784	0.774167	3	13.45841	21
3	--	0.94495	0.720827	4	14.17924	22
4	--	1.22381	0.526929	5	14.70617	23
5	--	0.49875	0.877882	4	15.20492	24
4	--	0.926568	0.700582	5	15.9055	25
5	--	0.379339	0.42319	4	16.28484	26
4	--	0.549024	0.773023	3	16.83386	27
3	--	0.676764	1.24892	2	17.51062	28
2	--	0.740617	0.641308	3	18.15193	29
3	--	0.461006	1.165937	2	18.61294	30
2	--	1.505366	0.64972	3	19.26266	31
3	--	1.15108	1.16298	2	20.41374	32
2	--	1.364576	0.633093	3	21.04683	33
3	--	1.019452	1.158675	2	22.06628	34
2	--	0.98703	1.361737	1	23.05331	35
1	--	2.28259	1.924379	2	24.97769	36
2	--	0.74182	1.744645	1	25.71951	37
1	--	1.502096	3.217168	0	27.22161	38

test #17
4	--	0.357169	1.008173	3	0.35717	1
3	--	0.424939	1.334901	2	0.78211	2
2	--	0.879951	1.155421	1	1.66206	3
1	--	1.671455	2.63631	0	3.33351	4

test #18
4	--	1.226186	0.447867	5	0.44787	1
5	--	0.660278	0.487208	6	0.93508	2
6	--	1.240646	0.568648	7	1.50373	3
7	--	1.229477	1.083562	8	2.58729	4
8	--	0.788205	0.639718	9	3.22701	5
9	--	1.130334	1.883776	8	4.35734	6
8	--	0.753806	0.591878	9	4.94922	7
9	--	1.240705	2.05457	8	6.18992	8
8	--	1.362279	1.439834	7	7.5522	9
7	--	0.401224	1.25987	6	7.95342	10
6	--	0.342716	1.021359	5	8.29614	11
5	--	0.370821	0.967521	4	8.66696	12
4	--	0.35607	0.654876	3	9.02303	13
3	--	1.148326	1.239876	2	10.17136	14
2	--	1.024418	1.285259	1	11.19578	15
1	--	2.671212	1.639888	2	12.83567	16
2	--	0.732437	1.691482	1	13.56811	17
1	--	1.740645	1.253542	2	14.82165	18
2	--	1.836906	0.633121	3	15.45477	19
3	--	0.991244	0.985041	4	16.43981	20
4	--	0.413926	0.49571	3	16.85374	21
3	--	0.891677	0.979593	2	17.74542	22
2	--	0.834968	1.830902	1	18.58039	23
1	--	2.966748	2.076585	2	20.65698	24
2	--	0.542395	1.750823	1	21.19937	25
1	--	1.367052	1.945682	0	22.56642	26

test #19
4	--	0.506782	0.501708	5	0.50171	1
5	--	0.525158	0.663802	4	1.02687	2
4	--	1.012871	0.561066	5	1.58794	3
5	--	0.349309	0.973414	4	1.93725	4
4	--	0.655535	0.74049	3	2.59278	5
3	--	0.676134	0.940191	2	3.26891	6
2	--	1.002743	1.369361	1	4.27165	7
1	--	1.914913	2.727371	0	6.18656	8

test #20
4	--	0.657031	0.592222	5	0.59222	1
5	--	0.649068	1.037092	4	1.24129	2
4	--	0.5577	0.819476	3	1.79899	3
3	--	0.514463	0.632571	2	2.31345	4
2	--	1.157919	0.921079	3	3.23453	5
3	--	0.933934	0.53354	4	3.76807	6
4	--	0.4253	1.246914	3	4.19337	7
3	--	1.016076	0.956697	4	5.15007	8
4	--	0.807877	0.46923	5	5.6193	9
5	--	1.034549	1.138036	4	6.65385	10
4	--	0.641785	0.601596	5	7.25545	11
5	--	0.441478	1.097731	4	7.69693	12
4	--	1.003019	1.098507	3	8.69995	13
3	--	0.644821	0.645922	2	9.34477	14
2	--	1.295431	0.765477	3	10.11025	15
3	--	0.930424	0.500137	4	10.61039	16
4	--	0.75348	1.222101	3	11.36387	17
3	--	0.592342	0.636303	2	11.95621	18
2	--	0.657886	0.6515	3	12.60771	19
3	--	1.26601	1.221167	4	13.82888	20
4	--	0.678297	0.694379	3	14.50718	21
3	--	0.938261	1.041319	2	15.44544	22
2	--	0.854267	1.286676	1	16.29971	23
1	--	1.936269	2.823548	0	18.23598	24

test #21
4	--	0.952676	0.833737	5	0.83374	1
5	--	0.691523	0.6967	4	1.52526	2
4	--	0.502651	0.846354	3	2.02791	3
3	--	0.675439	0.722664	2	2.70335	4
2	--	0.546034	0.747799	1	3.24938	5
1	--	1.60962	1.338637	2	4.58802	6
2	--	0.7704	0.768376	3	5.3564	7
3	--	1.237561	0.688705	4	6.04511	8
4	--	1.049316	1.128298	3	7.09443	9
3	--	1.304395	0.555719	4	7.65015	10
4	--	0.932686	1.000949	3	8.58284	11
3	--	0.548428	1.179536	2	9.13127	12
2	--	1.326417	0.739027	3	9.8703	13
3	--	0.746308	0.535468	4	10.40577	14
4	--	0.821132	0.382143	5	10.78791	15
5	--	0.6316	1.054865	4	11.41951	16
4	--	0.87273	0.467147	5	11.88666	17
5	--	0.456265	0.973619	4	12.34292	18
4	--	0.993161	0.907669	5	13.25059	19
5	--	0.606204	0.383583	6	13.63417	20
6	--	1.114098	0.602828	7	14.237	21
7	--	0.751285	0.799509	6	14.98828	22
6	--	0.602865	0.660629	5	15.59114	23
5	--	0.332471	0.550007	4	15.92361	24
4	--	0.450698	0.380042	5	16.30365	25
5	--	0.51771	0.58214	4	16.82136	26
4	--	0.711988	1.008135	3	17.53335	27
3	--	1.174469	0.568268	4	18.10162	28
4	--	0.791192	0.848594	3	18.89281	29
3	--	0.484385	1.413445	2	19.3772	30
2	--	1.00881	1.493612	1	20.38601	31
1	--	2.511872	2.347134	2	22.73314	32
2	--	1.543589	0.831333	3	23.56447	33
3	--	1.389693	1.05233	4	24.6168	34
4	--	0.438454	1.009998	3	25.05525	35
3	--	0.479868	0.476799	4	25.53205	36
4	--	0.632485	0.72152	3	26.16453	37
3	--	0.998197	0.836087	4	27.00062	38
4	--	1.056338	0.993784	5	27.9944	39
5	--	0.896455	0.524892	6	28.51929	40
6	--	0.577315	0.356611	7	28.8759	41
7	--	1.142689	0.46465	8	29.34055	42
8	--	1.260545	0.547778	9	29.88833	43
9	--	1.695589	2.356824	8	31.58392	44
8	--	1.113068	1.074021	9	32.65794	45
9	--	1.660377	2.743314	8	34.31832	46
8	--	0.706255	1.312779	7	35.02457	47
7	--	0.696742	1.005454	6	35.72131	48
6	--	0.964618	0.500719	7	36.22203	49
7	--	0.845717	0.533074	8	36.7551	50
8	--	0.927207	1.092266	7	37.68231	51
7	--	0.455368	0.738318	6	38.13768	52
6	--	0.835122	1.132414	5	38.9728	53
5	--	0.461699	0.661263	4	39.4345	54
4	--	1.057595	0.80095	5	40.23545	55
5	--	0.534839	1.030942	4	40.77029	56
4	--	0.869585	0.726493	5	41.49678	57
5	--	1.14295	0.655424	6	42.1522	58
6	--	1.023093	1.016125	7	43.16832	59
7	--	1.050726	1.019195	8	44.18752	60
8	--	1.715006	0.791958	9	44.97948	61
9	--	2.354246	1.670415	10	46.64989	62

test #22
4	--	1.085186	0.880289	5	0.88029	1
5	--	1.068512	0.749263	6	1.62955	2
6	--	0.403425	0.627134	5	2.03297	3
5	--	0.602943	1.154215	4	2.63591	4
4	--	0.479844	0.972393	3	3.11575	5
3	--	0.420547	1.364965	2	3.5363	6
2	--	0.607854	1.298981	1	4.14415	7
1	--	3.083446	1.814381	2	5.95853	8
2	--	0.598545	1.037927	1	6.55707	9
1	--	1.120328	0.914941	2	7.47201	10
2	--	0.861132	0.955264	1	8.33314	11
1	--	1.375013	0.936241	2	9.26938	12
2	--	1.127362	1.560686	1	10.39674	13
1	--	1.318561	2.611977	0	11.7153	14

test #23
4	--	1.20759	0.52062	5	0.52062	1
5	--	0.42408	0.795056	4	0.9447	2
4	--	0.402984	0.669187	3	1.34768	3
3	--	0.657715	0.563941	4	1.91162	4
4	--	0.510741	1.034083	3	2.42236	5
3	--	1.022008	0.865249	4	3.28761	6
4	--	0.381023	0.552125	3	3.66863	7
3	--	0.665429	0.986314	2	4.33406	8
2	--	1.242572	1.309458	1	5.57663	9
1	--	1.53793	1.109827	2	6.68646	10
2	--	1.705497	0.943307	3	7.62977	11
3	--	0.668381	0.406695	4	8.03646	12
4	--	0.802689	0.939832	3	8.83915	13
3	--	0.59155	1.248002	2	9.4307	14
2	--	1.608535	0.607305	3	10.038	15
3	--	0.685711	0.401333	4	10.43933	16
4	--	0.989818	0.447671	5	10.887	17
5	--	0.905835	0.550573	6	11.43757	18
6	--	0.364119	0.981128	5	11.80169	19
5	--	0.903291	0.825532	6	12.62722	20
6	--	0.685792	0.776894	5	13.31301	21
5	--	0.37766	0.521957	4	13.69067	22
4	--	0.978112	0.711654	5	14.40232	23
5	--	0.470789	0.39526	6	14.79758	24
6	--	0.639607	0.95969	5	15.43719	25
5	--	0.923827	0.439946	6	15.87714	26
6	--	0.394489	0.71604	5	16.27163	27
5	--	0.526646	0.394577	6	16.66621	28
6	--	0.800345	0.44611	7	17.11232	29
7	--	1.086857	0.418544	8	17.53086	30
8	--	1.705077	0.737325	9	18.26819	31
9	--	2.233063	2.342167	8	20.50125	32
8	--	1.355166	0.647476	9	21.14873	33
9	--	1.776968	2.115408	8	22.9257	34
8	--	1.42274	0.946251	9	23.87195	35
9	--	1.172775	1.388789	8	25.04472	36
8	--	1.041696	1.214385	7	26.08642	37
7	--	0.781959	0.664254	8	26.75067	38
8	--	0.748122	0.604016	9	27.35469	39
9	--	2.464061	1.554306	10	28.909	40

test #24
4	--	0.593666	0.711938	3	0.59367	1
3	--	0.847304	0.851381	2	1.44097	2
2	--	1.640567	1.035426	3	2.4764	3
3	--	1.064779	0.415948	4	2.89235	4
4	--	1.093577	0.67816	5	3.57051	5
5	--	0.747389	0.931872	4	4.3179	6
4	--	0.757889	0.415367	5	4.73327	7
5	--	0.907915	0.870714	6	5.60398	8
6	--	0.394668	0.812589	5	5.99865	9
5	--	0.569279	1.05817	4	6.56793	10
4	--	1.01639	1.044433	3	7.58432	11
3	--	1.110859	0.684473	4	8.26879	12
4	--	0.772973	0.692447	5	8.96124	13
5	--	0.433105	0.385388	6	9.34663	14
6	--	0.521279	0.958698	5	9.86791	15
5	--	0.75845	0.730521	6	10.59843	16
6	--	0.891489	0.815755	7	11.41419	17
7	--	0.883499	0.940334	6	12.29769	18
6	--	0.43601	0.903795	5	12.7337	19
5	--	0.562969	0.951146	4	13.29667	20
4	--	0.671251	0.417446	5	13.71412	21
5	--	0.491521	0.660157	4	14.20564	22
4	--	0.958189	0.921567	5	15.12721	23
5	--	0.625463	0.726309	4	15.75267	24
4	--	0.512601	0.666754	3	16.26527	25
3	--	0.76458	1.018024	2	17.02985	26
2	--	1.003374	0.777614	3	17.80746	27
3	--	0.486229	0.714359	2	18.29369	28
2	--	0.518594	1.305348	1	18.81228	29
1	--	1.372696	1.21562	2	20.0279	30
2	--	0.816834	1.292569	1	20.84473	31
1	--	1.341136	3.270199	0	22.18587	32

test #25
4	--	0.432677	0.411294	5	0.41129	1
5	--	0.584068	0.605028	4	0.99536	2
4	--	0.555593	0.885725	3	1.55095	3
3	--	0.603314	0.846128	2	2.15426	4
2	--	1.00828	0.686606	3	2.84087	5
3	--	0.882404	1.027626	2	3.72327	6
2	--	0.868822	1.263087	1	4.59209	7
1	--	1.637341	3.307869	0	6.22943	8

test #26
4	--	0.697278	0.52785	5	0.52785	1
5	--	0.845246	0.406303	6	0.93415	2
6	--	1.228037	1.245988	5	2.16219	3
5	--	0.412461	0.486807	4	2.57465	4
4	--	0.759478	0.492882	5	3.06753	5
5	--	0.704255	0.371652	6	3.43918	6
6	--	0.518652	0.676289	5	3.95783	7
5	--	1.171555	0.708472	6	4.6663	8
6	--	0.434098	1.160334	5	5.1004	9
5	--	0.68625	0.669484	6	5.76988	10
6	--	0.657247	0.382119	7	6.152	11
7	--	0.950021	0.79573	8	6.94773	12
8	--	0.840401	1.523501	7	7.78813	13
7	--	0.898541	0.868604	8	8.65673	14
8	--	0.866861	0.952639	7	9.52359	15
7	--	0.480469	0.547418	6	10.00406	16
6	--	0.518092	0.516421	7	10.52048	17
7	--	0.835848	0.733075	8	11.25356	18
8	--	1.277129	0.529345	9	11.7829	19
9	--	1.041831	1.226112	8	12.82473	20
8	--	0.784889	1.855901	7	13.60962	21
7	--	0.591612	0.900411	6	14.20123	22
6	--	1.135875	0.422033	7	14.62326	23
7	--	0.534886	0.660002	6	15.15815	24
6	--	1.207394	0.372015	7	15.53016	25
7	--	0.933437	0.708747	8	16.23891	26
8	--	0.780468	1.208844	7	17.01938	27
7	--	0.63966	0.977734	6	17.65904	28
6	--	0.376772	1.009916	5	18.03581	29
5	--	0.671586	1.09066	4	18.7074	30
4	--	0.45959	0.947563	3	19.16699	31
3	--	0.884303	1.105445	2	20.05129	32
2	--	0.945276	1.2398	1	20.99657	33
1	--	1.738876	2.035641	0	22.73545	34

test #27
4	--	0.403511	0.359083	5	0.35908	1
5	--	0.389686	0.557633	4	0.74877	2
4	--	0.378349	0.828898	3	1.12712	3
3	--	0.635953	0.422144	4	1.54926	4
4	--	0.704236	0.626542	5	2.1758	5
5	--	1.08005	0.971784	6	3.14758	6
6	--	0.847111	0.744039	7	3.89162	7
7	--	0.413197	0.422722	6	4.30482	8
6	--	0.458215	0.394837	7	4.69966	9
7	--	1.066427	1.259252	6	5.76609	10
6	--	1.181232	1.148273	7	6.91436	11
7	--	0.627184	0.966377	6	7.54154	12
6	--	0.50275	0.84178	5	8.04429	13
5	--	0.888257	0.996971	4	8.93255	14
4	--	1.121776	0.727388	5	9.65994	15
5	--	0.398219	1.019728	4	10.05816	16
4	--	0.616999	0.764365	3	10.67516	17
3	--	0.652948	0.710214	2	11.32811	18
2	--	1.344898	1.361168	1	12.67301	19
1	--	3.058762	1.501967	2	14.17498	20
2	--	1.45803	1.143349	3	15.31833	21
3	--	1.232851	1.374382	2	16.55118	22
2	--	0.85144	1.159574	1	17.40262	23
1	--	0.993485	2.428698	0	18.3961	24

test #28
4	--	0.562897	0.96077	3	0.5629	1
3	--	0.690697	0.422139	4	0.98504	2
4	--	0.573895	0.659445	3	1.55894	3
3	--	0.440796	0.758491	2	1.99974	4
2	--	0.938854	0.646257	3	2.646	5
3	--	0.398735	0.74423	2	3.04474	6
2	--	1.335293	0.714767	3	3.75951	7
3	--	0.685359	0.462276	4	4.22179	8
4	--	0.386446	0.967197	3	4.60824	9
3	--	0.524078	0.400106	4	5.00835	10
4	--	0.514292	0.73522	3	5.52264	11
3	--	0.644366	0.918953	2	6.16701	12
2	--	0.538602	1.830691	1	6.70561	13
1	--	2.70473	2.114476	2	8.82009	14
2	--	1.262191	1.761989	1	10.08228	15
1	--	1.770901	2.103195	0	11.85318	16

test #29
4	--	0.577283	0.785743	3	0.57728	1
3	--	0.758433	0.664573	4	1.24185	2
4	--	0.628829	0.792356	3	1.87068	3
3	--	0.788879	0.493438	4	2.36412	4
4	--	0.362638	0.698448	3	2.72676	5
3	--	0.773414	1.072639	2	3.50017	6
2	--	0.64432	0.53907	3	4.03924	7
3	--	0.580003	0.516085	4	4.55533	8
4	--	1.147858	0.882899	5	5.43823	9
5	--	0.446885	0.543163	4	5.88511	10
4	--	0.749406	0.610169	5	6.49528	11
5	--	0.386684	0.678481	4	6.88196	12
4	--	1.242052	0.66399	5	7.54595	13
5	--	0.718818	0.645842	6	8.19179	14
6	--	0.797331	0.467139	7	8.65893	15
7	--	1.261076	0.422303	8	9.08123	16
8	--	0.980073	1.543123	7	10.0613	17
7	--	1.086409	0.467832	8	10.52913	18
8	--	1.00243	1.220837	7	11.53156	19
7	--	0.755523	0.54237	8	12.07393	20
8	--	1.61069	0.58363	9	12.65756	21
9	--	1.969144	1.872393	10	14.52995	22

test #30
4	--	0.816757	0.496185	5	0.49618	1
5	--	0.711962	0.531198	6	1.02738	2
6	--	0.843385	0.561256	7	1.58864	3
7	--	1.011986	1.28625	6	2.60063	4
6	--	0.37022	0.477585	5	2.97085	5
5	--	0.873711	0.414711	6	3.38556	6
6	--	0.345763	0.633457	5	3.73132	7
5	--	0.685144	0.557659	6	4.28898	8
6	--	0.437157	0.923929	5	4.72614	9
5	--	0.804165	0.43403	6	5.16017	10
6	--	0.392315	0.564631	5	5.55249	11
5	--	0.50636	1.056344	4	6.05885	12
4	--	0.697517	1.160453	3	6.75637	13
3	--	0.865097	1.045546	2	7.62147	14
2	--	1.265577	0.856247	3	8.47772	15
3	--	0.799587	0.829459	2	9.27731	16
2	--	1.041473	1.08377	1	10.31878	17
1	--	2.561829	0.960357	2	11.27914	18
2	--	0.990786	1.328331	1	12.26993	19
1	--	1.045233	1.439671	0	13.31516	20

test #31
4	--	0.883677	0.434269	5	0.43427	1
5	--	1.090297	0.773691	6	1.20796	2
6	--	1.038698	1.208633	5	2.24666	3
5	--	0.610676	0.831918	4	2.85734	4
4	--	0.984654	0.78497	5	3.64231	5
5	--	0.416295	0.748283	4	4.05861	6
4	--	0.365984	0.734444	3	4.42459	7
3	--	0.695423	1.1072	2	5.12001	8
2	--	1.590355	0.793768	3	5.91378	9
3	--	1.01099	1.275955	2	6.92477	10
2	--	1.712009	1.286432	3	8.2112	11
3	--	1.213151	0.458928	4	8.67013	12
4	--	0.794117	0.7144	5	9.38453	13
5	--	0.720265	0.466658	6	9.85119	14
6	--	0.392894	0.850326	5	10.24408	15
5	--	0.854425	1.164611	4	11.0985	16
4	--	0.973139	0.531743	5	11.63024	17
5	--	0.648721	0.709443	4	12.27896	18
4	--	1.067098	1.110372	3	13.34606	19
3	--	0.958976	1.076734	2	14.30504	20
2	--	0.765653	0.70714	3	15.01218	21
3	--	1.352762	1.230061	4	16.24224	22
4	--	1.086369	1.114262	3	17.32861	23
3	--	0.48664	0.978312	2	17.81525	24
2	--	1.074803	0.830009	3	18.64526	25
3	--	0.400697	0.657004	2	19.04596	26
2	--	1.101886	0.661565	3	19.70752	27
3	--	0.596413	0.681621	2	20.30393	28
2	--	0.521098	1.768133	1	20.82503	29
1	--	1.018022	2.23372	0	21.84305	30

test #32
4	--	0.790787	0.637871	5	0.63787	1
5	--	0.533034	0.475007	6	1.11288	2
6	--	0.822157	0.836395	5	1.93504	3
5	--	1.012837	0.554044	6	2.48908	4
6	--	0.895176	1.092584	5	3.38426	5
5	--	0.763198	0.701741	6	4.086	6
6	--	0.572172	0.618272	5	4.65817	7
5	--	0.564383	0.623751	4	5.22255	8
4	--	0.850417	0.344841	5	5.56739	9
5	--	0.692146	0.385502	6	5.95289	10
6	--	0.444699	0.532115	5	6.39759	11
5	--	0.378773	0.66131	4	6.77636	12
4	--	0.346179	0.487737	3	7.12254	13
3	--	0.758695	0.580186	4	7.70273	14
4	--	0.545333	1.021055	3	8.24806	15
3	--	0.575966	0.564265	4	8.81233	16
4	--	0.649349	0.566634	5	9.37896	17
5	--	0.883982	0.661289	6	10.04025	18
6	--	0.761213	0.535326	7	10.57558	19
7	--	0.750663	1.092562	6	11.32624	20
6	--	0.7598	0.546747	7	11.87299	21
7	--	0.928954	0.896324	8	12.76931	22
8	--	1.354421	1.256522	9	14.02583	23
9	--	2.067827	3.273355	8	16.09366	24
8	--	1.449386	0.74422	9	16.83788	25
9	--	1.149947	0.982953	10	17.82083	26

test #33
4	--	0.470853	0.480145	3	0.47085	1
3	--	0.91021	1.372348	2	1.38106	2
2	--	0.595142	1.691804	1	1.9762	3
1	--	1.179406	1.944901	0	3.15561	4

test #34
4	--	0.86524	0.365632	5	0.36563	1
5	--	0.482632	0.479029	6	0.84466	2
6	--	0.690463	1.02849	5	1.53512	3
5	--	0.514502	0.741209	4	2.04962	4
4	--	0.434698	0.639781	3	2.48432	5
3	--	0.778824	0.919118	2	3.26314	6
2	--	0.513464	1.807963	1	3.7766	7
1	--	2.403657	1.367477	2	5.14408	8
2	--	1.248299	0.900241	3	6.04432	9
3	--	0.399913	0.531574	2	6.44423	10
2	--	1.153542	0.611912	3	7.05614	11
3	--	1.397266	0.430909	4	7.48705	12
4	--	0.421159	0.547152	3	7.90821	13
3	--	1.090349	0.799329	4	8.70754	14
4	--	0.42406	0.835711	3	9.1316	15
3	--	0.514202	0.465448	4	9.59705	16
4	--	0.938087	0.469361	5	10.06641	17
5	--	0.585575	0.778518	4	10.65198	18
4	--	0.587729	0.77879	3	11.23971	19
3	--	1.346672	0.724654	4	11.96436	20
4	--	0.667818	0.656607	5	12.62097	21
5	--	1.167702	0.958425	6	13.57939	22
6	--	0.98034	1.029634	5	14.55973	23
5	--	0.800381	0.766923	6	15.32665	24
6	--	0.629829	0.665975	5	15.95648	25
5	--	0.407233	0.524303	4	16.36371	26
4	--	0.552176	1.238776	3	16.91589	27
3	--	0.983482	0.890138	4	17.80603	28
4	--	0.996261	0.575723	5	18.38175	29
5	--	0.535947	0.441669	6	18.82342	30
6	--	0.943218	0.953201	5	19.76664	31
5	--	0.478265	0.523093	4	20.2449	32
4	--	1.106281	0.393353	5	20.63825	33
5	--	1.13594	0.623217	6	21.26147	34
6	--	0.687966	1.202587	5	21.94944	35
5	--	0.515706	0.549754	4	22.46515	36
4	--	0.516243	0.465633	5	22.93078	37
5	--	0.568807	0.441303	6	23.37208	38
6	--	0.603832	0.52151	7	23.89359	39
7	--	0.748297	0.469826	8	24.36342	40
8	--	1.122076	0.697608	9	25.06103	41
9	--	1.731722	1.352301	10	26.41333	42

test #35
4	--	0.796069	0.342714	5	0.34271	1
5	--	1.177646	0.807574	6	1.15028	2
6	--	0.35928	0.768665	5	1.50956	3
5	--	0.942017	0.780879	6	2.29044	4
6	--	0.342926	1.153106	5	2.63337	5
5	--	0.725256	0.731013	4	3.35863	6
4	--	0.6769	1.07267	3	4.03553	7
3	--	0.852543	1.281297	2	4.88807	8
2	--	0.753583	0.798371	1	5.64165	9
1	--	1.50456	1.208483	2	6.85013	10
2	--	1.063171	1.180086	1	7.9133	11
1	--	2.114699	3.161459	0	10.028	12

test #36
4	--	0.968756	0.748883	5	0.74888	1
5	--	0.702648	0.708765	4	1.45153	2
4	--	0.780691	0.447974	5	1.8995	3
5	--	0.363358	0.389275	4	2.26286	4
4	--	1.123117	0.869788	5	3.13265	5
5	--	0.455195	0.762269	4	3.58785	6
4	--	0.467869	0.712822	3	4.05572	7
3	--	0.672522	0.519638	4	4.57536	8
4	--	1.028671	0.529105	5	5.10447	9
5	--	0.345095	0.858661	4	5.44956	10
4	--	0.538459	0.988615	3	5.98802	11
3	--	0.656492	1.34329	2	6.64451	12
2	--	0.753724	1.526474	1	7.39823	13
1	--	1.676409	2.438278	0	9.07464	14

test #37
4	--	1.155437	0.918576	5	0.91858	1
5	--	0.897138	0.643584	6	1.56216	2
6	--	0.955182	0.44824	7	2.0104	3
7	--	0.403877	1.396955	6	2.41428	4
6	--	0.650548	1.22178	5	3.06483	5
5	--	0.568431	0.738867	4	3.63326	6
4	--	1.02622	0.401335	5	4.03459	7
5	--	0.888517	0.502529	6	4.53712	8
6	--	1.193588	0.471955	7	5.00908	9
7	--	0.77898	0.989176	6	5.78806	10
6	--	0.520705	0.571756	5	6.30876	11
5	--	0.449874	0.52011	4	6.75863	12
4	--	1.19432	0.691828	5	7.45046	13
5	--	0.336115	0.8434	4	7.78657	14
4	--	0.441795	0.405035	5	8.1916	15
5	--	1.086783	1.102787	4	9.27838	16
4	--	0.519112	0.8608	3	9.79749	17
3	--	0.69216	0.590601	4	10.38809	18
4	--	0.35442	0.569657	3	10.74251	19
3	--	0.630441	0.655148	2	11.37295	20
2	--	0.656953	0.655624	3	12.02857	21
3	--	0.918997	0.815304	4	12.84387	22
4	--	0.956655	0.520031	5	13.3639	23
5	--	1.030087	0.953071	6	14.31697	24
6	--	1.029922	0.580316	7	14.89729	25
7	--	0.491185	1.085848	6	15.38847	26
6	--	1.002515	0.552681	7	15.94115	27
7	--	0.773779	0.562864	8	16.50401	28
8	--	0.712832	0.867248	7	17.21684	29
7	--	0.580368	0.471287	8	17.68813	30
8	--	0.78365	1.141657	7	18.47178	31
7	--	0.678189	0.557701	8	19.02948	32
8	--	0.909621	1.284008	7	19.9391	33
7	--	0.484851	0.718604	6	20.42395	34
6	--	0.732116	0.358288	7	20.78224	35
7	--	1.008144	0.407431	8	21.18967	36
8	--	0.805295	1.501237	7	21.99496	37
7	--	0.46803	1.367161	6	22.46299	38
6	--	0.527669	1.20363	5	22.99066	39
5	--	0.803023	0.339924	6	23.33058	40
6	--	0.529425	0.809045	5	23.86001	41
5	--	0.404798	1.113442	4	24.26481	42
4	--	1.071479	1.033486	5	25.2983	43
5	--	0.541098	1.11463	4	25.8394	44
4	--	0.69625	0.404399	5	26.2438	45
5	--	0.577943	0.932966	4	26.82174	46
4	--	0.59881	0.604503	3	27.42055	47
3	--	0.552778	0.421656	4	27.84221	48
4	--	0.454102	0.946718	3	28.29631	49
3	--	0.548176	1.254249	2	28.84449	50
2	--	1.270005	0.882543	3	29.72703	51
3	--	0.957941	0.956406	4	30.68344	52
4	--	0.844429	0.385161	5	31.0686	53
5	--	0.450614	0.418918	6	31.48752	54
6	--	0.470017	0.610191	5	31.95754	55
5	--	0.569045	0.64757	4	32.52659	56
4	--	0.37733	0.811238	3	32.90392	57
3	--	0.642651	1.266864	2	33.54657	58
2	--	1.441752	1.827381	1	34.98832	59
1	--	1.434835	0.939555	2	35.92788	60
2	--	1.371731	0.71943	3	36.64731	61
3	--	0.929167	0.395537	4	37.04285	62
4	--	0.486447	0.574839	3	37.5293	63
3	--	0.513643	0.570239	2	38.04294	64
2	--	0.98908	0.868444	3	38.91138	65
3	--	0.635308	0.838889	2	39.54669	66
2	--	1.4782	0.902059	3	40.44875	67
3	--	0.708623	0.908602	2	41.15737	68
2	--	0.666348	1.561011	1	41.82372	69
1	--	2.314464	1.403563	2	43.22728	70
2	--	0.58159	1.123128	1	43.80887	71
1	--	0.928246	2.908076	0	44.73712	72

test #38
4	--	1.037073	0.633657	5	0.63366	1
5	--	0.37212	0.333605	6	0.96726	2
6	--	0.924739	0.725794	7	1.69305	3
7	--	0.588597	0.662391	6	2.28165	4
6	--	0.413196	0.409257	7	2.69091	5
7	--	1.175715	1.174502	8	3.86541	6
8	--	0.623845	0.845741	7	4.48925	7
7	--	0.67788	0.414038	8	4.90329	8
8	--	1.069731	1.695772	7	5.97302	9
7	--	0.749781	0.915432	6	6.7228	10
6	--	0.375367	0.470566	5	7.09817	11
5	--	0.587277	1.176423	4	7.68545	12
4	--	0.729478	0.530441	5	8.21589	13
5	--	0.541106	1.118361	4	8.757	14
4	--	0.959281	0.360786	5	9.11779	15
5	--	0.471847	0.70803	4	9.58964	16
4	--	0.912989	0.909371	5	10.49901	17
5	--	1.004515	0.763642	6	11.26265	18
6	--	1.05401	0.369527	7	11.63218	19
7	--	0.424359	0.428904	6	12.05654	20
6	--	1.208392	0.864281	7	12.92082	21
7	--	0.504131	0.921236	6	13.42495	22
6	--	0.397886	0.365106	7	13.79006	23
7	--	0.656878	0.663209	6	14.44694	24
6	--	0.978996	0.649296	7	15.09624	25
7	--	0.941662	1.155468	6	16.0379	26
6	--	0.537989	0.411071	7	16.44897	27
7	--	0.784625	0.644189	8	17.09316	28
8	--	1.569063	1.104468	9	18.19763	29
9	--	1.295692	2.503058	8	19.49332	30
8	--	0.647873	0.573132	9	20.06645	31
9	--	2.276483	2.66628	8	22.34293	32
8	--	1.186602	1.044083	9	23.38701	33
9	--	1.930801	1.366656	10	24.75367	34

test #39
4	--	0.556958	0.943373	3	0.55696	1
3	--	0.406899	1.023732	2	0.96386	2
2	--	0.529606	1.318886	1	1.49347	3
1	--	2.938974	1.633122	2	3.12659	4
2	--	0.592232	1.423474	1	3.71882	5
1	--	1.935335	2.4466	0	5.65416	6

test #40
4	--	0.948636	0.90166	5	0.90166	1
5	--	0.958505	1.01015	4	1.86017	2
4	--	1.067243	0.743711	5	2.60388	3
5	--	0.925839	0.494338	6	3.09822	4
6	--	0.503148	1.228192	5	3.60137	5
5	--	0.796341	1.119498	4	4.39771	6
4	--	0.813157	0.740291	5	5.138	7
5	--	0.449534	0.864893	4	5.58753	8
4	--	0.503832	0.388225	5	5.97575	9
5	--	0.88282	0.599268	6	6.57502	10
6	--	0.820958	0.697612	7	7.27263	11
7	--	0.674129	0.786124	6	7.94676	12
6	--	0.779424	0.931548	5	8.72618	13
5	--	0.997419	0.790496	6	9.51668	14
6	--	0.661988	0.579924	7	10.0966	15
7	--	0.901505	1.019938	6	10.99811	16
6	--	0.477463	0.84368	5	11.47557	17
5	--	0.894515	0.689668	6	12.16524	18
6	--	1.159832	0.674611	7	12.83985	19
7	--	0.669042	1.34228	6	13.50889	20
6	--	1.169078	0.480023	7	13.98891	21
7	--	0.863238	0.57291	8	14.56182	22
8	--	1.863643	1.101932	9	15.66375	23
9	--	2.824886	1.570466	10	17.23422	24

test #41
4	--	0.696359	0.669945	5	0.66995	1
5	--	0.818058	0.418576	6	1.08853	2
6	--	0.349951	0.644529	5	1.43848	3
5	--	0.805297	0.665335	6	2.10382	4
6	--	0.556436	0.418766	7	2.52259	5
7	--	0.485378	1.07704	6	3.00797	6
6	--	0.77075	0.937963	5	3.77872	7
5	--	0.790768	0.454033	6	4.23275	8
6	--	1.14756	0.565938	7	4.79869	9
7	--	0.481015	0.416414	8	5.2151	10
8	--	1.164571	0.551082	9	5.76618	11
9	--	0.987073	2.444468	8	6.75325	12
8	--	1.329801	1.246384	9	7.99963	13
9	--	2.255226	1.769727	10	9.76936	14

test #42
4	--	0.451271	0.545262	3	0.45127	1
3	--	0.801923	1.026161	2	1.25319	2
2	--	1.388372	1.431799	1	2.64156	3
1	--	3.301313	1.304867	2	3.94643	4
2	--	0.868182	1.000595	1	4.81461	5
1	--	1.024668	1.35119	0	5.83928	6

test #43
4	--	0.667229	0.42073	5	0.42073	1
5	--	0.67472	0.824284	4	1.09545	2
4	--	0.790165	0.835358	3	1.88562	3
3	--	1.004333	0.805497	4	2.69112	4
4	--	0.852137	0.957787	3	3.54326	5
3	--	0.642179	0.438905	4	3.98216	6
4	--	0.645199	0.778524	3	4.62736	7
3	--	1.410777	0.736301	4	5.36366	8
4	--	0.752603	0.639279	5	6.00294	9
5	--	0.834979	1.084688	4	6.83792	10
4	--	0.659929	0.763459	3	7.49785	11
3	--	1.108777	0.597037	4	8.09489	12
4	--	0.523887	0.598337	3	8.61878	13
3	--	0.430227	0.801377	2	9.04901	14
2	--	1.029182	0.637581	3	9.68659	15
3	--	0.433588	0.793443	2	10.12018	16
2	--	0.750208	1.24497	1	10.87039	17
1	--	2.661782	1.942697	2	12.81309	18
2	--	1.334856	0.605885	3	13.41898	19
3	--	1.177436	0.631761	4	14.05074	20
4	--	1.172222	0.507837	5	14.55858	21
5	--	1.005862	0.805708	6	15.36429	22
6	--	0.898551	0.713585	7	16.07788	23
7	--	0.9864	0.536445	8	16.61432	24
8	--	1.241876	0.776007	9	17.39033	25
9	--	2.379082	2.008986	10	19.39932	26

test #44
4	--	0.428065	0.40815	5	0.40815	1
5	--	0.881573	0.344883	6	0.75303	2
6	--	0.56709	0.969473	5	1.32012	3
5	--	0.811444	0.441176	6	1.7613	4
6	--	0.645258	1.191381	5	2.40656	5
5	--	0.380485	0.363432	6	2.76999	6
6	--	0.349764	0.438484	5	3.11975	7
5	--	1.033151	0.552345	6	3.67209	8
6	--	0.411625	0.374705	7	4.0468	9
7	--	0.837444	0.637609	8	4.68441	10
8	--	1.636323	0.912001	9	5.59641	11
9	--	2.505809	1.282943	10	6.87935	12

test #45
4	--	0.356569	0.529883	3	0.35657	1
3	--	0.645016	0.469498	4	0.82607	2
4	--	0.399895	0.607861	3	1.22597	3
3	--	0.498396	1.144823	2	1.72437	4
2	--	0.962292	0.99888	1	2.68666	5
1	--	2.750448	1.103713	2	3.79037	6
2	--	0.659936	0.620325	3	4.4107	7
3	--	1.027448	1.153785	2	5.43815	8
2	--	1.349909	0.854964	3	6.29311	9
3	--	0.816179	0.880501	2	7.10929	10
2	--	0.614445	1.232885	1	7.72374	11
1	--	1.701387	1.471333	2	9.19507	12
2	--	1.09385	1.181986	1	10.28892	13
1	--	2.363036	1.05506	2	11.34398	14
2	--	0.727656	1.521842	1	12.07164	15
1	--	2.784954	3.178779	0	14.85659	16

test #46
4	--	1.107073	0.973789	5	0.97379	1
5	--	0.95162	0.458006	6	1.4318	2
6	--	0.497143	0.809811	5	1.92894	3
5	--	0.656809	0.622046	6	2.55099	4
6	--	0.855265	0.447308	7	2.9983	5
7	--	0.863137	0.780112	8	3.77841	6
8	--	1.364116	0.946591	9	4.725	7
9	--	1.348049	2.137807	8	6.07305	8
8	--	0.661296	0.89086	7	6.73435	9
7	--	0.451255	0.545131	6	7.18561	10
6	--	0.942292	0.767977	7	7.95359	11
7	--	0.754521	0.673288	8	8.62688	12
8	--	0.687598	1.712576	7	9.31448	13
7	--	0.467807	0.487582	6	9.78229	14
6	--	0.694912	1.162801	5	10.4772	15
5	--	0.424251	0.337413	6	10.81461	16
6	--	0.342719	0.527703	5	11.15733	17
5	--	0.396468	0.630316	4	11.5538	18
4	--	1.16456	0.346788	5	11.90059	19
5	--	0.636128	0.341256	6	12.24185	20
6	--	1.166604	0.684358	7	12.92621	21
7	--	1.285728	0.864152	8	13.79036	22
8	--	1.536317	0.711407	9	14.50177	23
9	--	2.197702	1.527535	10	16.02931	24

test #47
4	--	0.794064	0.840755	3	0.79406	1
3	--	0.398266	0.950932	2	1.19233	2
2	--	0.704225	0.766205	1	1.89655	3
1	--	1.4154	1.832749	0	3.31195	4

test #48
4	--	1.108008	0.80731	5	0.80731	1
5	--	0.340283	0.707791	4	1.14759	2
4	--	0.909445	0.97214	3	2.05703	3
3	--	0.654669	0.53176	4	2.58879	4
4	--	0.354056	0.885735	3	2.94285	5
3	--	0.548265	0.555055	2	3.49112	6
2	--	0.655251	1.223079	1	4.14637	7
1	--	1.951933	1.884561	2	6.03093	8
2	--	0.680163	0.601663	3	6.63259	9
3	--	0.991287	1.123886	2	7.62388	10
2	--	1.847832	0.906256	3	8.53014	11
3	--	0.606068	0.946645	2	9.13621	12
2	--	1.260115	0.570971	3	9.70718	13
3	--	0.975668	1.03611	2	10.68285	14
2	--	1.131251	0.523114	3	11.20596	15
3	--	1.23101	0.45277	4	11.65873	16
4	--	0.964834	0.408491	5	12.06722	17
5	--	0.808343	0.907099	4	12.87556	18
4	--	0.456698	0.390469	5	13.26603	19
5	--	0.619563	0.3334	6	13.59943	20
6	--	0.466393	0.63192	5	14.06582	21
5	--	0.625744	0.584022	6	14.64984	22
6	--	0.824434	0.895122	5	15.47427	23
5	--	0.340414	1.022276	4	15.81468	24
4	--	1.221886	0.630092	5	16.44477	25
5	--	0.440456	0.792066	4	16.88523	26
4	--	0.602781	0.363117	5	17.24835	27
5	--	0.348214	0.367788	4	17.59656	28
4	--	0.367943	0.673083	3	17.9645	29
3	--	1.40387	0.436786	4	18.40129	30
4	--	0.532659	0.500068	5	18.90136	31
5	--	0.955956	1.050832	4	19.85732	32
4	--	0.675299	0.418568	5	20.27589	33
5	--	0.72241	0.749927	4	20.9983	34
4	--	0.530386	0.40071	5	21.39901	35
5	--	0.429103	1.189323	4	21.82811	36
4	--	0.649524	0.748738	3	22.47763	37
3	--	0.707126	1.378708	2	23.18476	38
2	--	0.905913	1.530272	1	24.09067	39
1	--	0.972394	1.248587	0	25.06306	40

test #49
4	--	0.636968	0.612047	5	0.61205	1
5	--	0.50198	1.109409	4	1.11403	2
4	--	0.400907	0.64608	3	1.51494	3
3	--	0.671492	0.435844	4	1.95078	4
4	--	0.45982	0.408817	5	2.3596	5
5	--	0.965481	1.008274	4	3.32508	6
4	--	0.655768	0.562266	5	3.88735	7
5	--	0.368093	0.901552	4	4.25544	8
4	--	0.814956	0.63718	5	4.89262	9
5	--	1.029888	0.615875	6	5.50849	10
6	--	1.085211	0.87147	7	6.37996	11
7	--	0.658074	1.104282	6	7.03803	12
6	--	0.625009	1.027473	5	7.66304	13
5	--	0.511206	0.421553	6	8.08459	14
6	--	0.932883	0.574702	7	8.65929	15
7	--	0.767241	1.141586	6	9.42653	16
6	--	0.775075	1.126113	5	10.2016	17
5	--	0.765155	0.798484	4	10.96676	18
4	--	0.947712	0.472655	5	11.43941	19
5	--	0.986435	0.387438	6	11.82685	20
6	--	0.488994	0.678633	5	12.31584	21
5	--	0.954163	1.02526	4	13.27	22
4	--	0.773247	1.10383	3	14.04325	23
3	--	0.932842	0.566831	4	14.61008	24
4	--	0.788611	1.04546	3	15.39869	25
3	--	1.315852	0.553789	4	15.95248	26
4	--	0.497631	0.691544	3	16.45011	27
3	--	0.915845	1.293808	2	17.36596	28
2	--	0.648957	1.612481	1	18.01492	29
1	--	1.594013	2.433889	0	19.60893	30

test #50
4	--	0.796419	0.607363	5	0.60736	1
5	--	0.759709	0.737781	6	1.34514	2
6	--	0.772009	0.717232	7	2.06237	3
7	--	1.165679	0.828993	8	2.89136	4
8	--	0.873538	1.723519	7	3.7649	5
7	--	1.204942	0.876908	8	4.64181	6
8	--	1.459782	0.938801	9	5.58061	7
9	--	1.95962	1.277744	10	6.85835	8

test #51
4	--	1.144155	0.417899	5	0.4179	1
5	--	0.984949	0.359407	6	0.77731	2
6	--	0.831992	0.388455	7	1.16576	3
7	--	0.433993	1.248949	6	1.59975	4
6	--	0.806439	1.036679	5	2.40619	5
5	--	1.09326	0.748089	6	3.15428	6
6	--	0.979212	0.495562	7	3.64984	7
7	--	1.232464	0.660943	8	4.31078	8
8	--	1.467182	1.269431	9	5.58021	9
9	--	1.749781	2.571425	8	7.32999	10
8	--	0.719085	0.532955	9	7.86294	11
9	--	2.076835	2.718473	8	9.93977	12
8	--	0.593398	0.759226	7	10.53317	13
7	--	0.433619	1.03811	6	10.96679	14
6	--	0.365256	1.044844	5	11.33205	15
5	--	0.668849	0.496216	6	11.82827	16
6	--	1.022108	0.860525	7	12.68879	17
7	--	0.71515	0.891338	6	13.40394	18
6	--	0.603182	1.188779	5	14.00712	19
5	--	0.461229	1.052707	4	14.46835	20
4	--	0.345835	0.343948	5	14.8123	21
5	--	0.913685	0.96281	4	15.72598	22
4	--	0.770851	0.9853	3	16.49683	23
3	--	0.938253	0.471833	4	16.96866	24
4	--	0.38862	0.435744	3	17.35728	25
3	--	1.204182	0.746279	4	18.10356	26
4	--	0.917209	1.011946	3	19.02077	27
3	--	0.484504	0.508513	2	19.50527	28
2	--	0.953424	0.598228	3	20.1035	29
3	--	0.757813	1.081552	2	20.86131	30
2	--	1.387362	1.472324	1	22.24867	31
1	--	2.99148	2.199648	2	24.44832	32
2	--	1.638422	1.219681	3	25.668	33
3	--	0.831547	0.603903	4	26.2719	34
4	--	0.367702	0.545475	3	26.6396	35
3	--	1.053639	0.686678	4	27.32628	36
4	--	0.756292	0.650745	5	27.97703	37
5	--	0.347224	1.015267	4	28.32425	38
4	--	0.769908	0.433424	5	28.75767	39
5	--	0.85514	0.557336	6	29.31501	40
6	--	0.599837	0.538533	7	29.85354	41
7	--	0.554976	0.962264	6	30.40852	42
6	--	0.647142	0.493893	7	30.90241	43
7	--	1.15249	0.691944	8	31.59435	44
8	--	0.822835	1.378809	7	32.41718	45
7	--	1.267451	1.011213	8	33.42839	46
8	--	0.753055	0.898355	7	34.18145	47
7	--	0.75172	0.452109	8	34.63356	48
8	--	0.750644	0.982335	7	35.3842	49
7	--	0.684929	0.992981	6	36.06913	50
6	--	1.079369	0.740732	7	36.80986	51
7	--	0.534869	0.542479	6	37.34473	52
6	--	0.393682	0.910218	5	37.73841	53
5	--	0.438218	0.568982	4	38.17663	54
4	--	1.011033	0.489524	5	38.66615	55
5	--	1.0155	0.342513	6	39.00866	56
6	--	0.46545	0.564379	5	39.47411	57
5	--	0.38113	0.909846	4	39.85524	58
4	--	0.711142	0.515104	5	40.37034	59
5	--	1.085521	0.951346	6	41.32169	60
6	--	0.380373	1.208011	5	41.70206	61
5	--	0.689569	0.582897	6	42.28496	62
6	--	0.705373	0.552345	7	42.8373	63
7	--	1.279154	0.615899	8	43.4532	64
8	--	0.89361	0.521554	9	43.97475	65
9	--	2.342402	2.083984	10	46.05873	66

test #52
4	--	1.122634	0.767313	5	0.76731	1
5	--	1.039409	0.356606	6	1.12392	2
6	--	0.734722	0.447416	7	1.57134	3
7	--	1.298399	0.606549	8	2.17789	4
8	--	1.778787	0.751139	9	2.92903	5
9	--	1.209635	2.041437	8	4.13867	6
8	--	1.05237	1.10046	7	5.19104	7
7	--	1.081467	0.557538	8	5.74858	8
8	--	1.430309	1.426627	9	7.17521	9
9	--	1.183703	2.990998	8	8.35891	10
8	--	1.721187	1.509864	9	9.86877	11
9	--	1.332721	2.141456	8	11.20149	12
8	--	1.713146	1.706302	9	12.90779	13
9	--	2.126218	2.247927	8	15.03401	14
8	--	0.975487	0.752034	9	15.78604	15
9	--	2.650928	1.45971	10	17.24575	16

test #53
4	--	0.732106	0.344564	5	0.34456	1
5	--	0.760928	0.608063	6	0.95262	2
6	--	0.549325	0.918851	5	1.50194	3
5	--	1.185141	0.720947	6	2.22289	4
6	--	1.006848	0.560075	7	2.78296	5
7	--	0.405491	0.54634	6	3.18845	6
6	--	0.502929	1.074582	5	3.69138	7
5	--	0.387944	0.961116	4	4.07932	8
4	--	0.379574	0.389067	3	4.45889	9
3	--	0.613544	0.583017	4	5.04191	10
4	--	1.118132	0.472807	5	5.51472	11
5	--	0.770564	0.350215	6	5.86493	12
6	--	0.374667	0.659154	5	6.2396	13
5	--	0.60607	0.544365	6	6.78396	14
6	--	0.690133	0.552981	7	7.33694	15
7	--	1.304638	0.417314	8	7.75425	16
8	--	1.632439	0.545471	9	8.29972	17
9	--	2.208149	2.760812	8	10.50787	18
8	--	0.731913	1.571363	7	11.23978	19
7	--	1.087803	0.407334	8	11.64711	20
8	--	0.925384	1.645858	7	12.57249	21
7	--	1.068252	1.321733	6	13.64074	22
6	--	0.684193	0.842299	5	14.32493	23
5	--	0.634351	0.464335	6	14.78926	24
6	--	0.611009	1.118162	5	15.40027	25
5	--	0.551791	0.658942	4	15.95206	26
4	--	0.899361	0.80823	5	16.76029	27
5	--	1.140608	0.933888	6	17.69418	28
6	--	0.875602	0.848076	7	18.54226	29
7	--	0.763017	1.292107	6	19.30528	30
6	--	1.008578	0.672181	7	19.97746	31
7	--	1.059788	0.586583	8	20.56404	32
8	--	1.08067	1.36381	7	21.64471	33
7	--	0.914885	0.858703	8	22.50341	34
8	--	0.849773	0.988101	7	23.35318	35
7	--	1.141317	0.834435	8	24.18762	36
8	--	0.542382	1.286837	7	24.73	37
7	--	0.756059	0.945442	6	25.48606	38
6	--	1.100499	0.378617	7	25.86468	39
7	--	0.504018	0.612843	6	26.3687	40
6	--	0.428257	1.132475	5	26.79696	41
5	--	0.861028	0.589879	6	27.38684	42
6	--	0.989002	0.705176	7	28.09202	43
7	--	0.512445	0.902109	6	28.60447	44
6	--	0.905489	0.741923	7	29.34639	45
7	--	0.558826	0.749327	6	29.90522	46
6	--	0.404103	1.031933	5	30.30932	47
5	--	0.442475	0.390934	6	30.70025	48
6	--	0.355229	1.152531	5	31.05548	49
5	--	0.542201	0.84298	4	31.59768	50
4	--	0.934806	0.836211	5	32.43389	51
5	--	0.390051	0.691718	4	32.82394	52
4	--	0.465877	0.99003	3	33.28982	53
3	--	0.526765	0.512294	4	33.80211	54
4	--	0.610476	0.511571	5	34.31368	55
5	--	0.927735	0.346987	6	34.66067	56
6	--	0.516692	0.786951	5	35.17736	57
5	--	0.752349	1.178578	4	35.92971	58
4	--	1.092694	0.670506	5	36.60022	59
5	--	1.157903	0.640664	6	37.24088	60
6	--	0.936064	0.554512	7	37.79539	61
7	--	0.55355	0.774477	6	38.34894	62
6	--	1.208096	0.395521	7	38.74446	63
7	--	0.805152	0.880687	6	39.54961	64
6	--	0.799226	0.536904	7	40.08651	65
7	--	1.003488	0.902471	8	40.98898	66
8	--	0.589439	1.315934	7	41.57842	67
7	--	0.548545	1.329975	6	42.12696	68
6	--	0.92766	0.631943	7	42.7589	69
7	--	1.31094	0.989507	8	43.74841	70
8	--	1.371612	1.504498	7	45.12002	71
7	--	0.835835	0.48755	8	45.60757	72
8	--	0.699633	1.633201	7	46.3072	73
7	--	0.747003	0.757676	6	47.0542	74
6	--	0.542726	0.550424	5	47.59693	75
5	--	1.096654	0.402577	6	47.99951	76
6	--	0.666409	0.540679	7	48.54019	77
7	--	1.300458	1.098087	8	49.63828	78
8	--	0.823436	1.614403	7	50.46172	79
7	--	1.290908	1.164497	8	51.62622	80
8	--	0.671326	0.602629	9	52.22885	81
9	--	1.521948	0.925041	10	53.15389	82

test #54
4	--	0.423132	1.118748	3	0.42313	1
3	--	0.557516	1.050837	2	0.98065	2
2	--	1.406755	1.373878	3	2.35453	3
3	--	0.744258	0.496929	4	2.85146	4
4	--	0.493166	0.975997	3	3.34463	5
3	--	1.346483	0.546404	4	3.89103	6
4	--	1.017626	0.676813	5	4.56784	7
5	--	0.478434	0.826035	4	5.04627	8
4	--	0.767287	1.245598	3	5.81356	9
3	--	0.793206	0.960999	2	6.60677	10
2	--	0.96448	0.674736	3	7.28151	11
3	--	0.830862	0.554726	4	7.83624	12
4	--	0.506172	0.398617	5	8.23486	13
5	--	1.071465	0.57788	6	8.81274	14
6	--	0.816318	0.599044	7	9.41178	15
7	--	0.416148	1.323926	6	9.82793	16
6	--	0.800035	0.406694	7	10.23462	17
7	--	0.837398	0.450805	8	10.68543	18
8	--	0.580437	1.657883	7	11.26587	19
7	--	0.878172	0.952452	6	12.14404	20
6	--	0.932363	0.41198	7	12.55602	21
7	--	0.787348	0.693437	8	13.24946	22
8	--	0.840514	0.820289	9	14.06975	23
9	--	1.048703	3.085094	8	15.11845	24
8	--	0.89904	0.678454	9	15.7969	25
9	--	2.270393	1.588217	10	17.38512	26

test #55
4	--	1.120175	0.458446	5	0.45845	1
5	--	0.884021	0.342712	6	0.80116	2
6	--	0.852314	0.607439	7	1.4086	3
7	--	0.984188	0.862118	8	2.27072	4
8	--	1.719619	0.917821	9	3.18854	5
9	--	3.237833	1.888534	10	5.07707	6

test #56
4	--	0.377083	0.633451	3	0.37708	1
3	--	0.854046	1.407607	2	1.23113	2
2	--	1.215014	0.733515	3	1.96465	3
3	--	0.642434	0.939591	2	2.60708	4
2	--	1.197459	1.652603	1	3.80454	5
1	--	1.952435	1.411018	2	5.21556	6
2	--	1.129933	1.438565	1	6.34549	7
1	--	1.487579	1.530016	0	7.83307	8

test #57
4	--	0.774219	0.647067	5	0.64707	1
5	--	0.773027	1.111669	4	1.4201	2
4	--	1.128143	0.47072	5	1.89082	3
5	--	0.470275	0.973818	4	2.36109	4
4	--	0.37107	1.213788	3	2.73216	5
3	--	0.432838	0.747238	2	3.165	6
2	--	0.611405	0.591637	3	3.75664	7
3	--	1.127466	0.500979	4	4.25762	8
4	--	0.386714	1.030999	3	4.64433	9
3	--	1.020055	1.018442	4	5.66277	10
4	--	0.873958	0.99362	3	6.53673	11
3	--	1.340335	0.792075	4	7.3288	12
4	--	0.611345	0.744718	3	7.94015	13
3	--	0.538608	0.739903	2	8.47876	14
2	--	0.71337	1.301242	1	9.19213	15
1	--	1.91439	1.936722	0	11.10652	16

test #58
4	--	0.796118	0.980772	3	0.79612	1
3	--	0.698947	0.904099	2	1.49507	2
2	--	1.250259	0.894333	3	2.3894	3
3	--	1.03974	1.073404	2	3.42914	4
2	--	0.719902	1.156749	1	4.14904	5
1	--	1.978726	1.044427	2	5.19347	6
2	--	0.679924	1.427561	1	5.87339	7
1	--	1.033986	1.422493	0	6.90738	8

test #59
4	--	0.450524	1.135943	3	0.45052	1
3	--	0.399058	0.548929	2	0.84958	2
2	--	0.594679	1.036384	1	1.44426	3
1	--	1.911278	1.73335	2	3.17761	4
2	--	0.682769	0.729749	1	3.86038	5
1	--	1.463907	1.943763	0	5.32429	6

test #60
4	--	0.972933	1.171315	3	0.97293	1
3	--	0.447736	0.779774	2	1.42067	2
2	--	1.855368	0.703434	3	2.1241	3
3	--	0.847111	0.597003	4	2.7211	4
4	--	0.680407	0.418523	5	3.13962	5
5	--	0.7519	0.783344	4	3.89152	6
4	--	0.400085	0.755052	3	4.29161	7
3	--	1.200463	1.12843	4	5.42004	8
4	--	0.739065	0.472002	5	5.89204	9
5	--	0.677118	0.97797	4	6.56916	10
4	--	0.362489	0.516879	3	6.93165	11
3	--	1.163129	0.409364	4	7.34101	12
4	--	1.178632	0.467755	5	7.80876	13
5	--	0.450442	1.047359	4	8.2592	14
4	--	0.870479	1.001954	3	9.12968	15
3	--	0.515737	0.945011	2	9.64542	16
2	--	0.583144	1.825148	1	10.22856	17
1	--	2.648715	1.376364	2	11.60492	18
2	--	1.728141	1.478213	3	13.08313	19
3	--	1.180532	0.430663	4	13.51379	20
4	--	0.899701	0.531674	5	14.04546	21
5	--	0.440994	0.942024	4	14.48645	22
4	--	0.625963	0.670038	3	15.11241	23
3	--	0.582014	0.429024	4	15.54143	24
4	--	0.540825	0.498968	5	16.0404	25
5	--	0.933548	0.934733	4	16.97395	26
4	--	0.537573	0.779811	3	17.51152	27
3	--	0.544583	0.559461	2	18.0561	28
2	--	0.527502	0.553057	1	18.5836	29
1	--	1.888527	2.270258	0	20.47213	30

test #61
4	--	0.434377	0.887772	3	0.43438	1
3	--	0.816762	0.813256	4	1.24764	2
4	--	0.904982	1.246462	3	2.15262	3
3	--	0.501455	0.542471	2	2.65407	4
2	--	1.124471	1.108607	3	3.76268	5
3	--	0.628757	1.058252	2	4.39144	6
2	--	0.782174	1.814344	1	5.17361	7
1	--	1.590139	0.979873	2	6.15348	8
2	--	0.74366	1.04519	1	6.89714	9
1	--	2.061428	0.941453	2	7.83859	10
2	--	1.734517	1.741333	1	9.57311	11
1	--	2.01863	1.158873	2	10.73198	12
2	--	1.296611	1.426554	1	12.02859	13
1	--	1.819521	1.009781	2	13.03837	14
2	--	1.080188	1.336371	1	14.11856	15
1	--	2.342244	1.335347	2	15.45391	16
2	--	0.943265	1.056254	1	16.39718	17
1	--	1.179032	2.234354	0	17.57621	18

test #62
4	--	0.421464	0.952047	3	0.42146	1
3	--	0.533772	0.925088	2	0.95523	2
2	--	1.40249	1.154386	3	2.10962	3
3	--	0.585835	0.894283	2	2.69545	4
2	--	0.977868	1.075716	1	3.67332	5
1	--	2.378499	0.951372	2	4.62469	6
2	--	0.653427	0.964298	1	5.27812	7
1	--	2.450094	1.970362	2	7.24848	8
2	--	1.52881	1.125109	3	8.37359	9
3	--	0.695498	0.849315	2	9.06909	10
2	--	1.110446	0.656568	3	9.72566	11
3	--	0.46308	0.498513	2	10.18874	12
2	--	1.064063	0.566215	3	10.75496	13
3	--	0.91996	0.572418	4	11.32738	14
4	--	0.531536	0.969335	3	11.85892	15
3	--	1.321423	0.638598	4	12.49752	16
4	--	0.626757	0.443257	5	12.94078	17
5	--	0.451781	0.913883	4	13.39256	18
4	--	1.054438	0.677848	5	14.07041	19
5	--	0.638533	0.413991	6	14.4844	20
6	--	0.722039	0.444073	7	14.92847	21
7	--	0.742189	0.956766	6	15.67066	22
6	--	0.348741	0.624333	5	16.0194	23
5	--	0.451961	1.115254	4	16.47136	24
4	--	1.000264	1.152685	3	17.47162	25
3	--	0.74771	0.963853	2	18.21933	26
2	--	1.241793	1.121533	3	19.34086	27
3	--	1.333325	1.204401	4	20.54526	28
4	--	0.80011	0.90921	3	21.34537	29
3	--	0.722053	0.956112	2	22.06742	30
2	--	0.781513	1.682102	1	22.84893	31
1	--	1.878192	1.096154	2	23.94508	32
2	--	0.725516	1.558902	1	24.6706	33
1	--	2.094343	1.10105	2	25.77165	34
2	--	0.789574	1.309513	1	26.56122	35
1	--	1.443028	1.844431	0	28.00425	36

test #63
4	--	1.232497	0.769756	5	0.76976	1
5	--	0.823223	0.703524	6	1.47328	2
6	--	1.012217	0.698892	7	2.17217	3
7	--	1.2309	0.566214	8	2.73838	4
8	--	0.827013	0.613373	9	3.35175	5
9	--	1.835846	1.57619	10	4.92794	6

test #64
4	--	0.381371	0.418682	3	0.38137	1
3	--	1.173396	0.836936	4	1.21831	2
4	--	0.620344	1.021271	3	1.83865	3
3	--	1.046912	0.722938	4	2.56159	4
4	--	1.056338	0.780826	5	3.34242	5
5	--	1.036748	0.982877	6	4.3253	6
6	--	0.736967	0.46701	7	4.79231	7
7	--	0.836318	0.901027	6	5.62863	8
6	--	1.022008	0.972508	7	6.60114	9
7	--	1.361739	1.083582	8	7.68472	10
8	--	0.86874	0.85035	9	8.53507	11
9	--	1.559203	2.090822	8	10.09427	12
8	--	1.277686	0.646155	9	10.74043	13
9	--	2.165783	1.784513	10	12.52494	14

test #65
4	--	0.359249	0.586638	3	0.35925	1
3	--	1.075522	0.92845	4	1.2877	2
4	--	0.408043	0.881911	3	1.69574	3
3	--	0.879157	1.130066	2	2.5749	4
2	--	0.598128	1.581198	1	3.17303	5
1	--	2.146254	1.023471	2	4.1965	6
2	--	0.537129	1.530211	1	4.73363	7
1	--	1.901799	2.886979	0	6.63543	8

test #66
4	--	0.574421	0.342328	5	0.34233	1
5	--	0.655091	0.881921	4	0.99742	2
4	--	0.723742	0.527359	5	1.52478	3
5	--	1.050157	0.745887	6	2.27067	4
6	--	1.025745	1.16656	5	3.29641	5
5	--	0.796039	0.841767	4	4.09245	6
4	--	0.410465	0.412982	3	4.50292	7
3	--	0.623697	0.54152	4	5.04444	8
4	--	0.828935	0.375877	5	5.42032	9
5	--	0.737197	1.117176	4	6.15752	10
4	--	0.720047	0.720593	3	6.87757	11
3	--	0.702314	0.524023	4	7.40159	12
4	--	1.15509	0.752836	5	8.15443	13
5	--	1.183523	0.42709	6	8.58152	14
6	--	1.021811	0.750812	7	9.33233	15
7	--	1.208209	0.762753	8	10.09508	16
8	--	1.363791	1.095558	9	11.19064	17
9	--	1.657621	1.551333	10	12.74197	18

test #67
4	--	0.957759	0.481907	5	0.48191	1
5	--	0.883173	0.745859	6	1.22777	2
6	--	1.165058	0.785852	7	2.01362	3
7	--	1.061477	0.940986	8	2.95461	4
8	--	1.17912	0.682297	9	3.63691	5
9	--	2.915915	1.330571	10	4.96748	6

test #68
4	--	1.24486	0.879834	5	0.87983	1
5	--	1.027482	0.433401	6	1.31323	2
6	--	0.703961	0.518489	7	1.83172	3
7	--	0.421129	0.862083	6	2.25285	4
6	--	0.506529	1.115741	5	2.75938	5
5	--	0.454444	0.627695	4	3.21382	6
4	--	1.043422	0.625309	5	3.83913	7
5	--	1.165983	1.027184	6	4.86631	8
6	--	0.555071	0.658283	5	5.42138	9
5	--	0.371396	0.716404	4	5.79278	10
4	--	0.430757	1.202289	3	6.22354	11
3	--	0.516189	1.055855	2	6.73973	12
2	--	1.144005	1.101291	3	7.84102	13
3	--	0.468482	1.317369	2	8.3095	14
2	--	0.977495	1.166266	1	9.287	15
1	--	1.79387	0.962421	2	10.24942	16
2	--	1.049664	0.942787	3	11.19221	17
3	--	0.404145	0.481128	2	11.59635	18
2	--	1.694145	0.883289	3	12.47964	19
3	--	1.405113	0.674723	4	13.15436	20
4	--	0.733943	1.151411	3	13.8883	21
3	--	1.240147	0.991202	4	14.8795	22
4	--	0.75674	0.39371	5	15.27321	23
5	--	0.878462	0.874088	6	16.1473	24
6	--	0.626127	0.484836	7	16.63214	25
7	--	0.922603	1.255957	6	17.55474	26
6	--	0.681316	0.857023	5	18.23606	27
5	--	0.39633	0.58141	4	18.63239	28
4	--	0.977222	0.726981	5	19.35937	29
5	--	1.05031	0.777727	6	20.1371	30
6	--	0.715925	0.720561	5	20.85303	31
5	--	1.114442	1.038169	6	21.8912	32
6	--	0.358384	0.49148	5	22.24958	33
5	--	0.463863	0.806624	4	22.71344	34
4	--	1.239568	0.375903	5	23.08934	35
5	--	1.124878	0.404833	6	23.49417	36
6	--	0.707373	0.597576	7	24.09175	37
7	--	0.530948	0.6228	6	24.6227	38
6	--	0.923976	0.721934	7	25.34463	39
7	--	0.950323	0.453226	8	25.79786	40
8	--	1.67742	1.46121	9	27.25907	41
9	--	1.999033	2.833374	8	29.2581	42
8	--	0.741451	0.611238	9	29.86934	43
9	--	2.520806	1.473893	10	31.34323	44

test #69
4	--	0.711143	0.631827	5	0.63183	1
5	--	0.523382	0.547971	4	1.15521	2
4	--	0.726805	0.657719	5	1.81293	3
5	--	0.855466	0.496055	6	2.30899	4
6	--	0.786449	1.064359	5	3.09544	5
5	--	0.830372	0.500762	6	3.5962	6
6	--	0.471825	0.528069	5	4.06802	7
5	--	0.83542	0.409021	6	4.47704	8
6	--	0.693174	0.561394	7	5.03843	9
7	--	0.942078	0.895003	8	5.93343	10
8	--	1.37882	1.326459	9	7.25989	11
9	--	3.217104	1.440215	10	8.70011	12

test #70
4	--	0.379166	1.08845	3	0.37917	1
3	--	0.846282	0.639502	4	1.01867	2
4	--	0.686881	0.585655	5	1.60433	3
5	--	0.690763	0.652908	6	2.25724	4
6	--	1.125016	0.480697	7	2.73794	5
7	--	1.10841	0.815737	8	3.55368	6
8	--	0.990627	0.641606	9	4.19529	7
9	--	1.448744	2.263628	8	5.64403	8
8	--	1.239319	0.714402	9	6.35843	9
9	--	1.923834	1.383991	10	7.74242	10

test #71
4	--	0.459873	0.580257	3	0.45987	1
3	--	1.157554	0.649319	4	1.10919	2
4	--	0.515423	1.157894	3	1.62461	3
3	--	1.047161	0.859945	4	2.48455	4
4	--	0.405456	0.602858	3	2.89001	5
3	--	0.857974	0.525291	4	3.4153	6
4	--	0.827659	0.660621	5	4.07592	7
5	--	0.350112	0.752181	4	4.42603	8
4	--	0.52923	0.923344	3	4.95526	9
3	--	0.53493	0.860679	2	5.49019	10
2	--	0.764874	0.881969	1	6.25506	11
1	--	3.243898	1.962471	2	8.21753	12
2	--	0.913039	1.817991	1	9.13057	13
1	--	0.957666	2.539932	0	10.08824	14

test #72
4	--	0.493808	0.869426	3	0.49381	1
3	--	1.130807	0.391607	4	0.88542	2
4	--	1.189158	0.722652	5	1.60807	3
5	--	0.508761	0.466412	6	2.07448	4
6	--	0.49448	0.511332	5	2.56896	5
5	--	1.069671	0.744346	6	3.31331	6
6	--	0.614022	0.605936	7	3.91925	7
7	--	0.41816	0.969253	6	4.33741	8
6	--	1.046534	0.539803	7	4.87721	9
7	--	0.410384	0.715745	6	5.28759	10
6	--	0.3528	0.863727	5	5.64039	11
5	--	1.151082	1.108322	6	6.74871	12
6	--	0.490521	0.382064	7	7.13077	13
7	--	0.876073	0.931775	6	8.00684	14
6	--	1.246516	0.992458	7	8.9993	15
7	--	0.991492	0.542229	8	9.54153	16
8	--	0.730351	1.167982	7	10.27188	17
7	--	0.654577	0.853244	6	10.92646	18
6	--	0.7643	0.481572	7	11.40803	19
7	--	0.644661	0.943865	6	12.05269	20
6	--	0.875285	0.915577	5	12.92797	21
5	--	0.416941	0.914198	4	13.34491	22
4	--	0.605713	1.042251	3	13.95062	23
3	--	0.55485	1.084429	2	14.50547	24
2	--	0.744129	1.517869	1	15.2496	25
1	--	3.29247	2.104492	2	17.35409	26
2	--	1.269481	0.890321	3	18.24441	27
3	--	1.177845	0.810775	4	19.05519	28
4	--	1.098007	0.378864	5	19.43405	29
5	--	0.661126	0.669684	4	20.09518	30
4	--	0.625995	0.446772	5	20.54195	31
5	--	0.719694	0.398048	6	20.94	32
6	--	0.445327	0.771734	5	21.38533	33
5	--	0.671255	0.448453	6	21.83378	34
6	--	0.757718	0.774258	5	22.5915	35
5	--	0.722699	0.5556	6	23.1471	36
6	--	0.520056	0.382119	7	23.52922	37
7	--	0.563684	0.936704	6	24.0929	38
6	--	0.715423	0.682477	7	24.77538	39
7	--	1.263307	1.179471	8	25.95485	40
8	--	0.87955	1.088203	7	26.8344	41
7	--	0.429472	1.229319	6	27.26387	42
6	--	0.613829	0.467563	7	27.73143	43
7	--	0.727471	0.430669	8	28.1621	44
8	--	1.32319	1.845725	7	29.48529	45
7	--	0.701798	0.69224	8	30.17753	46
8	--	0.66426	1.297	7	30.84179	47
7	--	1.340228	0.895354	8	31.73714	48
8	--	0.661298	0.818715	7	32.39844	49
7	--	1.201448	1.026657	8	33.4251	50
8	--	1.681635	1.038833	9	34.46393	51
9	--	1.12407	2.741237	8	35.588	52
8	--	1.005491	1.58961	7	36.59349	53
7	--	0.613167	1.403807	6	37.20666	54
6	--	0.739144	1.161761	5	37.9458	55
5	--	0.402711	0.332757	6	38.27856	56
6	--	0.55664	0.645093	5	38.8352	57
5	--	0.606099	0.559116	6	39.39432	58
6	--	0.844837	0.388938	7	39.78326	59
7	--	0.619362	1.333246	6	40.40262	60
6	--	1.109012	0.360826	7	40.76345	61
7	--	1.365787	1.076562	8	41.84001	62
8	--	0.765432	0.860782	7	42.60544	63
7	--	0.572132	0.48134	8	43.08678	64
8	--	1.037029	1.20891	7	44.12381	65
7	--	0.737487	0.535885	8	44.65969	66
8	--	1.052386	1.327777	7	45.71208	67
7	--	0.991032	0.55388	8	46.26596	68
8	--	1.160084	1.306859	7	47.42604	69
7	--	1.01269	1.318714	6	48.43873	70
6	--	0.995712	0.533521	7	48.97225	71
7	--	1.032621	0.578215	8	49.55047	72
8	--	0.524657	1.358206	7	50.07513	73
7	--	0.476537	0.612312	6	50.55167	74
6	--	0.610709	1.081549	5	51.16238	75
5	--	0.492388	0.773643	4	51.65477	76
4	--	0.863761	0.370142	5	52.02491	77
5	--	0.751944	0.743234	6	52.76814	78
6	--	0.949894	1.056673	5	53.71803	79
5	--	0.735152	0.537677	6	54.25571	80
6	--	0.84027	0.777055	7	55.03277	81
7	--	0.690447	0.491165	8	55.52394	82
8	--	1.598628	0.958878	9	56.48282	83
9	--	2.428723	1.603952	10	58.08677	84

test #73
4	--	0.368147	0.671439	3	0.36815	1
3	--	0.640299	0.544625	4	0.91278	2
4	--	0.987406	0.717312	5	1.63009	3
5	--	0.473017	1.048379	4	2.10311	4
4	--	0.787107	0.621248	5	2.72436	5
5	--	0.521743	0.828544	4	3.2461	6
4	--	0.463734	0.493198	3	3.70983	7
3	--	0.439655	0.481599	2	4.14949	8
2	--	1.129757	1.155823	1	5.27925	9
1	--	2.195436	2.148869	2	7.42812	10
2	--	1.823048	1.505764	3	8.93388	11
3	--	0.390739	0.683747	2	9.32462	12
2	--	0.564344	0.786039	1	9.88896	13
1	--	3.091534	1.685121	2	11.57408	14
2	--	1.754016	1.456327	3	13.03041	15
3	--	1.02129	1.144609	2	14.0517	16
2	--	0.846831	0.719464	3	14.77116	17
3	--	1.099076	0.908651	4	15.67981	18
4	--	0.83892	0.713289	5	16.3931	19
5	--	0.623334	0.718151	4	17.01643	20
4	--	1.075691	0.931656	5	17.94809	21
5	--	0.640134	0.846492	4	18.58822	22
4	--	0.661556	0.642168	5	19.23039	23
5	--	0.735816	1.139617	4	19.96621	24
4	--	1.116734	0.611674	5	20.57788	25
5	--	1.064905	0.351292	6	20.92917	26
6	--	1.176901	0.910016	7	21.83919	27
7	--	0.700503	1.111644	6	22.53969	28
6	--	1.244023	0.655034	7	23.19472	29
7	--	0.867423	0.510438	8	23.70516	30
8	--	0.744484	1.462515	7	24.44964	31
7	--	1.053507	0.693221	8	25.14286	32
8	--	1.674844	1.202259	9	26.34512	33
9	--	1.336898	1.589219	8	27.68202	34
8	--	1.203125	0.905942	9	28.58796	35
9	--	3.024968	1.381074	10	29.96903	36

test #74
4	--	1.019338	1.051602	3	1.01934	1
3	--	0.587221	0.754079	2	1.60656	2
2	--	1.552693	0.863667	3	2.47023	3
3	--	0.735351	1.125685	2	3.20558	4
2	--	0.535893	1.772153	1	3.74147	5
1	--	1.753244	2.825885	0	5.49471	6

test #75
4	--	0.538143	1.005326	3	0.53814	1
3	--	0.572808	0.648063	2	1.11095	2
2	--	0.863846	1.482235	1	1.9748	3
1	--	1.617672	1.486868	2	3.46167	4
2	--	0.513645	0.569863	1	3.97532	5
1	--	1.049802	2.901741	0	5.02512	6

test #76
4	--	0.748425	0.351225	5	0.35123	1
5	--	0.395878	0.469276	4	0.74711	2
4	--	0.761006	1.189021	3	1.50812	3
3	--	0.689108	0.674065	4	2.18219	4
4	--	0.759612	0.425442	5	2.60763	5
5	--	0.724141	0.874724	4	3.33177	6
4	--	1.239274	1.127156	5	4.45893	7
5	--	0.587908	0.654438	4	5.04684	8
4	--	0.592552	0.480821	5	5.52766	9
5	--	0.747588	0.596374	6	6.12403	10
6	--	0.460108	0.81544	5	6.58414	11
5	--	0.942342	0.567726	6	7.15187	12
6	--	1.103686	0.702225	7	7.85409	13
7	--	1.180065	1.150264	8	9.00435	14
8	--	1.393853	0.871185	9	9.87553	15
9	--	1.960113	1.125906	10	11.00144	16

test #77
4	--	0.822249	0.845754	3	0.82225	1
3	--	0.744085	0.753362	2	1.56633	2
2	--	0.694459	1.717713	1	2.26079	3
1	--	1.778245	1.372344	2	3.63313	4
2	--	1.657494	1.677738	1	5.29062	5
1	--	2.533457	1.265891	2	6.55651	6
2	--	0.687296	1.189452	1	7.24381	7
1	--	2.059067	1.312584	2	8.55639	8
2	--	1.50618	1.592046	1	10.06257	9
1	--	2.339457	1.205824	2	11.26839	10
2	--	1.645749	0.611977	3	11.88037	11
3	--	1.080924	0.48014	4	12.36051	12
4	--	1.169168	0.349503	5	12.71001	13
5	--	0.780396	1.062369	4	13.49041	14
4	--	0.942274	0.916396	5	14.40681	15
5	--	0.586272	1.015093	4	14.99308	16
4	--	0.859278	0.879691	3	15.85236	17
3	--	0.590891	1.340482	2	16.44325	18
2	--	1.168351	1.736367	1	17.6116	19
1	--	1.709698	1.926048	0	19.3213	20

test #78
4	--	0.897008	0.946977	3	0.89701	1
3	--	0.586123	0.741247	2	1.48313	2
2	--	0.597941	0.857869	1	2.08107	3
1	--	1.812802	0.934878	2	3.01595	4
2	--	1.397718	0.515808	3	3.53176	5
3	--	0.652283	1.08867	2	4.18404	6
2	--	1.226765	1.174295	3	5.35834	7
3	--	1.022	0.558348	4	5.91669	8
4	--	0.79944	0.450417	5	6.36711	9
5	--	1.166677	0.670022	6	7.03713	10
6	--	0.55931	0.699748	5	7.59644	11
5	--	0.504713	0.344045	6	7.94048	12
6	--	0.363777	0.623403	5	8.30426	13
5	--	0.38966	0.342687	6	8.64695	14
6	--	0.481181	0.920155	5	9.12813	15
5	--	1.055953	0.388061	6	9.51619	16
6	--	0.96634	0.557852	7	10.07404	17
7	--	0.739912	0.504474	8	10.57851	18
8	--	1.388615	1.868196	7	11.96712	19
7	--	1.015745	0.47367	8	12.44079	20
8	--	1.022027	0.541119	9	12.98191	21
9	--	1.860987	3.079827	8	14.8429	22
8	--	1.000483	1.208796	7	15.84338	23
7	--	1.307156	1.111395	8	16.95477	24
8	--	0.592259	1.190818	7	17.54703	25
7	--	0.788449	0.564434	8	18.11146	26
8	--	1.430806	1.203867	9	19.31533	27
9	--	1.7863	2.829001	8	21.10163	28
8	--	0.53068	0.821787	7	21.63231	29
7	--	0.506646	1.065495	6	22.13896	30
6	--	0.419098	1.00407	5	22.55806	31
5	--	0.958143	1.108659	4	23.5162	32
4	--	0.646986	0.803542	3	24.16319	33
3	--	0.734149	1.079756	2	24.89734	34
2	--	1.049521	1.63803	1	25.94686	35
1	--	0.932059	2.354878	0	26.87892	36

test #79
4	--	0.554413	0.440675	5	0.44067	1
5	--	0.736014	0.422353	6	0.86302	2
6	--	1.020804	0.953289	7	1.81631	3
7	--	0.627818	0.674943	6	2.44413	4
6	--	0.812158	0.701987	7	3.14612	5
7	--	0.890271	1.420204	6	4.03639	6
6	--	1.113869	0.700887	7	4.73728	7
7	--	1.11497	0.593383	8	5.33066	8
8	--	1.204849	1.487414	7	6.53551	9
7	--	0.479668	0.619232	6	7.01518	10
6	--	0.80727	0.861667	5	7.82245	11
5	--	0.973344	0.428778	6	8.25123	12
6	--	0.734072	0.352719	7	8.60395	13
7	--	0.412955	0.699759	6	9.01691	14
6	--	0.838444	1.177936	5	9.85535	15
5	--	0.697378	0.668495	6	10.52384	16
6	--	0.497765	0.42795	7	10.95179	17
7	--	0.415026	1.012588	6	11.36682	18
6	--	0.877662	0.532939	7	11.89976	19
7	--	0.7168	1.092317	6	12.61656	20
6	--	0.426654	0.382433	7	12.99899	21
7	--	0.782776	1.043134	6	13.78177	22
6	--	0.451843	1.108873	5	14.23361	23
5	--	1.106987	0.476215	6	14.70982	24
6	--	0.445912	0.486277	5	15.15573	25
5	--	0.671544	1.147963	4	15.82727	26
4	--	1.007115	0.574803	5	16.40207	27
5	--	0.362644	0.963778	4	16.76471	28
4	--	0.548252	0.969016	3	17.31296	29
3	--	0.407016	0.586007	2	17.71998	30
2	--	1.751177	0.693395	3	18.41337	31
3	--	0.688741	0.831986	2	19.10211	32
2	--	0.985913	1.563206	1	20.08802	33
1	--	1.641685	1.456641	2	21.54466	34
2	--	1.27706	0.749374	3	22.29403	35
3	--	0.444238	0.752835	2	22.73827	36
2	--	0.924578	0.64652	3	23.38479	37
3	--	0.699853	1.293187	2	24.08464	38
2	--	1.122012	1.352175	1	25.20665	39
1	--	1.588604	2.603912	0	26.79525	40

test #80
4	--	1.085367	0.436704	5	0.4367	1
5	--	0.680124	0.632788	6	1.06949	2
6	--	0.373944	0.417206	5	1.44343	3
5	--	0.844097	0.783987	6	2.22742	4
6	--	0.41022	1.225931	5	2.63764	5
5	--	0.355127	0.899729	4	2.99277	6
4	--	0.789203	0.411233	5	3.404	7
5	--	0.689684	0.399081	6	3.80308	8
6	--	0.563239	0.342974	7	4.14605	9
7	--	0.876999	0.70876	8	4.85481	10
8	--	0.724629	1.376183	7	5.57944	11
7	--	0.676974	0.502945	8	6.08238	12
8	--	1.064067	1.170664	7	7.14645	13
7	--	0.905867	1.115728	6	8.05232	14
6	--	0.863968	0.576551	7	8.62887	15
7	--	0.66448	0.782243	6	9.29335	16
6	--	0.736551	0.34461	7	9.63796	17
7	--	1.042788	0.59424	8	10.2322	18
8	--	1.009581	1.753047	7	11.24178	19
7	--	0.788668	1.051508	6	12.03045	20
6	--	0.829727	1.064744	5	12.86018	21
5	--	0.606621	0.79538	4	13.4668	22
4	--	1.132237	0.649059	5	14.11586	23
5	--	0.439763	0.374642	6	14.4905	24
6	--	0.388601	1.164179	5	14.8791	25
5	--	0.39789	0.955049	4	15.27699	26
4	--	1.139684	0.891862	5	16.16885	27
5	--	0.947477	0.56171	6	16.73056	28
6	--	0.43448	0.767035	5	17.16504	29
5	--	0.835221	0.331117	6	17.49616	30
6	--	1.094501	0.846848	7	18.34301	31
7	--	0.578582	0.940935	6	18.92159	32
6	--	0.516623	1.054529	5	19.43821	33
5	--	0.658008	0.332272	6	19.77048	34
6	--	1.159524	1.043359	7	20.81384	35
7	--	1.245097	0.571187	8	21.38503	36
8	--	0.910497	1.648837	7	22.29553	37
7	--	1.136084	0.562257	8	22.85779	38
8	--	0.97885	0.754903	9	23.61269	39
9	--	1.259628	1.643715	8	24.87232	40
8	--	0.677362	1.693797	7	25.54968	41
7	--	0.452772	1.298388	6	26.00245	42
6	--	0.556394	0.942009	5	26.55884	43
5	--	0.620392	1.19425	4	27.17923	44
4	--	0.910326	0.809678	5	27.98891	45
5	--	0.418821	0.715718	4	28.40773	46
4	--	0.476194	0.362453	5	28.77018	47
5	--	0.612744	0.788725	4	29.38292	48
4	--	1.223775	0.868932	5	30.25185	49
5	--	0.950823	0.88218	6	31.13403	50
6	--	0.424684	0.490812	5	31.55871	51
5	--	1.001918	0.8426	6	32.40131	52
6	--	0.583381	0.450041	7	32.85135	53
7	--	0.607154	0.596171	8	33.44752	54
8	--	1.099797	0.696215	9	34.14374	55
9	--	1.861371	2.400658	8	36.00511	56
8	--	1.75288	1.30301	9	37.30812	57
9	--	1.48708	3.320996	8	38.7952	58
8	--	1.546993	0.895009	9	39.69021	59
9	--	1.30279	0.93487	10	40.62508	60

test #81
4	--	0.998676	1.110658	3	0.99868	1
3	--	0.939503	0.523066	4	1.52175	2
4	--	0.749132	1.219132	3	2.27088	3
3	--	1.028767	1.346547	2	3.29965	4
2	--	1.124753	1.761338	1	4.4244	5
1	--	1.427376	1.25967	2	5.68407	6
2	--	1.140178	0.54602	3	6.23009	7
3	--	0.779376	1.172811	2	7.00947	8
2	--	1.263768	1.586001	1	8.27324	9
1	--	1.042858	1.726697	0	9.3161	10

test #82
4	--	0.531474	0.808291	3	0.53147	1
3	--	0.841395	1.32086	2	1.37287	2
2	--	0.750791	0.809385	1	2.12366	3
1	--	1.930294	2.281045	0	4.05395	4

test #83
4	--	0.608294	0.720489	3	0.60829	1
3	--	0.720906	0.600541	4	1.20883	2
4	--	0.630223	0.411834	5	1.62066	3
5	--	0.47735	0.351792	6	1.97245	4
6	--	0.507296	0.466225	7	2.43868	5
7	--	1.410595	0.672796	8	3.11148	6
8	--	1.287971	0.789981	9	3.90146	7
9	--	1.379021	2.184819	8	5.28048	8
8	--	0.581645	1.55489	7	5.86212	9
7	--	0.862175	0.533016	8	6.39514	10
8	--	0.604235	1.012641	7	6.99937	11
7	--	1.319164	0.758771	8	7.75814	12
8	--	1.170586	0.615609	9	8.37375	13
9	--	0.990807	1.691231	8	9.36456	14
8	--	0.813988	1.265442	7	10.17855	15
7	--	0.640885	0.812862	6	10.81944	16
6	--	0.955004	0.781374	7	11.60081	17
7	--	1.403619	0.45636	8	12.05717	18
8	--	1.026757	0.653869	9	12.71104	19
9	--	1.47079	1.055571	10	13.76661	20

test #84
4	--	0.352634	0.99703	3	0.35263	1
3	--	0.689637	0.661074	4	1.0137	2
4	--	0.60042	0.677341	3	1.61412	3
3	--	0.713347	1.219006	2	2.32747	4
2	--	1.111721	0.752656	3	3.08013	5
3	--	1.097677	0.57431	4	3.65444	6
4	--	0.414922	0.855884	3	4.06936	7
3	--	1.360962	1.01758	4	5.08694	8
4	--	0.411995	0.55874	3	5.49894	9
3	--	0.743975	1.377012	2	6.24292	10
2	--	1.147194	0.673074	3	6.91599	11
3	--	0.816744	0.609776	4	7.52577	12
4	--	0.622955	0.826518	3	8.14873	13
3	--	0.690725	0.725021	2	8.83946	14
2	--	1.326587	0.998627	3	9.83809	15
3	--	0.470709	0.544942	2	10.3088	16
2	--	0.888319	1.509535	1	11.19712	17
1	--	3.031782	2.957206	2	14.15433	18
2	--	0.859327	0.803115	3	14.95745	19
3	--	0.617147	0.524506	4	15.48196	20
4	--	0.445513	0.476527	3	15.92747	21
3	--	1.20788	1.422359	2	17.13535	22
2	--	0.728612	1.217585	1	17.86396	23
1	--	1.279952	1.999058	0	19.14391	24

test #85
4	--	1.076918	0.395113	5	0.39511	1
5	--	0.608146	1.070493	4	1.00326	2
4	--	1.208662	0.439117	5	1.44238	3
5	--	0.801959	0.856651	4	2.24434	4
4	--	0.474209	0.437317	5	2.68166	5
5	--	0.827919	0.706403	6	3.38806	6
6	--	0.609375	0.442324	7	3.83038	7
7	--	0.919533	0.994128	6	4.74991	8
6	--	0.658445	0.822856	5	5.40835	9
5	--	1.134055	0.620048	6	6.0284	10
6	--	0.441754	0.790806	5	6.47015	11
5	--	0.621022	1.118628	4	7.09117	12
4	--	1.106988	0.517055	5	7.60823	13
5	--	0.629533	0.445656	6	8.05389	14
6	--	0.81429	0.364884	7	8.41877	15
7	--	0.970809	0.959045	8	9.37782	16
8	--	0.995329	1.620258	7	10.37315	17
7	--	0.675155	0.644604	8	11.01775	18
8	--	1.40623	0.56058	9	11.57833	19
9	--	2.172153	2.032987	10	13.61132	20

test #86
4	--	0.505233	0.464713	5	0.46471	1
5	--	1.017251	0.521192	6	0.9859	2
6	--	0.605292	1.134098	5	1.59119	3
5	--	0.434563	0.799338	4	2.02575	4
4	--	0.739152	0.599275	5	2.62503	5
5	--	0.613757	0.406761	6	3.03179	6
6	--	0.670547	0.466507	7	3.4983	7
7	--	1.157247	0.666311	8	4.16461	8
8	--	0.972279	1.629348	7	5.13689	9
7	--	0.625619	1.164463	6	5.76251	10
6	--	0.748031	1.045947	5	6.51054	11
5	--	0.554555	0.497546	6	7.00809	12
6	--	0.564023	0.634571	5	7.57211	13
5	--	0.529742	0.907006	4	8.10185	14
4	--	1.242623	0.59202	5	8.69387	15
5	--	0.717841	0.876608	4	9.41171	16
4	--	0.952773	0.516072	5	9.92778	17
5	--	1.143427	0.79022	6	10.718	18
6	--	0.546693	0.831359	5	11.26469	19
5	--	0.678896	1.144833	4	11.94359	20
4	--	0.419596	0.565941	3	12.36319	21
3	--	0.509504	0.746807	2	12.87269	22
2	--	1.462757	1.542699	1	14.33545	23
1	--	1.686544	1.427295	2	15.76274	24
2	--	0.729204	1.345198	1	16.49194	25
1	--	1.198972	1.399685	0	17.69091	26

test #87
4	--	0.946451	0.577384	5	0.57738	1
5	--	0.563971	0.597694	4	1.14135	2
4	--	0.378324	0.604072	3	1.51967	3
3	--	1.388434	1.261427	4	2.7811	4
4	--	0.344077	0.879757	3	3.12518	5
3	--	0.529101	0.818608	2	3.65428	6
2	--	0.976392	1.801212	1	4.63067	7
1	--	2.618477	1.009935	2	5.64061	8
2	--	0.783319	0.552635	3	6.19324	9
3	--	0.721027	0.423229	4	6.61647	10
4	--	0.492961	0.469457	5	7.08593	11
5	--	0.843309	0.512393	6	7.59832	12
6	--	0.755344	0.623078	7	8.2214	13
7	--	0.515019	0.565043	6	8.73642	14
6	--	0.392033	0.438587	5	9.12845	15
5	--	0.52276	0.393767	6	9.52222	16
6	--	0.413854	1.095223	5	9.93607	17
5	--	0.32869	0.72624	4	10.26476	18
4	--	1.123368	0.394803	5	10.65956	19
5	--	0.548784	1.182009	4	11.20834	20
4	--	0.665282	0.877669	3	11.87362	21
3	--	0.459983	0.548249	2	12.3336	22
2	--	1.771868	1.668946	3	14.00255	23
3	--	0.819963	0.665231	4	14.66778	24
4	--	0.825235	0.519565	5	15.18735	25
5	--	0.767613	1.158437	4	15.95496	26
4	--	0.707825	0.867433	3	16.66279	27
3	--	1.066832	1.230091	2	17.72962	28
2	--	0.873129	0.809625	3	18.53925	29
3	--	0.890545	0.894367	2	19.4298	30
2	--	0.78698	1.322948	1	20.21678	31
1	--	3.088758	2.795691	2	23.01247	32
2	--	1.169788	1.149748	3	24.16222	33
3	--	1.367715	0.506968	4	24.66919	34
4	--	0.996088	0.356569	5	25.02576	35
5	--	1.045506	0.832327	6	25.85809	36
6	--	1.029699	0.486502	7	26.34459	37
7	--	0.458022	0.980655	6	26.80261	38
6	--	0.641428	0.697278	5	27.44404	39
5	--	0.518056	1.101148	4	27.9621	40
4	--	0.635047	0.957281	3	28.59715	41
3	--	0.400687	1.279387	2	28.99784	42
2	--	1.198656	1.312669	1	30.1965	43
1	--	1.757278	3.08246	0	31.95378	44

test #88
4	--	0.696747	0.351377	5	0.35138	1
5	--	1.177286	0.413527	6	0.76491	2
6	--	0.473156	0.440383	7	1.20529	3
7	--	1.422439	0.399476	8	1.60477	4
8	--	1.204337	1.685427	7	2.80911	5
7	--	1.213542	0.397542	8	3.20665	6
8	--	0.916939	0.817798	9	4.02445	7
9	--	1.542303	3.215449	8	5.56675	8
8	--	0.673835	1.401527	7	6.24058	9
7	--	0.499834	1.218162	6	6.74041	10
6	--	0.659204	0.61841	7	7.35882	11
7	--	0.903699	0.84218	8	8.201	12
8	--	0.800845	0.976547	7	9.00185	13
7	--	1.173748	0.644622	8	9.64647	14
8	--	1.258933	1.025155	9	10.67163	15
9	--	1.601648	2.774736	8	12.27328	16
8	--	0.94895	1.723172	7	13.22223	17
7	--	0.391991	0.799885	6	13.61422	18
6	--	1.01448	0.406604	7	14.02082	19
7	--	0.840112	0.821109	8	14.84193	20
8	--	1.201994	0.931136	9	15.77307	21
9	--	2.018981	1.583676	10	17.35675	22

test #89
4	--	0.512671	0.703212	3	0.51267	1
3	--	0.948669	0.971643	2	1.46134	2
2	--	0.695355	1.041166	1	2.15669	3
1	--	1.953271	1.767011	2	3.9237	4
2	--	0.837938	0.73495	3	4.65865	5
3	--	0.562699	0.626127	2	5.22135	6
2	--	0.531909	1.127558	1	5.75326	7
1	--	1.24041	0.931838	2	6.6851	8
2	--	1.862313	0.683042	3	7.36814	9
3	--	0.912592	1.074627	2	8.28073	10
2	--	0.811247	0.71547	3	8.9962	11
3	--	1.010442	0.60733	4	9.60353	12
4	--	0.834008	0.622092	5	10.22562	13
5	--	0.565548	0.704969	4	10.79117	14
4	--	0.489531	0.998397	3	11.2807	15
3	--	0.435991	0.752761	2	11.71669	16
2	--	0.555694	1.508643	1	12.27238	17
1	--	0.920031	2.647836	0	13.19241	18

test #90
4	--	0.606756	1.196457	3	0.60676	1
3	--	0.718968	1.057487	2	1.32573	2
2	--	0.552044	1.288428	1	1.87777	3
1	--	3.255877	2.594577	2	4.47235	4
2	--	0.636235	0.816809	1	5.10858	5
1	--	1.906047	1.687016	2	6.7956	6
2	--	1.063968	1.64923	1	7.85957	7
1	--	0.977405	0.991771	0	8.83697	8

test #91
4	--	0.363875	0.898685	3	0.36388	1
3	--	0.660174	1.250007	2	1.02405	2
2	--	0.516276	0.756257	1	1.54033	3
1	--	1.499955	3.318187	0	3.04028	4

test #92
4	--	0.623109	0.421406	5	0.42141	1
5	--	0.824249	0.398386	6	0.8198	2
6	--	0.66455	0.72698	5	1.48435	3
5	--	0.499185	0.660373	4	1.98353	4
4	--	0.357154	0.604365	3	2.34068	5
3	--	0.705953	1.16125	2	3.04663	6
2	--	0.859681	1.012836	1	3.90631	7
1	--	2.630283	1.28802	2	5.19433	8
2	--	0.937775	1.510922	1	6.13211	9
1	--	2.452971	2.717247	0	8.58508	10

test #93
4	--	0.806631	0.663244	5	0.66324	1
5	--	0.538555	0.363481	6	1.02672	2
6	--	1.009732	0.521103	7	1.54782	3
7	--	0.449093	0.405255	8	1.95307	4
8	--	0.658306	0.699947	7	2.61138	5
7	--	1.28379	0.646629	8	3.25801	6
8	--	0.537538	1.76202	7	3.79555	7
7	--	0.909474	0.7253	8	4.52085	8
8	--	0.665505	0.643882	9	5.16473	9
9	--	1.068052	2.231315	8	6.23278	10
8	--	0.695648	1.027948	7	6.92843	11
7	--	0.752097	1.221682	6	7.68053	12
6	--	0.425757	0.374075	7	8.0546	13
7	--	0.802453	1.13575	6	8.85705	14
6	--	0.663385	0.807839	5	9.52044	15
5	--	0.718541	0.365899	6	9.88634	16
6	--	1.166572	0.582169	7	10.46851	17
7	--	0.712755	1.40163	6	11.18127	18
6	--	0.891413	1.081623	5	12.07268	19
5	--	0.485287	0.886275	4	12.55797	20
4	--	0.620303	0.939086	3	13.17827	21
3	--	1.056954	1.028814	4	14.20708	22
4	--	0.500051	0.894792	3	14.70713	23
3	--	1.013974	1.042615	2	15.7211	24
2	--	1.142364	0.896139	3	16.61724	25
3	--	1.370273	0.455837	4	17.07308	26
4	--	0.72919	0.362911	5	17.43599	27
5	--	0.851127	1.091647	4	18.28712	28
4	--	0.403343	0.349664	5	18.63678	29
5	--	0.884287	1.025505	4	19.52107	30
4	--	0.736504	0.786625	3	20.25757	31
3	--	0.552688	0.4602	4	20.71777	32
4	--	0.560613	0.433732	5	21.1515	33
5	--	0.550897	1.173802	4	21.7024	34
4	--	0.660509	0.437228	5	22.13963	35
5	--	0.550945	0.969136	4	22.69058	36
4	--	0.765563	0.423315	5	23.11389	37
5	--	0.35057	1.006923	4	23.46446	38
4	--	1.064516	0.788383	5	24.25284	39
5	--	1.028344	0.781297	6	25.03414	40
6	--	0.55145	0.609978	5	25.58559	41
5	--	0.499198	0.36014	6	25.94573	42
6	--	0.798587	0.73619	7	26.68192	43
7	--	0.685949	0.722746	6	27.36787	44
6	--	0.691723	0.495334	7	27.8632	45
7	--	0.748116	1.23981	6	28.61132	46
6	--	0.433223	0.543524	5	29.04454	47
5	--	0.355802	0.763965	4	29.40034	48
4	--	0.544216	0.431453	5	29.83179	49
5	--	1.176794	0.851838	6	30.68363	50
6	--	0.614919	0.831842	5	31.29855	51
5	--	0.912042	0.709497	6	32.00805	52
6	--	0.778209	0.822281	5	32.78626	53
5	--	0.526602	0.422633	6	33.20889	54
6	--	0.589603	0.670977	5	33.79849	55
5	--	0.435375	0.651836	4	34.23387	56
4	--	0.76335	1.052204	3	34.99722	57
3	--	0.792651	1.236433	2	35.78987	58
2	--	1.423745	1.132476	3	36.92235	59
3	--	1.238678	0.885066	4	37.80742	60
4	--	0.67928	0.466237	5	38.27366	61
5	--	0.800025	0.46825	6	38.74191	62
6	--	0.398866	0.801508	5	39.14078	63
5	--	0.71539	0.452532	6	39.59331	64
6	--	0.85924	0.504235	7	40.09754	65
7	--	0.492219	0.848994	6	40.58976	66
6	--	1.050365	1.126625	5	41.64012	67
5	--	1.129465	0.567451	6	42.20757	68
6	--	0.658391	0.49137	7	42.69894	69
7	--	1.266313	1.216126	8	43.91507	70
8	--	0.735543	1.714589	7	44.65061	71
7	--	0.835989	1.192026	6	45.4866	72
6	--	0.4957	0.493366	7	45.97997	73
7	--	0.534008	1.130274	6	46.51398	74
6	--	1.026614	0.59022	7	47.1042	75
7	--	0.672029	0.747147	6	47.77623	76
6	--	0.423106	1.041907	5	48.19934	77
5	--	0.850525	0.334958	6	48.5343	78
6	--	0.681338	0.660731	7	49.19503	79
7	--	0.762145	0.994326	6	49.95717	80
6	--	0.368401	1.093617	5	50.32557	81
5	--	0.392314	0.401174	4	50.71788	82
4	--	0.401792	1.112584	3	51.11967	83
3	--	1.041487	1.168696	2	52.16116	84
2	--	1.125736	0.542991	3	52.70415	85
3	--	0.989835	0.519385	4	53.22353	86
4	--	0.933777	0.450049	5	53.67358	87
5	--	0.432387	0.433783	4	54.10597	88
4	--	0.776024	1.038956	3	54.88199	89
3	--	1.402647	0.887053	4	55.76904	90
4	--	0.959826	0.874862	5	56.6439	91
5	--	1.035174	0.433637	6	57.07754	92
6	--	0.850752	0.486382	7	57.56392	93
7	--	0.63509	0.925497	6	58.19901	94
6	--	0.510541	0.777968	5	58.70955	95
5	--	0.639434	1.084248	4	59.34898	96
4	--	0.788243	1.132256	3	60.13722	97
3	--	0.585119	0.833766	2	60.72234	98
2	--	1.179643	0.589525	3	61.31186	99
3	--	1.222074	0.474313	4	61.78617	100
4	--	0.525131	0.624647	3	62.3113	101
3	--	1.222528	0.668706	4	62.98001	102
4	--	0.602588	0.418387	5	63.3984	103
5	--	0.737848	0.482868	6	63.88127	104
6	--	1.191985	1.185379	7	65.06665	105
7	--	0.482196	1.26621	6	65.54885	106
6	--	0.859685	1.116311	5	66.40854	107
5	--	0.657722	0.996134	4	67.06626	108
4	--	0.629094	0.902782	3	67.69535	109
3	--	1.284519	1.342394	2	68.97987	110
2	--	0.867859	0.889005	1	69.84773	111
1	--	0.978462	1.156849	0	70.82619	112

test #94
4	--	0.507055	0.454658	5	0.45466	1
5	--	0.695233	0.338569	6	0.79323	2
6	--	0.479462	1.193134	5	1.27269	3
5	--	0.895843	0.47544	6	1.74813	4
6	--	0.652154	0.737495	5	2.40028	5
5	--	1.13573	0.492772	6	2.89305	6
6	--	0.930871	0.505861	7	3.39891	7
7	--	1.122753	0.40584	8	3.80475	8
8	--	0.566418	1.257695	7	4.37117	9
7	--	1.024691	0.482628	8	4.8538	10
8	--	0.581088	1.563749	7	5.43489	11
7	--	1.220795	0.416545	8	5.85143	12
8	--	0.880971	0.985501	7	6.7324	13
7	--	0.853	0.746	8	7.4784	14
8	--	1.25216	0.826033	9	8.30443	15
9	--	2.404603	2.179046	10	10.48348	16

test #95
4	--	0.802035	0.388807	5	0.38881	1
5	--	1.040174	0.632159	6	1.02097	2
6	--	0.643616	0.476758	7	1.49773	3
7	--	0.491949	1.130291	6	1.98968	4
6	--	0.98922	0.798875	7	2.78856	5
7	--	0.557391	0.399308	8	3.18787	6
8	--	0.524507	1.85455	7	3.71238	7
7	--	0.641239	0.446167	8	4.15855	8
8	--	0.813015	0.830466	7	4.97157	9
7	--	1.217434	0.585264	8	5.55683	10
8	--	0.760281	1.447911	7	6.31711	11
7	--	0.533903	0.792606	6	6.85101	12
6	--	0.917153	0.748532	7	7.59954	13
7	--	0.746294	0.765391	6	8.34583	14
6	--	0.478822	0.807988	5	8.82465	15
5	--	0.595109	0.521199	6	9.34585	16
6	--	1.161985	0.386607	7	9.73246	17
7	--	1.200148	0.43528	8	10.16774	18
8	--	1.354854	0.905595	9	11.07334	19
9	--	2.465897	1.768448	10	12.84179	20

test #96
4	--	0.517993	0.727152	3	0.51799	1
3	--	0.503953	0.491978	4	1.00997	2
4	--	0.597576	1.051015	3	1.60755	3
3	--	0.709021	1.061798	2	2.31657	4
2	--	1.818183	0.621265	3	2.93783	5
3	--	1.248492	0.996129	4	3.93396	6
4	--	0.804823	0.453752	5	4.38771	7
5	--	1.061292	1.131409	4	5.449	8
4	--	0.539268	0.386039	5	5.83504	9
5	--	0.383799	0.805096	4	6.21884	10
4	--	0.832505	0.421128	5	6.63997	11
5	--	0.491401	0.341674	6	6.98164	12
6	--	0.806114	0.779807	7	7.76145	13
7	--	0.661997	0.562368	8	8.32382	14
8	--	0.677438	1.365407	7	9.00126	15
7	--	0.744963	0.858575	6	9.74622	16
6	--	0.627407	0.456455	7	10.20267	17
7	--	1.223368	1.083146	8	11.28582	18
8	--	1.742726	0.714628	9	12.00045	19
9	--	1.626193	2.219374	8	13.62664	20
8	--	1.826984	0.55748	9	14.18412	21
9	--	1.863043	1.616956	10	15.80108	22

test #97
4	--	0.864182	1.058995	3	0.86418	1
3	--	0.485761	0.864706	2	1.34994	2
2	--	0.814773	1.112755	1	2.16471	3
1	--	2.188238	1.957349	2	4.12206	4
2	--	1.693143	0.67557	3	4.79763	5
3	--	0.47487	0.403736	4	5.20137	6
4	--	0.697368	0.702744	3	5.89874	7
3	--	0.425963	0.781133	2	6.3247	8
2	--	0.644721	0.778187	1	6.96942	9
1	--	1.468228	1.517293	0	8.43765	10

test #98
4	--	0.631599	0.364113	5	0.36411	1
5	--	1.077696	0.427534	6	0.79164	2
6	--	0.738829	1.169289	5	1.53047	3
5	--	0.518329	1.022773	4	2.0488	4
4	--	0.903305	0.640571	5	2.68937	5
5	--	1.040969	0.349933	6	3.0393	6
6	--	0.540338	0.741303	5	3.57964	7
5	--	0.996749	0.836079	6	4.41572	8
6	--	0.721893	0.541554	7	4.95727	9
7	--	0.717553	0.838444	6	5.67482	10
6	--	0.54605	0.357672	7	6.03249	11
7	--	1.117642	0.649627	8	6.68212	12
8	--	0.783604	1.640882	7	7.46572	13
7	--	1.224144	1.048938	8	8.51466	14
8	--	0.74719	1.237984	7	9.26185	15
7	--	1.28153	0.631093	8	9.89294	16
8	--	1.525723	0.740574	9	10.63351	17
9	--	1.102028	2.419129	8	11.73554	18
8	--	0.664132	0.93426	7	12.39967	19
7	--	1.200966	1.103697	8	13.50337	20
8	--	1.591489	1.017276	9	14.52065	21
9	--	2.468456	2.632432	8	16.98911	22
8	--	1.066141	0.737633	9	17.72674	23
9	--	1.300856	1.260488	10	18.98723	24

test #99
4	--	0.538524	0.71996	3	0.53852	1
3	--	1.066401	0.797287	4	1.33581	2
4	--	0.579699	0.669129	3	1.91551	3
3	--	1.130235	0.696615	4	2.61212	4
4	--	1.124829	0.963344	5	3.57546	5
5	--	0.387978	0.729524	4	3.96344	6
4	--	0.549447	0.922199	3	4.51289	7
3	--	0.469743	0.421984	4	4.93487	8
4	--	1.136346	0.455489	5	5.39036	9
5	--	1.039557	0.3974	6	5.78776	10
6	--	0.5883	0.971977	5	6.37606	11
5	--	0.972389	0.869454	6	7.24551	12
6	--	0.447143	0.385253	7	7.63076	13
7	--	1.390475	0.949009	8	8.57977	14
8	--	1.009862	0.974872	9	9.55464	15
9	--	1.515306	2.957321	8	11.06995	16
8	--	1.118182	1.312015	7	12.18813	17
7	--	0.832368	1.040456	6	13.0205	18
6	--	0.686941	0.86587	5	13.70744	19
5	--	0.394262	0.927239	4	14.1017	20
4	--	0.689019	0.643198	5	14.7449	21
5	--	1.004513	0.638464	6	15.38336	22
6	--	0.588085	0.399352	7	15.78271	23
7	--	0.790597	0.415871	8	16.19858	24
8	--	1.447345	0.629978	9	16.82856	25
9	--	1.743703	1.18029	10	18.00885	26
