start i C()	t_left		t_right 	New i	Total time generation

test #0
9	--	1.019925	2.43813	8	1.01992	1
8	--	0.563824	1.22443	7	1.58374	2
7	--	0.42379	1.012383	6	2.00753	3
6	--	1.193607	0.49292	7	2.50045	4
7	--	1.113161	0.443833	8	2.94428	5
8	--	0.605494	0.978265	7	3.54977	6
7	--	0.780948	0.460666	8	4.01044	7
8	--	1.067062	1.160118	7	5.0775	8
7	--	0.597239	0.611827	6	5.67474	9
6	--	0.803082	0.387824	7	6.06256	10
7	--	0.99304	1.313774	6	7.0556	11
6	--	0.732657	0.610068	7	7.66567	12
7	--	1.160163	1.044086	8	8.70976	13
8	--	1.009608	0.941091	9	9.65085	14
9	--	1.564554	1.168729	10	10.81958	15

test #1
9	--	3.285552	2.057765	10	2.05776	1

test #2
9	--	2.444828	1.620612	10	1.62061	1

test #3
9	--	1.323663	1.017657	10	1.01766	1

test #4
9	--	2.144016	1.558976	10	1.55898	1

test #5
9	--	2.198304	2.499412	8	2.1983	1
8	--	0.999163	0.695664	9	2.89396	2
9	--	1.225228	1.486202	8	4.11919	3
8	--	1.505031	0.531848	9	4.65104	4
9	--	1.697617	1.558115	10	6.20915	5

test #6
9	--	3.139527	2.62277	10	2.62277	1

test #7
9	--	1.412857	2.814044	8	1.41286	1
8	--	1.140099	0.993229	9	2.40609	2
9	--	1.413601	1.920452	8	3.81969	3
8	--	1.609394	0.866022	9	4.68571	4
9	--	0.940658	2.492284	8	5.62637	5
8	--	1.763905	0.700794	9	6.32716	6
9	--	1.568457	2.20677	8	7.89562	7
8	--	1.467468	0.8273	9	8.72292	8
9	--	1.285448	1.127315	10	9.85024	9

test #8
9	--	2.33888	1.800398	10	1.8004	1

test #9
9	--	1.168294	1.912468	8	1.16829	1
8	--	0.766038	0.693454	9	1.86174	2
9	--	2.956852	1.520484	10	3.38222	3

test #10
9	--	1.665329	1.535773	10	1.53577	1

test #11
9	--	0.94906	2.112976	8	0.94906	1
8	--	1.000969	0.783679	9	1.73274	2
9	--	2.46612	2.445178	10	4.17792	3

test #12
9	--	2.534555	3.225711	8	2.53456	1
8	--	1.046017	0.609519	9	3.14408	2
9	--	1.315056	2.951466	8	4.45914	3
8	--	1.662029	1.14214	9	5.60128	4
9	--	1.184936	1.217635	8	6.78622	5
8	--	0.935169	0.968759	7	7.72139	6
7	--	0.412511	0.70267	6	8.1339	7
6	--	0.358	0.653631	5	8.4919	8
5	--	0.964523	0.344781	6	8.83668	9
6	--	1.210919	0.360826	7	9.19751	10
7	--	1.250425	0.529156	8	9.72667	11
8	--	1.828593	1.160114	9	10.88678	12
9	--	1.17545	1.312332	8	12.06223	13
8	--	0.721466	1.550153	7	12.7837	14
7	--	0.662981	0.599556	8	13.38326	15
8	--	0.638701	0.517382	9	13.90064	16
9	--	3.076204	3.003062	10	16.9037	17

test #13
9	--	1.232663	2.451144	8	1.23266	1
8	--	0.888299	1.239728	7	2.12096	2
7	--	0.981481	0.716706	8	2.83767	3
8	--	0.534581	1.105755	7	3.37225	4
7	--	0.479606	1.001289	6	3.85186	5
6	--	0.532764	0.83938	5	4.38462	6
5	--	1.127037	1.154419	4	5.51166	7
4	--	0.37128	0.554619	3	5.88294	8
3	--	0.862965	0.912126	2	6.7459	9
2	--	0.559638	0.775487	1	7.30554	10
1	--	2.407012	1.01372	2	8.31926	11
2	--	1.087728	1.591495	1	9.40699	12
1	--	1.099919	1.12498	0	10.50691	13

test #14
9	--	1.940423	1.815165	10	1.81516	1

test #15
9	--	2.512709	1.925182	10	1.92518	1

test #16
9	--	1.907659	2.446822	8	1.90766	1
8	--	0.596566	0.556907	9	2.46457	2
9	--	1.685191	2.234606	8	4.14976	3
8	--	1.137446	1.207189	7	5.28721	4
7	--	0.394025	1.355031	6	5.68124	5
6	--	0.394293	0.41246	5	6.07553	6
5	--	0.772998	0.600249	6	6.67578	7
6	--	0.784057	0.349749	7	7.02553	8
7	--	0.945303	1.107221	6	7.97083	9
6	--	0.55738	0.420198	7	8.39103	10
7	--	0.948475	0.85929	8	9.25032	11
8	--	0.794745	0.85384	7	10.04507	12
7	--	1.113763	0.710092	8	10.75516	13
8	--	1.074184	1.480815	7	11.82934	14
7	--	0.651124	0.90659	6	12.48046	15
6	--	1.208251	0.727051	7	13.20751	16
7	--	0.825139	0.654311	8	13.86182	17
8	--	0.623875	1.773044	7	14.48569	18
7	--	0.652323	0.830478	6	15.13801	19
6	--	0.391263	1.023575	5	15.52927	20
5	--	0.636746	0.378764	6	15.90803	21
6	--	0.929087	0.55865	7	16.46668	22
7	--	1.293434	0.485964	8	16.95264	23
8	--	1.529783	1.777908	7	18.48242	24
7	--	1.257036	0.526433	8	19.00885	25
8	--	0.799666	1.2971	7	19.80852	26
7	--	0.573677	0.587675	6	20.3822	27
6	--	0.46391	0.591831	5	20.84611	28
5	--	0.454486	0.580652	4	21.3006	29
4	--	0.48584	1.233267	3	21.78644	30
3	--	0.576663	0.39426	4	22.1807	31
4	--	1.022453	0.898279	5	23.07898	32
5	--	0.335148	0.84515	4	23.41413	33
4	--	0.631483	0.751366	3	24.04561	34
3	--	0.785339	0.849877	2	24.83095	35
2	--	0.577806	1.555834	1	25.40876	36
1	--	1.194349	1.234204	0	26.60311	37

test #17
9	--	2.548615	1.264177	10	1.26418	1

test #18
9	--	2.529238	1.407059	10	1.40706	1

test #19
9	--	0.978214	2.11768	8	0.97821	1
8	--	1.215242	0.90988	9	1.88809	2
9	--	1.743155	3.071547	8	3.63125	3
8	--	1.140581	0.791253	9	4.4225	4
9	--	1.602336	2.944335	8	6.02484	5
8	--	1.43424	0.951899	9	6.97674	6
9	--	0.919137	1.869043	8	7.89588	7
8	--	0.877529	0.788945	9	8.68483	8
9	--	3.226304	1.506089	10	10.19092	9

test #20
9	--	2.041064	2.23825	8	2.04106	1
8	--	1.214893	0.875158	9	2.91622	2
9	--	1.414233	3.190729	8	4.33045	3
8	--	0.797955	1.400304	7	5.1284	4
7	--	0.855123	0.648193	8	5.77659	5
8	--	0.598439	0.635713	7	6.37503	6
7	--	0.96974	0.52398	8	6.89901	7
8	--	1.356086	1.718334	7	8.2551	8
7	--	1.230634	1.034062	8	9.28916	9
8	--	1.254911	0.992721	9	10.28188	10
9	--	1.748252	1.841363	8	12.03013	11
8	--	1.651468	0.965007	9	12.99514	12
9	--	0.991367	1.903088	8	13.98651	13
8	--	0.749228	0.67914	9	14.66565	14
9	--	2.901387	2.095327	10	16.76098	15

test #21
9	--	2.302757	3.080846	8	2.30276	1
8	--	0.675046	1.608649	7	2.97781	2
7	--	1.247946	0.43178	8	3.40959	3
8	--	0.909836	0.722065	9	4.13165	4
9	--	1.480865	2.686181	8	5.61252	5
8	--	1.001431	0.875327	9	6.48785	6
9	--	1.4399	1.427323	10	7.91517	7

test #22
9	--	2.224245	2.17175	10	2.17175	1

test #23
9	--	2.210383	2.979393	8	2.21038	1
8	--	1.256697	0.745813	9	2.95619	2
9	--	1.656083	2.407209	8	4.61227	3
8	--	1.560966	0.562175	9	5.17444	4
9	--	1.943807	2.167718	8	7.11825	5
8	--	1.657681	0.610995	9	7.72924	6
9	--	1.100663	2.397346	8	8.8299	7
8	--	1.13297	0.6689	9	9.4988	8
9	--	2.27768	1.817077	10	11.31588	9

test #24
9	--	2.899936	1.925608	10	1.92561	1

test #25
9	--	0.985367	2.502352	8	0.98537	1
8	--	1.493865	0.881132	9	1.8665	2
9	--	1.256636	0.979747	10	2.84625	3

test #26
9	--	1.790286	1.071682	10	1.07168	1

test #27
9	--	1.911879	1.909041	10	1.90904	1

test #28
9	--	1.635176	2.021471	8	1.63518	1
8	--	0.778322	1.24793	7	2.4135	2
7	--	0.79584	0.657338	8	3.07084	3
8	--	1.777905	0.554068	9	3.62491	4
9	--	2.327143	2.095609	10	5.72052	5

test #29
9	--	1.818117	1.715085	10	1.71508	1

test #30
9	--	1.156112	2.018487	8	1.15611	1
8	--	0.69307	1.266472	7	1.84918	2
7	--	0.480224	1.306527	6	2.3294	3
6	--	0.360069	0.684467	5	2.68947	4
5	--	0.729196	0.854338	4	3.41867	5
4	--	1.145262	0.670347	5	4.08902	6
5	--	0.737973	0.509831	6	4.59885	7
6	--	0.510278	1.098681	5	5.10913	8
5	--	1.091827	0.521893	6	5.63102	9
6	--	0.7616	0.696244	7	6.32726	10
7	--	0.763641	0.846733	6	7.0909	11
6	--	0.662735	1.195012	5	7.75363	12
5	--	0.857012	1.184212	4	8.61064	13
4	--	0.674368	1.150774	3	9.28501	14
3	--	0.576113	0.582763	2	9.86112	15
2	--	0.647127	0.637601	3	10.49872	16
3	--	0.425139	0.533147	2	10.92386	17
2	--	0.718789	1.351861	1	11.64265	18
1	--	2.365162	1.465241	2	13.10789	19
2	--	1.620263	0.875621	3	13.98351	20
3	--	0.556453	0.835755	2	14.53996	21
2	--	0.789099	1.519084	1	15.32906	22
1	--	1.572551	1.439028	2	16.76809	23
2	--	1.794383	1.537058	3	18.30515	24
3	--	0.479055	0.718786	2	18.78421	25
2	--	1.079479	0.951548	3	19.73576	26
3	--	0.784463	1.095482	2	20.52022	27
2	--	1.52554	0.566317	3	21.08654	28
3	--	0.464319	1.101917	2	21.55086	29
2	--	1.102928	1.541385	1	22.65379	30
1	--	2.415694	1.762897	2	24.41669	31
2	--	1.32158	1.157465	3	25.57415	32
3	--	0.85647	0.629881	4	26.20403	33
4	--	0.364612	0.921751	3	26.56864	34
3	--	0.675506	1.181699	2	27.24415	35
2	--	0.841631	0.520437	3	27.76459	36
3	--	0.711981	1.090569	2	28.47657	37
2	--	1.56055	1.676538	1	30.03712	38
1	--	1.507981	1.003545	2	31.04066	39
2	--	1.040112	0.847046	3	31.88771	40
3	--	0.610888	0.753836	2	32.4986	41
2	--	0.614442	1.320388	1	33.11304	42
1	--	2.454416	2.017305	2	35.13034	43
2	--	1.693847	0.54928	3	35.67962	44
3	--	0.827191	0.525163	4	36.20478	45
4	--	1.187657	0.752948	5	36.95773	46
5	--	0.428646	0.35982	6	37.31755	47
6	--	0.862859	1.243646	5	38.18041	48
5	--	0.834662	1.165017	4	39.01507	49
4	--	0.440168	0.412205	5	39.42727	50
5	--	0.568244	0.3734	6	39.80067	51
6	--	0.905853	0.816815	7	40.61748	52
7	--	0.925298	1.042092	6	41.54278	53
6	--	1.215514	1.083853	7	42.62663	54
7	--	0.861999	1.271415	6	43.48863	55
6	--	0.803982	1.176328	5	44.29261	56
5	--	0.589035	0.891102	4	44.88164	57
4	--	1.183511	0.572566	5	45.45421	58
5	--	0.956045	0.747271	6	46.20148	59
6	--	0.394591	0.892274	5	46.59607	60
5	--	1.107765	0.357492	6	46.95356	61
6	--	0.743609	0.884335	5	47.69717	62
5	--	1.049572	0.639997	6	48.33717	63
6	--	0.753268	0.468398	7	48.80557	64
7	--	1.319729	0.596469	8	49.40204	65
8	--	1.54847	1.631622	7	50.95051	66
7	--	0.559481	0.636867	6	51.50999	67
6	--	0.59819	1.201202	5	52.10818	68
5	--	0.788065	0.479862	6	52.58804	69
6	--	0.575663	1.064458	5	53.1637	70
5	--	0.660497	0.879952	4	53.8242	71
4	--	0.361648	0.589218	3	54.18585	72
3	--	0.540641	0.755139	2	54.72649	73
2	--	1.467235	1.82661	1	56.19373	74
1	--	2.47019	1.640737	2	57.83447	75
2	--	0.548461	0.594505	1	58.38293	76
1	--	2.322643	1.776224	2	60.15915	77
2	--	1.054464	1.636413	1	61.21361	78
1	--	1.243977	1.864091	0	62.45759	79

test #31
9	--	2.364275	1.954907	10	1.95491	1

test #32
9	--	2.083355	0.953352	10	0.95335	1

test #33
9	--	2.954498	1.095846	10	1.09585	1

test #34
9	--	1.700997	1.423821	10	1.42382	1

test #35
9	--	1.343516	1.307056	10	1.30706	1

test #36
9	--	1.993622	1.342416	10	1.34242	1

test #37
9	--	1.336004	3.016167	8	1.336	1
8	--	1.341699	1.424021	7	2.6777	2
7	--	1.07902	0.461997	8	3.1397	3
8	--	1.209124	0.523695	9	3.6634	4
9	--	1.103443	1.064648	10	4.72805	5

test #38
9	--	3.067396	1.109987	10	1.10999	1

test #39
9	--	1.44128	1.044635	10	1.04463	1

test #40
9	--	1.281064	1.280075	10	1.28008	1

test #41
9	--	2.501362	2.49061	10	2.49061	1

test #42
9	--	1.098865	3.240859	8	1.09886	1
8	--	1.212247	1.126024	9	2.22488	2
9	--	1.516115	2.398746	8	3.741	3
8	--	1.620829	0.656359	9	4.39736	4
9	--	1.899635	2.052443	8	6.29699	5
8	--	1.28142	0.564938	9	6.86193	6
9	--	1.590955	1.093917	10	7.95585	7

test #43
9	--	2.645795	1.646878	10	1.64688	1

test #44
9	--	1.307165	2.916431	8	1.30716	1
8	--	0.837281	1.363238	7	2.14444	2
7	--	0.589747	1.141352	6	2.73419	3
6	--	0.545337	0.555369	5	3.27953	4
5	--	0.655955	1.055964	4	3.93548	5
4	--	0.398265	0.361809	5	4.29729	6
5	--	1.083833	1.113955	4	5.38112	7
4	--	0.40109	1.235752	3	5.78221	8
3	--	0.946407	0.563929	4	6.34614	9
4	--	0.578664	1.198606	3	6.9248	10
3	--	1.199841	1.036803	4	7.9616	11
4	--	1.132879	0.431006	5	8.39261	12
5	--	0.363547	0.510519	4	8.75616	13
4	--	0.766414	0.365883	5	9.12204	14
5	--	0.86777	0.728766	6	9.85081	15
6	--	0.467003	0.459284	7	10.31009	16
7	--	1.196153	0.883424	8	11.19351	17
8	--	1.694494	1.57545	9	12.76896	18
9	--	1.351622	1.188909	10	13.95787	19

test #45
9	--	1.404913	2.360876	8	1.40491	1
8	--	1.375077	1.36514	9	2.77005	2
9	--	2.018266	2.267226	8	4.78832	3
8	--	0.870574	0.794997	9	5.58332	4
9	--	2.075777	1.187959	10	6.77128	5

test #46
9	--	1.652121	1.959098	8	1.65212	1
8	--	1.207246	0.547044	9	2.19916	2
9	--	1.659331	0.988343	10	3.1875	3

test #47
9	--	2.88733	2.373932	10	2.37393	1

test #48
9	--	1.683703	3.156775	8	1.6837	1
8	--	1.084538	0.714876	9	2.39858	2
9	--	1.33663	1.323347	10	3.72193	3

test #49
9	--	3.235462	2.335024	10	2.33502	1

test #50
9	--	2.831902	2.780866	10	2.78087	1

test #51
9	--	2.225259	1.861678	10	1.86168	1

test #52
9	--	1.935874	0.999887	10	0.99989	1

test #53
9	--	1.008584	1.841219	8	1.00858	1
8	--	1.497357	1.397259	9	2.40584	2
9	--	2.718415	1.589041	10	3.99488	3

test #54
9	--	1.07475	2.158313	8	1.07475	1
8	--	0.840176	0.815788	9	1.89054	2
9	--	3.121964	1.322381	10	3.21292	3

test #55
9	--	2.920777	2.110282	10	2.11028	1

test #56
9	--	2.050219	1.219031	10	1.21903	1

test #57
9	--	1.88466	1.563081	10	1.56308	1

test #58
9	--	3.168992	1.013139	10	1.01314	1

test #59
9	--	2.115227	2.681494	8	2.11523	1
8	--	1.672435	0.875118	9	2.99035	2
9	--	1.843964	1.143487	10	4.13384	3

test #60
9	--	1.674969	2.255455	8	1.67497	1
8	--	0.782875	0.569657	9	2.24463	2
9	--	2.169712	1.738281	10	3.98291	3

test #61
9	--	3.092215	2.727964	10	2.72796	1

test #62
9	--	0.9547	1.433883	8	0.9547	1
8	--	0.541118	1.378685	7	1.49582	2
7	--	0.456507	0.635255	6	1.95233	3
6	--	0.906659	0.54259	7	2.49492	4
7	--	0.491205	0.535112	6	2.98613	5
6	--	1.105961	1.126451	5	4.09209	6
5	--	0.491568	0.615038	4	4.58366	7
4	--	0.769334	0.410385	5	4.99404	8
5	--	0.429706	0.946528	4	5.42375	9
4	--	0.518574	0.9783	3	5.94232	10
3	--	0.669431	0.726174	2	6.61175	11
2	--	0.973458	0.938531	3	7.55028	12
3	--	0.443578	1.368984	2	7.99386	13
2	--	1.574256	0.794145	3	8.788	14
3	--	1.116458	0.859466	4	9.64747	15
4	--	0.518855	0.362085	5	10.00955	16
5	--	0.987046	0.447614	6	10.45716	17
6	--	0.410623	0.765933	5	10.86778	18
5	--	0.441025	0.407504	6	11.27528	19
6	--	0.416642	0.80338	5	11.69192	20
5	--	0.38859	0.388692	4	12.08051	21
4	--	0.384379	0.532212	3	12.46489	22
3	--	1.180175	0.882399	4	13.34729	23
4	--	0.66431	0.834561	3	14.0116	24
3	--	0.92336	0.732906	4	14.74451	25
4	--	0.360534	1.230319	3	15.10504	26
3	--	0.804872	0.545898	4	15.65094	27
4	--	0.887201	0.402802	5	16.05374	28
5	--	1.083568	0.463627	6	16.51737	29
6	--	0.733182	0.430061	7	16.94743	30
7	--	0.920653	0.563712	8	17.51114	31
8	--	1.234476	1.737522	7	18.74562	32
7	--	1.220784	0.71685	8	19.46247	33
8	--	1.741796	1.442065	9	20.90453	34
9	--	0.973458	2.628253	8	21.87799	35
8	--	0.795341	0.582631	9	22.46062	36
9	--	1.832712	1.688533	10	24.14915	37

test #63
9	--	1.006674	2.087108	8	1.00667	1
8	--	0.53495	0.616265	7	1.54162	2
7	--	0.62616	0.483851	8	2.02547	3
8	--	1.389969	0.648576	9	2.67405	4
9	--	2.099244	2.663218	8	4.77329	5
8	--	1.349516	0.708862	9	5.48215	6
9	--	1.482358	1.762175	8	6.96451	7
8	--	1.610105	1.017952	9	7.98246	8
9	--	1.270341	1.090312	10	9.07277	9

test #64
9	--	1.770515	1.25424	10	1.25424	1

test #65
9	--	1.940298	2.478607	8	1.9403	1
8	--	1.215943	1.655165	7	3.15624	2
7	--	0.420313	1.255598	6	3.57655	3
6	--	0.553661	0.652884	5	4.13021	4
5	--	0.36347	0.813457	4	4.49368	5
4	--	1.075267	0.469904	5	4.96358	6
5	--	0.342939	0.824616	4	5.30652	7
4	--	0.924717	0.491683	5	5.7982	8
5	--	0.839792	0.751186	6	6.54939	9
6	--	0.689793	1.134452	5	7.23918	10
5	--	1.095352	0.408755	6	7.64793	11
6	--	0.343385	0.383945	5	7.99131	12
5	--	0.47394	0.48511	4	8.46525	13
4	--	0.490721	1.016292	3	8.95597	14
3	--	0.605924	1.416224	2	9.56189	15
2	--	1.168582	1.149214	3	10.7111	16
3	--	1.043853	0.70048	4	11.41158	17
4	--	0.461913	0.390401	5	11.80198	18
5	--	1.025539	0.516232	6	12.31821	19
6	--	0.427849	0.379918	7	12.69813	20
7	--	0.717892	1.082731	6	13.41602	21
6	--	0.509245	0.886054	5	13.92526	22
5	--	0.836019	0.840833	4	14.76128	23
4	--	0.830927	0.603023	5	15.3643	24
5	--	1.046053	0.957304	6	16.3216	25
6	--	0.840954	0.766673	7	17.08827	26
7	--	0.681193	0.429417	8	17.51769	27
8	--	1.342219	1.344273	7	18.85991	28
7	--	1.028807	0.678503	8	19.53841	29
8	--	1.159234	0.533361	9	20.07177	30
9	--	1.074827	1.430139	8	21.1466	31
8	--	0.587227	1.651162	7	21.73383	32
7	--	0.586949	0.478848	8	22.21268	33
8	--	1.726613	1.368905	9	23.58159	34
9	--	1.576565	1.422911	10	25.0045	35

test #66
9	--	2.744826	1.933223	10	1.93322	1

test #67
9	--	2.28468	1.308885	10	1.30889	1

test #68
9	--	1.023337	1.400329	8	1.02334	1
8	--	0.974042	0.733792	9	1.75713	2
9	--	0.928691	2.12144	8	2.68582	3
8	--	1.687378	0.701885	9	3.3877	4
9	--	2.088477	1.552028	10	4.93973	5

test #69
9	--	1.722929	1.452077	10	1.45208	1

test #70
9	--	1.268367	1.395608	8	1.26837	1
8	--	0.805008	1.800132	7	2.07338	2
7	--	0.720082	0.6076	8	2.68098	3
8	--	0.841993	1.692582	7	3.52297	4
7	--	0.567589	0.469838	8	3.99281	5
8	--	1.075292	0.924813	9	4.91762	6
9	--	2.290513	2.34491	8	7.20813	7
8	--	0.535768	1.852701	7	7.7439	8
7	--	0.540736	0.87538	6	8.28464	9
6	--	0.974793	1.143219	5	9.25943	10
5	--	0.605481	0.379496	6	9.63893	11
6	--	1.096474	0.470081	7	10.10901	12
7	--	1.412707	1.005711	8	11.11472	13
8	--	1.157749	1.421547	7	12.27247	14
7	--	0.976432	0.442404	8	12.71487	15
8	--	0.938959	0.894675	9	13.60954	16
9	--	2.25213	1.99211	10	15.60165	17

test #71
9	--	1.319741	1.172883	10	1.17288	1

test #72
9	--	1.264244	1.352389	8	1.26424	1
8	--	1.069197	0.526034	9	1.79027	2
9	--	2.307533	2.305326	10	4.0956	3

test #73
9	--	1.764329	2.891978	8	1.76433	1
8	--	1.373015	0.698981	9	2.46331	2
9	--	2.144567	2.080472	10	4.54378	3

test #74
9	--	1.827336	1.475108	10	1.47511	1

test #75
9	--	2.27476	1.04776	10	1.04776	1

test #76
9	--	2.01921	1.671435	10	1.67144	1

test #77
9	--	2.125379	2.803518	8	2.12538	1
8	--	0.925379	1.238244	7	3.05076	2
7	--	1.313264	0.968109	8	4.01887	3
8	--	0.781112	1.148637	7	4.79998	4
7	--	0.699672	0.546343	8	5.34632	5
8	--	0.631668	0.51328	9	5.8596	6
9	--	1.916161	2.583349	8	7.77576	7
8	--	0.778806	0.916918	7	8.55457	8
7	--	0.455781	1.104373	6	9.01035	9
6	--	0.460175	0.668043	5	9.47053	10
5	--	0.355691	1.120046	4	9.82622	11
4	--	0.871863	0.360491	5	10.18671	12
5	--	0.748011	0.641878	6	10.82859	13
6	--	0.649223	1.008458	5	11.47781	14
5	--	0.44332	0.428424	6	11.90623	15
6	--	0.847996	0.50945	7	12.41568	16
7	--	0.77519	0.626083	8	13.04176	17
8	--	1.605608	1.678926	7	14.64737	18
7	--	0.557945	0.434631	8	15.082	19
8	--	1.303797	1.039166	9	16.12117	20
9	--	0.928446	1.181033	8	17.04962	21
8	--	0.99791	0.660501	9	17.71012	22
9	--	2.356973	3.100907	8	20.06709	23
8	--	1.578691	1.138586	9	21.20568	24
9	--	1.068641	1.864471	8	22.27432	25
8	--	1.058856	1.684109	7	23.33318	26
7	--	1.004226	0.575821	8	23.909	27
8	--	1.000605	1.139788	7	24.9096	28
7	--	1.06798	1.016463	8	25.92606	29
8	--	1.030311	0.704525	9	26.63058	30
9	--	2.676019	2.354327	10	28.98491	31

test #78
9	--	1.895441	1.553604	10	1.5536	1

test #79
9	--	0.943808	1.851099	8	0.94381	1
8	--	1.56786	0.578588	9	1.5224	2
9	--	2.119693	1.392364	10	2.91476	3

test #80
9	--	1.784659	2.08491	8	1.78466	1
8	--	0.852004	0.561663	9	2.34632	2
9	--	1.519796	1.762959	8	3.86612	3
8	--	0.627973	0.901702	7	4.49409	4
7	--	1.358673	0.94241	8	5.4365	5
8	--	1.305567	1.469351	7	6.74207	6
7	--	1.012906	1.146293	6	7.75498	7
6	--	0.944019	0.944093	5	8.699	8
5	--	0.692392	1.104113	4	9.39139	9
4	--	0.928873	1.093753	3	10.32026	10
3	--	1.205479	0.884851	4	11.20511	11
4	--	1.088913	1.040552	5	12.24566	12
5	--	1.175513	1.153785	6	13.39945	13
6	--	1.049593	0.435295	7	13.83474	14
7	--	0.587179	0.898507	6	14.42192	15
6	--	0.696676	0.629935	7	15.05186	16
7	--	1.228537	1.360979	6	16.2804	17
6	--	0.469623	0.769023	5	16.75002	18
5	--	0.669842	0.84792	4	17.41986	19
4	--	1.007883	0.438159	5	17.85802	20
5	--	0.427715	0.481565	4	18.28574	21
4	--	0.442054	0.506059	3	18.72779	22
3	--	0.777794	0.91907	2	19.50558	23
2	--	0.591842	1.794563	1	20.09742	24
1	--	1.330071	1.827773	0	21.42749	25

test #81
9	--	1.535496	2.980314	8	1.5355	1
8	--	0.817224	1.314736	7	2.35272	2
7	--	1.19701	1.012864	8	3.36558	3
8	--	1.59491	0.670054	9	4.03563	4
9	--	2.052375	1.350875	10	5.38651	5

test #82
9	--	2.020787	2.42513	8	2.02079	1
8	--	0.559584	0.96884	7	2.58037	2
7	--	0.841968	0.92548	6	3.42234	3
6	--	0.836736	0.638942	7	4.06128	4
7	--	0.81764	0.849043	6	4.87892	5
6	--	0.888213	0.896316	5	5.76713	6
5	--	0.92346	0.565719	6	6.33285	7
6	--	0.523127	0.598555	5	6.85598	8
5	--	0.68012	0.642292	6	7.49827	9
6	--	0.462598	0.49416	5	7.96087	10
5	--	0.841547	0.991071	4	8.80242	11
4	--	0.829427	0.936535	3	9.63185	12
3	--	0.776717	0.934521	2	10.40857	13
2	--	0.744632	1.355213	1	11.1532	14
1	--	2.345718	2.204487	2	13.35769	15
2	--	0.997885	0.981512	3	14.3392	16
3	--	1.102388	1.031181	4	15.37038	17
4	--	0.595841	1.114784	3	15.96622	18
3	--	0.946917	0.693533	4	16.65975	19
4	--	0.56268	0.899048	3	17.22243	20
3	--	0.546553	0.661502	2	17.76898	21
2	--	0.601666	1.151043	1	18.37065	22
1	--	1.276866	2.795836	0	19.64752	23

test #83
9	--	1.894597	1.529066	10	1.52907	1

test #84
9	--	3.026775	2.144561	10	2.14456	1

test #85
9	--	2.269934	1.134372	10	1.13437	1

test #86
9	--	1.525801	2.333391	8	1.5258	1
8	--	0.586256	0.583449	9	2.10925	2
9	--	0.978086	3.169624	8	3.08734	3
8	--	0.632624	1.197781	7	3.71996	4
7	--	0.963589	1.047548	6	4.68355	5
6	--	0.488543	0.895995	5	5.17209	6
5	--	0.688744	0.355408	6	5.5275	7
6	--	0.986265	0.580733	7	6.10823	8
7	--	0.443669	0.732592	6	6.5519	9
6	--	0.626479	0.365472	7	6.91737	10
7	--	0.430561	0.415298	8	7.33267	11
8	--	1.390859	1.447165	7	8.72353	12
7	--	0.532163	1.054586	6	9.25569	13
6	--	0.813538	0.623683	7	9.87937	14
7	--	0.776715	0.488062	8	10.36743	15
8	--	1.72303	0.784149	9	11.15158	16
9	--	3.073622	3.23573	8	14.2252	17
8	--	0.861282	1.073603	7	15.08648	18
7	--	1.238789	0.91145	8	15.99793	19
8	--	0.97804	1.47875	7	16.97597	20
7	--	1.249179	0.563087	8	17.53906	21
8	--	1.130506	1.045225	9	18.58429	22
9	--	1.276691	2.971398	8	19.86098	23
8	--	1.154586	0.569385	9	20.43037	24
9	--	2.587108	2.55437	10	22.98474	25

test #87
9	--	1.031202	1.563817	8	1.0312	1
8	--	1.280839	1.171842	9	2.20304	2
9	--	1.110376	1.049558	10	3.2526	3

test #88
9	--	1.997321	2.685213	8	1.99732	1
8	--	0.943271	1.575453	7	2.94059	2
7	--	1.358717	0.883424	8	3.82401	3
8	--	0.709334	1.274411	7	4.53334	4
7	--	0.68122	1.236445	6	5.21456	5
6	--	0.841204	0.902657	5	6.05576	6
5	--	0.330974	0.985276	4	6.38673	7
4	--	0.943594	0.916595	5	7.30333	8
5	--	0.409998	1.042592	4	7.71333	9
4	--	1.165785	0.480596	5	8.19393	10
5	--	0.481295	0.418714	6	8.61264	11
6	--	0.955418	1.178761	5	9.56806	12
5	--	1.109763	1.004191	6	10.57225	13
6	--	0.982153	0.691627	7	11.26388	14
7	--	0.834869	1.207568	6	12.09875	15
6	--	0.535154	1.067147	5	12.6339	16
5	--	1.050093	0.465132	6	13.09903	17
6	--	1.192566	0.400912	7	13.49994	18
7	--	0.488784	1.157815	6	13.98872	19
6	--	0.644888	0.706621	5	14.63361	20
5	--	0.762938	0.623246	6	15.25686	21
6	--	0.7001	0.350914	7	15.60777	22
7	--	0.835798	0.467331	8	16.0751	23
8	--	0.936364	1.444116	7	17.01146	24
7	--	0.917956	0.482248	8	17.49371	25
8	--	0.621777	0.746657	7	18.11549	26
7	--	0.936148	0.444281	8	18.55977	27
8	--	1.740232	1.807801	7	20.3	28
7	--	1.340482	0.393519	8	20.69352	29
8	--	1.06186	1.343433	7	21.75538	30
7	--	0.752488	1.158918	6	22.50787	31
6	--	0.729655	0.53466	7	23.04253	32
7	--	0.630932	0.943836	6	23.67346	33
6	--	0.951585	0.605265	7	24.27873	34
7	--	1.23534	0.732227	8	25.01096	35
8	--	0.721542	1.228182	7	25.7325	36
7	--	0.559594	0.849078	6	26.29209	37
6	--	0.484319	0.889533	5	26.77641	38
5	--	0.384813	0.366895	6	27.14331	39
6	--	0.99534	0.495329	7	27.63864	40
7	--	1.405792	0.905589	8	28.54423	41
8	--	1.068942	0.563606	9	29.10784	42
9	--	1.866047	1.030251	10	30.13809	43

test #89
9	--	1.95329	1.839352	10	1.83935	1

test #90
9	--	1.342244	1.869111	8	1.34224	1
8	--	1.064864	0.547565	9	1.8898	2
9	--	1.899658	1.28422	10	3.17402	3

test #91
9	--	2.275872	1.71267	10	1.71267	1

test #92
9	--	1.252048	1.716501	8	1.25205	1
8	--	1.676261	1.494328	9	2.74638	2
9	--	1.315676	0.94114	10	3.68752	3

test #93
9	--	1.804199	1.492585	10	1.49259	1

test #94
9	--	1.316578	2.735302	8	1.31658	1
8	--	1.165859	0.849509	9	2.16609	2
9	--	1.473944	0.944375	10	3.11046	3

test #95
9	--	2.383836	1.183079	10	1.18308	1

test #96
9	--	0.930667	1.705811	8	0.93067	1
8	--	1.261921	1.246943	9	2.17761	2
9	--	2.332988	1.740292	10	3.9179	3

test #97
9	--	1.691435	2.081164	8	1.69144	1
8	--	0.836635	1.391487	7	2.52808	2
7	--	1.244129	1.106572	8	3.63465	3
8	--	0.848705	0.904877	7	4.48336	4
7	--	0.519403	1.380509	6	5.00276	5
6	--	0.526036	0.561992	5	5.5288	6
5	--	0.621845	0.568772	6	6.09757	7
6	--	0.410065	1.144607	5	6.50764	8
5	--	0.390505	0.71311	4	6.89814	9
4	--	0.585739	0.866207	3	7.48388	10
3	--	0.765776	1.280027	2	8.24966	11
2	--	0.949085	0.820365	3	9.07003	12
3	--	1.361607	1.227424	4	10.29745	13
4	--	0.76696	0.488995	5	10.78645	14
5	--	0.623601	0.472729	6	11.25918	15
6	--	0.794525	0.911769	5	12.05371	16
5	--	0.747088	0.83019	4	12.8008	17
4	--	0.46084	0.454755	5	13.25556	18
5	--	0.632053	0.916426	4	13.88761	19
4	--	0.545177	1.173248	3	14.43279	20
3	--	0.786718	0.99346	2	15.21951	21
2	--	0.822855	0.561885	3	15.78139	22
3	--	0.768799	0.853723	2	16.55019	23
2	--	0.644007	1.121129	1	17.1942	24
1	--	2.139843	2.741688	0	19.33404	25

test #98
9	--	2.490718	1.131282	10	1.13128	1

test #99
9	--	3.255666	1.294875	10	1.29487	1
